,,,,앤드피스,,,CAM 압입 (최고압입력kN/최종압입력kN/판정),,,,,,,,,,,,,,,,,,,,,,,,,,,CAM 토크(N.m)/위상각도(도)/가공여유 검사,
바코드,모델명,라인/장비/팔레트,일시,최종위치(mm)/압입력(kN)/판정,,,CAM1,,,CAM2,,,CAM3,,,CAM4,,,CAM5,,,CAM6,,,CAM7,,,CAM8,,,CAM9,,,CAM1,,,,,CAM2,,,,,CAM3,,,,,CAM4,,,,,CAM5,,,,,CAM6,,,,,CAM7,,,,,CAM8,,,CAM9,,,,,
2410120001C,NEW KAPPAEX1.0,CM1P3,2024-10-11 23:51:12,18.693,27.5,OK,23.2,22.99,OK,22.22,21.78,OK,23.95,23.76,OK,21.45,20.96,OK,21.62,21.57,OK,22.32,21.92,OK,24.09,23.9,OK,0,0,,0,0,,5.79,OK,7.06,OK,6.65,OK,6.56,OK,6.57,OK,6.66,OK,6.95,OK,0,,0,,6.86,OK,6.49,OK,6.24,OK,6.5,OK,6.4,OK,6.33,OK,6.21,OK,0,,0,,,,53.66,OK,,,,56.08,NG,,,,-293.7,OK,,,,-292.79,OK,,,,173.29,OK,,,,172.18,OK,,,,,,,,,,,,,,,,,
2410120002C,NEW KAPPAEX1.0,CM2P9,2024-10-11 23:51:57,18.698,26.13,OK,22.08,21.98,OK,22.54,22.05,OK,23.59,23.13,OK,22.73,22.5,OK,22.54,22.54,OK,21.91,21.61,OK,22.31,22.1,OK,0,0,,0,0,,15.36,OK,15.36,OK,15.36,OK,15.36,OK,15.36,OK,15.36,OK,15.36,OK,0,,0,,15.36,OK,15.36,OK,15.36,OK,15.36,OK,15.36,OK,15.36,OK,15.36,OK,0,,0,,,,53.08,OK,,,,53.58,OK,,,,-292.64,OK,,,,-292.47,OK,,,,173.2,OK,,,,172.32,OK,,,,,,,,,,,,,,,,,
2410120003C,NEW KAPPAEX1.0,CM3P7,2024-10-11 23:52:46,18.688,26.6,OK,33.94,33.42,OK,32.02,31.61,OK,31.88,31.5,OK,30.68,29.98,OK,30.73,30.66,OK,30.14,29.62,OK,30.03,29.67,OK,0,0,,0,0,,0,OK,0,OK,0,OK,0,OK,0,OK,0,OK,0,OK,0,,0,,0,OK,0,OK,0,OK,0,OK,0,OK,0,OK,0,OK,0,,0,,,,53,OK,,,,53.96,OK,,,,-292.15,OK,,,,-292.41,OK,,,,171.77,OK,,,,172.43,OK,,,,,,,,,,,,,,,,,
2410120004C,NEW KAPPAEX1.0,CM5P8,2024-10-11 23:53:32,18.699,26.41,OK,19.62,19.19,OK,20.09,19.69,OK,19.9,19.43,OK,19.43,19.02,OK,20.33,19.97,OK,21.53,21.22,OK,19.76,19.4,OK,0,0,,0,0,,1.97,OK,2.17,OK,2.13,OK,2.11,OK,2.13,OK,2.15,OK,2.13,OK,0,,0,,2.45,OK,2.28,OK,2.32,OK,2.34,OK,2.39,OK,2.36,OK,2.24,OK,0,,0,,,,53.28,OK,,,,53.41,OK,,,,-292.15,OK,,,,-292.99,OK,,,,171.17,OK,,,,171.49,OK,,,,,,,,,,,,,,,,,
2410120005C,NEW KAPPAEX1.0,CM4P6,2024-10-11 23:54:17,18.696,26.57,OK,26.54,26.28,OK,24.48,24.12,OK,25,24.3,OK,24.52,24.34,OK,25.31,25.14,OK,23.97,23.68,OK,23.79,23.29,OK,0,0,,0,0,,0,OK,0,OK,0,OK,0,OK,0,OK,0,OK,0,OK,0,,0,,0,OK,0,OK,0,OK,0,OK,0,OK,0,OK,0,OK,0,,0,,,,52.63,OK,,,,52.94,OK,,,,-293.49,OK,,,,-292.58,OK,,,,172.96,OK,,,,173.77,OK,,,,,,,,,,,,,,,,,
2410120006C,NEW KAPPAEX1.0,CM1P5,2024-10-11 23:55:06,18.697,26.02,OK,24.25,24.04,OK,23.06,22.39,OK,22.99,22.81,OK,21.71,21.27,OK,22.83,22.62,OK,23.32,22.69,OK,22.57,22.29,OK,0,0,,0,0,,6.05,OK,6.52,OK,6.57,OK,6.48,OK,7.35,OK,6.86,OK,6.71,OK,0,,0,,5.97,OK,6.46,OK,6.67,OK,6.86,OK,6.46,OK,6.48,OK,6.56,OK,0,,0,,,,53.76,OK,,,,53.66,OK,,,,-292.82,OK,,,,-293.26,OK,,,,173.99,OK,,,,174.24,OK,,,,,,,,,,,,,,,,,
2410120007C,NEW KAPPAEX1.0,CM2P1,2024-10-11 23:55:55,18.688,26.8,OK,23.76,23.64,OK,23.27,22.96,OK,23.66,23.34,OK,22.78,22.45,OK,23.17,23.13,OK,21.84,21.61,OK,22.19,21.98,OK,0,0,,0,0,,15.36,OK,15.36,OK,15.36,OK,15.36,OK,15.36,OK,15.36,OK,15.36,OK,0,,0,,15.36,OK,15.36,OK,15.36,OK,15.36,OK,15.36,OK,15.36,OK,15.36,OK,0,,0,,,,53.78,OK,,,,52.64,OK,,,,-292.41,OK,,,,-291.31,OK,,,,172.91,OK,,,,171.3,OK,,,,,,,,,,,,,,,,,
2410120008C,NEW KAPPAEX1.0,CM3P4,2024-10-11 23:56:40,18.688,27.17,OK,32.13,31.66,OK,31.88,30.55,OK,31.3,30.96,OK,32.29,31.48,OK,30.14,29.85,OK,29.91,29.51,OK,29.3,28.69,OK,0,0,,0,0,,0,OK,0,OK,0,OK,0,OK,0,OK,0,OK,0,OK,0,,0,,0,OK,0,OK,0,OK,0,OK,0,OK,0,OK,0,OK,0,,0,,,,54.07,OK,,,,52.5,OK,,,,-292.67,OK,,,,-292.6,OK,,,,172.46,OK,,,,172.67,OK,,,,,,,,,,,,,,,,,
2410120009C,NEW KAPPAEX1.0,CM5P2,2024-10-11 23:57:29,18.687,27.11,OK,19.26,18.9,OK,19.95,19.57,OK,20.07,19.47,OK,19.57,19.23,OK,19.95,19.52,OK,21.31,20.79,OK,20.48,20.14,OK,0,0,,0,0,,1.93,OK,2.13,OK,2.11,OK,2.12,OK,2.11,OK,2.15,OK,2.12,OK,0,,0,,2.42,OK,2.3,OK,2.33,OK,2.36,OK,2.38,OK,2.46,OK,2.23,OK,0,,0,,,,53.95,OK,,,,54.03,OK,,,,-292.52,OK,,,,-293.26,OK,,,,172.6,OK,,,,171.58,OK,,,,,,,,,,,,,,,,,
2410120011C,NEW KAPPAEX1.0,CM1P9,2024-10-12 00:01:10,18.69,26.58,OK,22.39,22.25,OK,22.97,22.5,OK,23.27,23.09,OK,21.1,20.52,OK,22.5,22.27,OK,21.06,20.61,OK,23.39,23.04,OK,0,0,,0,0,,5.62,OK,6.43,OK,6.81,OK,6.6,OK,6.68,OK,6.59,OK,7.11,OK,0,,0,,6.16,OK,7.18,OK,6.26,OK,6.27,OK,6.39,OK,6.84,OK,6.18,OK,0,,0,,,,54.76,OK,,,,53.79,OK,,,,-294.79,OK,,,,-293.66,OK,,,,172.33,OK,,,,173.17,OK,,,,,,,,,,,,,,,,,
2410120012C,NEW KAPPAEX1.0,CM2P7,2024-10-12 00:01:59,18.698,27.5,OK,23.71,23.52,OK,23.08,22.45,OK,25.25,24.95,OK,21.8,21.47,OK,22.47,22.4,OK,21.89,21.45,OK,22.59,22.43,OK,0,0,,0,0,,15.36,OK,15.36,OK,15.36,OK,15.36,OK,15.36,OK,15.36,OK,15.36,OK,0,,0,,15.36,OK,15.36,OK,15.36,OK,15.36,OK,15.36,OK,15.36,OK,15.36,OK,0,,0,,,,55.07,OK,,,,53.5,OK,,,,-292.42,OK,,,,-292.53,OK,,,,172.5,OK,,,,173.29,OK,,,,,,,,,,,,,,,,,
2410120013C,,C,2024-10-12 00:02:44,18.684,28.28,OK,,,,,,,,,,,,,,,,,,,,,,,,,,,,,,,,,,,,,,,,,,,,,,,,,,,,,,,,,,,,,,,,,,52.21,OK,,,,52.73,OK,,,,-292.68,OK,,,,-292.07,OK,,,,173.27,OK,,,,173.31,OK,,,,,,,,,,,,,,,,,
2410120014C,NEW KAPPAEX1.0,CM5P6,2024-10-12 00:03:33,18.68,26.53,OK,20.57,20.4,OK,22.05,21.89,OK,20.57,20.19,OK,19.04,18.73,OK,20.67,20.17,OK,21.05,20.5,OK,18.85,18.37,OK,0,0,,0,0,,1.92,OK,2.09,OK,2.12,OK,2.08,OK,2.08,OK,2.1,OK,2.08,OK,0,,0,,2.44,OK,2.35,OK,2.35,OK,2.27,OK,2.32,OK,2.35,OK,2.24,OK,0,,0,,,,54,OK,,,,53.15,OK,,,,-293.45,OK,,,,-293.16,OK,,,,173.3,OK,,,,172.78,OK,,,,,,,,,,,,,,,,,
2410120015C,NEW KAPPAEX1.0,CM4P5,2024-10-12 00:04:22,18.695,28.01,OK,27.31,26.59,OK,23.84,23.6,OK,25.99,25,OK,24.04,23.6,OK,25.66,25.44,OK,24.65,24.32,OK,24.98,24.43,OK,0,0,,0,0,,0,OK,0,OK,0,OK,0,OK,0,OK,0,OK,0,OK,0,,0,,0,OK,0,OK,0,OK,0,OK,0,OK,0,OK,0,OK,0,,0,,,,54.08,OK,,,,53.53,OK,,,,-293.22,OK,,,,-291.99,OK,,,,172.63,OK,,,,172.03,OK,,,,,,,,,,,,,,,,,
2410120016C,NEW KAPPAEX1.0,CM1P1,2024-10-12 00:08:35,18.694,26.55,OK,22.69,22.62,OK,22.99,22.43,OK,22.08,21.94,OK,22.18,21.59,OK,23.02,22.99,OK,22.83,22.29,OK,23.16,22.83,OK,0,0,,0,0,,5.78,OK,6.52,OK,6.44,OK,6.5,OK,7.2,OK,6.91,OK,6.78,OK,0,,0,,6.05,OK,6.81,OK,6.59,OK,7.37,OK,6.37,OK,6.35,OK,6.38,OK,0,,0,,,,53.82,OK,,,,54.08,OK,,,,-293.99,OK,,,,-294.56,OK,,,,173,OK,,,,173.75,OK,,,,,,,,,,,,,,,,,
2410120017C,NEW KAPPAEX1.0,CM2P4,2024-10-12 00:15:47,18.684,26.12,OK,23.15,22.99,OK,22.96,22.78,OK,24.5,24.15,OK,22.24,22.1,OK,22.78,22.78,OK,22.52,22.03,OK,22.87,22.66,OK,0,0,,0,0,,15.36,OK,15.36,OK,15.36,OK,15.36,OK,15.36,OK,15.36,OK,15.36,OK,0,,0,,15.36,OK,15.36,OK,15.36,OK,15.36,OK,15.36,OK,15.36,OK,15.36,OK,0,,0,,,,53.83,OK,,,,51.85,OK,,,,-292.26,OK,,,,-291.33,OK,,,,171.29,OK,,,,172.09,OK,,,,,,,,,,,,,,,,,
2410120001D,ATKINSON 3.8 OCV,DM1P3,2024-10-12 00:20:51,18.993,23.62,OK,24.85,24.61,OK,27.73,27.64,OK,24.76,24.54,OK,26.32,26.18,OK,25.87,25.82,OK,25.75,25.71,OK,25.39,25.33,OK,0,0,,0,0,,11.43,OK,11.37,OK,11.34,OK,11.34,OK,11.47,OK,11.51,OK,11.46,OK,0,,0,,9.93,OK,9.87,OK,10.06,OK,10.1,OK,10.16,OK,10.15,OK,10.06,OK,0,,0,,,,82.61,OK,,,,81.91,OK,,,,158.03,OK,,,,157.99,OK,,,,37.77,OK,,,,37.88,OK,,,,,,,,,,,,,,,,,
2410120002D,ATKINSON 3.8 OCV,DM2P5,2024-10-12 00:21:43,18.994,24.78,OK,29.13,29.06,OK,22.98,22.93,OK,24.58,24.48,OK,25.16,25.09,OK,26.54,26.47,OK,24.85,24.82,OK,23.63,23.59,OK,0,0,,0,0,,11.2,OK,10.75,OK,10.78,OK,10.81,OK,10.8,OK,10.82,OK,10.81,OK,0,,0,,10.1,OK,10.02,OK,9.93,OK,10,OK,10.07,OK,9.96,OK,9.87,OK,0,,0,,,,82.23,OK,,,,81.78,OK,,,,157.97,OK,,,,158.41,OK,,,,38.13,OK,,,,38.05,OK,,,,,,,,,,,,,,,,,
2410120003D,ATKINSON 3.8 OCV,DM3P9,2024-10-12 00:22:38,18.99,24.93,OK,26.58,26.52,OK,24.87,24.82,OK,24.61,24.36,OK,23.22,23.2,OK,25.96,25.91,OK,26,25.91,OK,25.12,25.08,OK,0,0,,0,0,,11.25,OK,11.45,OK,11.56,OK,11.58,OK,11.56,OK,11.47,OK,11.49,OK,0,,0,,12.88,OK,12.84,OK,12.78,OK,12.79,OK,12.9,OK,12.9,OK,12.76,OK,0,,0,,,,82.03,OK,,,,82.25,OK,,,,158.04,OK,,,,157.99,OK,,,,37.74,OK,,,,37.44,OK,,,,,,,,,,,,,,,,,
2410120005D,ATKINSON 3.8 OCV,DM4P4,2024-10-12 00:23:30,18.998,24.13,OK,24.61,24.54,OK,23.73,23.59,OK,23.29,22.94,OK,25.54,25.42,OK,25.54,25.4,OK,26.31,26.26,OK,24.68,24.61,OK,0,0,,0,0,,11.62,OK,11.94,OK,11.8,OK,11.94,OK,12.11,OK,12.13,OK,11.74,OK,0,,0,,12.46,OK,12.42,OK,12.22,OK,12.38,OK,12.4,OK,12.42,OK,12.23,OK,0,,0,,,,81.82,OK,,,,81.84,OK,,,,158.13,OK,,,,158.11,OK,,,,37.48,OK,,,,37.46,OK,,,,,,,,,,,,,,,,,
2410120006D,ATKINSON 3.8 OCV,DM1P1,2024-10-12 00:24:29,18.988,23.6,OK,25.01,24.72,OK,26.38,26.34,OK,24.02,23.75,OK,26.77,26.7,OK,25.6,25.55,OK,25.75,25.64,OK,24.18,24.13,OK,0,0,,0,0,,11.29,OK,11.44,OK,11.4,OK,11.39,OK,11.65,OK,11.36,OK,11.47,OK,0,,0,,9.83,OK,10.03,OK,9.93,OK,10.07,OK,9.97,OK,10.14,OK,9.83,OK,0,,0,,,,82.09,OK,,,,82.28,OK,,,,157.57,OK,,,,158.06,OK,,,,37.21,OK,,,,37.33,OK,,,,,,,,,,,,,,,,,
2410120007D,ATKINSON 3.8 OCV,DM2P6,2024-10-12 00:25:21,18.997,24.11,OK,26.06,25.96,OK,24.34,24.26,OK,25.33,25.14,OK,26.18,26.1,OK,25.38,25.35,OK,25.26,25.18,OK,26.25,26.18,OK,0,0,,0,0,,10.83,OK,11.21,OK,10.73,OK,10.75,OK,10.72,OK,10.73,OK,10.82,OK,0,,0,,10.06,OK,10.08,OK,9.93,OK,9.81,OK,9.85,OK,9.93,OK,9.93,OK,0,,0,,,,82.47,OK,,,,83.05,OK,,,,157.27,OK,,,,157.44,OK,,,,37.78,OK,,,,38.01,OK,,,,,,,,,,,,,,,,,
2410120008D,ATKINSON 3.8 OCV,DM3P2,2024-10-12 00:26:16,18.988,24.25,OK,26.93,26.91,OK,24.84,24.82,OK,26.75,26.49,OK,24.84,24.78,OK,26.65,26.61,OK,26.91,26.89,OK,25.45,25.42,OK,0,0,,0,0,,11.64,OK,11.78,OK,11.67,OK,11.36,OK,11.46,OK,11.59,OK,11.29,OK,0,,0,,12.74,OK,12.8,OK,12.81,OK,12.84,OK,12.82,OK,12.8,OK,12.81,OK,0,,0,,,,81.65,OK,,,,82.27,OK,,,,157.1,OK,,,,157.6,OK,,,,36.74,OK,,,,36.56,OK,,,,,,,,,,,,,,,,,
2410120009D,ATKINSON 3.8 OCV,DM4P3,2024-10-12 00:27:08,18.985,23.73,OK,24.08,23.99,OK,24.01,23.89,OK,23.78,23.38,OK,26.28,26.12,OK,25.59,25.42,OK,25.77,25.73,OK,24.98,24.87,OK,0,0,,0,0,,11.71,OK,11.95,OK,11.97,OK,11.94,OK,11.88,OK,11.96,OK,12.05,OK,0,,0,,12.34,OK,12.53,OK,12.37,OK,12.46,OK,12.39,OK,12.41,OK,11.97,OK,0,,0,,,,82.28,OK,,,,81.95,OK,,,,158.11,OK,,,,158.33,OK,,,,37.57,OK,,,,37.46,OK,,,,,,,,,,,,,,,,,
2410120018C,NEW KAPPAEX1.0,CM3P2,2024-10-12 00:27:20,18.694,27.85,OK,34.55,34.01,OK,32.79,32.11,OK,33.42,33.06,OK,32.04,31.54,OK,31.23,30.93,OK,31.66,31.02,OK,31.82,31.3,OK,0,0,,0,0,,0,OK,0,OK,0,OK,0,OK,0,OK,0,OK,0,OK,0,,0,,0,OK,0,OK,0,OK,0,OK,0,OK,0,OK,0,OK,0,,0,,,,53.35,OK,,,,53.79,OK,,,,-292.74,OK,,,,-293.99,OK,,,,172.77,OK,,,,172.15,OK,,,,,,,,,,,,,,,,,
2410120010D,ATKINSON 3.8 OCV,DM1P5,2024-10-12 00:28:00,18.992,25.4,OK,26.29,26.16,OK,27.06,26.97,OK,25.78,25.51,OK,26.52,26.43,OK,26.52,26.45,OK,26.02,25.98,OK,26.61,26.5,OK,0,0,,0,0,,11.44,OK,11.37,OK,11.51,OK,11.36,OK,11.45,OK,11.44,OK,11.45,OK,0,,0,,10.06,OK,10.18,OK,10.04,OK,10.16,OK,10.07,OK,10.24,OK,10.16,OK,0,,0,,,,82.13,OK,,,,81.77,OK,,,,157.65,OK,,,,157.75,OK,,,,37.45,OK,,,,37.37,OK,,,,,,,,,,,,,,,,,
2410120011D,ATKINSON 3.8 OCV,DM2P9,2024-10-12 00:28:55,18.998,25.25,OK,28.26,28.14,OK,23.95,23.88,OK,24.24,24,OK,26.08,26.01,OK,27.24,27.19,OK,25.77,25.72,OK,23.97,23.92,OK,0,0,,0,0,,10.75,OK,10.97,OK,11.43,OK,11.32,OK,10.91,OK,10.99,OK,10.84,OK,0,,0,,9.96,OK,9.95,OK,10.12,OK,10,OK,9.94,OK,9.96,OK,9.76,OK,0,,0,,,,81.53,OK,,,,82.13,OK,,,,158.31,OK,,,,158.48,OK,,,,38.31,OK,,,,37.71,OK,,,,,,,,,,,,,,,,,
2410120012D,ATKINSON 3.8 OCV,DM3P8,2024-10-12 00:29:51,18.988,25.08,OK,27,26.93,OK,26.1,26,OK,25.36,24.94,OK,25.49,25.45,OK,28.53,28.49,OK,26.68,26.68,OK,26.47,26.47,OK,0,0,,0,0,,11.83,OK,11.57,OK,11.64,OK,11.44,OK,11.8,OK,11.4,OK,11.39,OK,0,,0,,12.86,OK,12.78,OK,12.83,OK,12.83,OK,12.79,OK,12.79,OK,12.8,OK,0,,0,,,,81.47,OK,,,,81.78,OK,,,,157.6,OK,,,,158.06,OK,,,,36.71,OK,,,,36.92,OK,,,,,,,,,,,,,,,,,
2410120013D,ATKINSON 3.8 OCV,DM4P5,2024-10-12 00:30:43,18.99,24.77,OK,26.19,25.98,OK,23.8,23.73,OK,25.33,25.15,OK,26.24,26.24,OK,26.72,26.65,OK,25.47,25.36,OK,24.54,24.47,OK,0,0,,0,0,,11.64,OK,11.9,OK,11.92,OK,12.08,OK,11.88,OK,12,OK,12.09,OK,0,,0,,12.57,OK,12.54,OK,12.4,OK,12.43,OK,12.42,OK,12.39,OK,12.27,OK,0,,0,,,,81.68,OK,,,,82.11,OK,,,,157.74,OK,,,,158.27,OK,,,,37.58,OK,,,,37.71,OK,,,,,,,,,,,,,,,,,
2410120019C,NEW KAPPAEX1.0,CM5P3,2024-10-12 00:31:17,18.687,27.05,OK,21.67,21.31,OK,20,19.74,OK,20.57,20.07,OK,18.52,18.14,OK,22.32,21.89,OK,20.72,20.14,OK,19.74,19.4,OK,0,0,,0,0,,1.95,OK,2.06,OK,2.09,OK,2.06,OK,2.11,OK,2.11,OK,2.09,OK,0,,0,,2.44,OK,2.3,OK,2.34,OK,2.3,OK,2.41,OK,2.36,OK,2.29,OK,0,,0,,,,53.72,OK,,,,54.02,OK,,,,-293.07,OK,,,,-292.48,OK,,,,172.83,OK,,,,172.46,OK,,,,,,,,,,,,,,,,,
2410120014D,ATKINSON 3.8 OCV,DM1P1,2024-10-12 00:31:35,18.999,23.17,OK,24.29,24.2,OK,26.92,26.9,OK,26.92,26.65,OK,27.46,27.24,OK,25.15,25.12,OK,25.46,25.42,OK,24.74,24.7,OK,0,0,,0,0,,11.38,OK,11.42,OK,11.43,OK,11.4,OK,11.45,OK,11.47,OK,11.51,OK,0,,0,,9.92,OK,10.11,OK,9.98,OK,10.07,OK,10.22,OK,10.06,OK,10.12,OK,0,,0,,,,82.07,OK,,,,82.4,OK,,,,157.42,OK,,,,158.03,OK,,,,37.31,OK,,,,37.23,OK,,,,,,,,,,,,,,,,,
2410120015D,ATKINSON 3.8 OCV,DM2P6,2024-10-12 00:32:30,18.998,23.23,OK,27.03,26.95,OK,25.81,25.81,OK,23.76,23.66,OK,26.15,26.08,OK,25.57,25.55,OK,24.99,24.89,OK,24.09,24.05,OK,0,0,,0,0,,10.72,OK,10.78,OK,11.08,OK,10.71,OK,10.79,OK,10.82,OK,10.8,OK,0,,0,,9.97,OK,9.85,OK,9.83,OK,9.85,OK,9.89,OK,9.87,OK,9.83,OK,0,,0,,,,82.69,OK,,,,82.95,OK,,,,157.97,OK,,,,157.21,OK,,,,37.68,OK,,,,38.03,OK,,,,,,,,,,,,,,,,,
2410120016D,ATKINSON 3.8 OCV,DM3P2,2024-10-12 00:33:25,18.984,23.66,OK,26.58,26.45,OK,25.66,25.59,OK,25.68,25.26,OK,24.1,24.03,OK,27.07,27.05,OK,26.96,26.89,OK,26.7,26.68,OK,0,0,,0,0,,11.86,OK,11.62,OK,11.65,OK,11.63,OK,11.68,OK,11.3,OK,11.76,OK,0,,0,,12.74,OK,12.8,OK,12.83,OK,12.81,OK,12.79,OK,12.8,OK,12.82,OK,0,,0,,,,81.75,OK,,,,82.41,OK,,,,157.04,OK,,,,158.38,OK,,,,37.93,OK,,,,37.72,OK,,,,,,,,,,,,,,,,,
2410120017D,ATKINSON 3.8 OCV,DM4P3,2024-10-12 00:34:17,18.987,24.32,OK,24.22,24.08,OK,22.66,22.66,OK,24.52,24.06,OK,26.91,26.82,OK,25.68,25.59,OK,24.87,24.8,OK,24.84,24.84,OK,0,0,,0,0,,11.62,OK,11.86,OK,11.9,OK,11.95,OK,11.97,OK,11.96,OK,12.06,OK,0,,0,,12.49,OK,12.42,OK,12.54,OK,12.36,OK,12.36,OK,12.39,OK,12.38,OK,0,,0,,,,82.48,OK,,,,81.96,OK,,,,158.35,OK,,,,158.53,OK,,,,37.84,OK,,,,37.82,OK,,,,,,,,,,,,,,,,,
2410120018D,ATKINSON 3.8 OCV,DM1P5,2024-10-12 00:35:16,18.987,24.41,OK,24.94,24.63,OK,26.18,26.16,OK,25.06,24.76,OK,25.57,25.53,OK,25.44,25.44,OK,24.76,24.7,OK,24.74,24.65,OK,0,0,,0,0,,11.31,OK,11.42,OK,11.43,OK,11.47,OK,11.48,OK,11.45,OK,11.52,OK,0,,0,,9.9,OK,10.11,OK,10.06,OK,10.08,OK,10.16,OK,10.11,OK,10.09,OK,0,,0,,,,82.05,OK,,,,81.81,OK,,,,157.72,OK,,,,158.03,OK,,,,37.43,OK,,,,37.37,OK,,,,,,,,,,,,,,,,,
2410120004D,ATKINSON 3.8 OCV,DM5P8,2024-10-12 00:36:08,18.984,24.56,OK,25.43,25.43,OK,24.64,24.48,OK,24.2,23.81,OK,24.3,24.09,OK,23.97,23.93,OK,24.09,23.97,OK,24.11,23.93,OK,0,0,,0,0,,2.16,OK,2.63,OK,2.62,OK,2.63,OK,2.68,OK,2.66,OK,2.66,OK,0,,0,,0.84,OK,0.85,OK,0.82,OK,0.85,OK,0.84,OK,0.84,OK,0.85,OK,0,,0,,,,81.84,OK,,,,81.82,OK,,,,157.8,OK,,,,158.08,OK,,,,37.07,OK,,,,37.46,OK,,,,,,,,,,,,,,,,,
2410120019D,ATKINSON 3.8 OCV,DM2P9,2024-10-12 00:37:03,18.987,25.05,OK,27.75,27.68,OK,26.03,25.98,OK,24.99,24.87,OK,27.41,27.34,OK,26.49,26.47,OK,25.14,25.09,OK,24.65,24.58,OK,0,0,,0,0,,10.81,OK,10.69,OK,11.09,OK,10.75,OK,10.83,OK,10.81,OK,10.82,OK,0,,0,,10.03,OK,10.01,OK,10.01,OK,9.99,OK,9.94,OK,9.98,OK,9.98,OK,0,,0,,,,82.21,OK,,,,82.85,OK,,,,157.43,OK,,,,157.93,OK,,,,37.87,OK,,,,37.36,OK,,,,,,,,,,,,,,,,,
2410120010C,,C,2024-10-12 00:37:24,18.683,26.33,OK,,,,,,,,,,,,,,,,,,,,,,,,,,,,,,,,,,,,,,,,,,,,,,,,,,,,,,,,,,,,,,,,,,54.55,OK,,,,52.56,OK,,,,-292,OK,,,,-291.77,OK,,,,172,OK,,,,173.35,OK,,,,,,,,,,,,,,,,,
2410120020D,ATKINSON 3.8 OCV,DM3P8,2024-10-12 00:37:55,18.994,23.17,OK,25.98,25.89,OK,25.4,25.36,OK,24.91,24.61,OK,22.5,22.48,OK,25.96,25.87,OK,25.96,25.94,OK,25.24,25.24,OK,0,0,,0,0,,11.66,OK,11.55,OK,11.68,OK,11.75,OK,11.59,OK,11.65,OK,12.08,OK,0,,0,,12.8,OK,12.8,OK,12.88,OK,12.7,OK,12.93,OK,12.91,OK,12.78,OK,0,,0,,,,81.92,OK,,,,82.25,OK,,,,157.63,OK,,,,157.86,OK,,,,36.46,OK,,,,36.6,OK,,,,,,,,,,,,,,,,,
2410120022D,ATKINSON 3.8 OCV,DM1P1,2024-10-12 00:38:47,18.988,24.65,OK,25.96,25.78,OK,26.92,26.83,OK,26.56,26.29,OK,28.75,28.66,OK,27.13,27.1,OK,25.24,25.1,OK,26.16,26.16,OK,0,0,,0,0,,11.44,OK,11.64,OK,11.42,OK,11.4,OK,11.43,OK,11.39,OK,11.45,OK,0,,0,,9.91,OK,10.07,OK,10.18,OK,10.14,OK,10.14,OK,10.09,OK,10.17,OK,0,,0,,,,82.42,OK,,,,82.77,OK,,,,157.15,OK,,,,157.66,OK,,,,37.17,OK,,,,37.28,OK,,,,,,,,,,,,,,,,,
2410120021D,ATKINSON 3.8 OCV,DM4P4,2024-10-12 00:39:42,18.992,24.86,OK,27.33,27.23,OK,25.45,25.4,OK,24.91,24.64,OK,26.75,26.72,OK,25.91,25.91,OK,26.65,26.63,OK,24.64,24.54,OK,0,0,,0,0,,11.33,OK,11.76,OK,11.79,OK,11.94,OK,11.78,OK,11.94,OK,12.02,OK,0,,0,,12.43,OK,12.36,OK,12.66,OK,12.42,OK,12.49,OK,12.41,OK,12.42,OK,0,,0,,,,82.07,OK,,,,82.12,OK,,,,157.59,OK,,,,158.04,OK,,,,37.4,OK,,,,37.54,OK,,,,,,,,,,,,,,,,,
2410120024D,ATKINSON 3.8 OCV,DM2P6,2024-10-12 00:40:34,18.992,23.41,OK,25.31,25.23,OK,24.68,24.65,OK,23.76,23.63,OK,25.89,25.81,OK,25.69,25.69,OK,25.47,25.4,OK,24.94,24.92,OK,0,0,,0,0,,11.15,OK,10.8,OK,11.33,OK,10.77,OK,10.81,OK,10.81,OK,10.79,OK,0,,0,,9.97,OK,10.01,OK,9.98,OK,9.94,OK,9.77,OK,10,OK,9.88,OK,0,,0,,,,82.94,OK,,,,83.26,OK,,,,156.89,OK,,,,156.83,OK,,,,37.02,OK,,,,37.24,OK,,,,,,,,,,,,,,,,,
2410120023D,ATKINSON 3.8 OCV,DM5P7,2024-10-12 00:41:29,18.994,23.68,OK,24.44,24.34,OK,25.36,25.25,OK,23.44,22.97,OK,23.48,23.32,OK,25.29,25.18,OK,24.23,24.06,OK,24.25,24.11,OK,0,0,,0,0,,2.09,OK,2.65,OK,2.65,OK,2.59,OK,2.7,OK,2.68,OK,2.65,OK,0,,0,,0.82,OK,0.81,OK,0.83,OK,0.81,OK,0.83,OK,0.85,OK,0.8,OK,0,,0,,,,82.06,OK,,,,82.65,OK,,,,157.62,OK,,,,157.77,OK,,,,37.35,OK,,,,37.63,OK,,,,,,,,,,,,,,,,,
2410120025D,ATKINSON 3.8 OCV,DM3P2,2024-10-12 00:42:25,18.992,23.41,OK,26.28,26.1,OK,27.68,27.65,OK,26.77,26.47,OK,23.52,23.41,OK,28.19,28.14,OK,27.51,27.47,OK,25.38,25.31,OK,0,0,,0,0,,11.86,OK,11.73,OK,11.64,OK,11.93,OK,11.61,OK,11.82,OK,12,OK,0,,0,,12.83,OK,12.79,OK,12.79,OK,12.76,OK,12.72,OK,12.59,OK,12.91,OK,0,,0,,,,82.31,OK,,,,82.79,OK,,,,157.23,OK,,,,157.48,OK,,,,37.23,OK,,,,36.99,OK,,,,,,,,,,,,,,,,,
2410120026D,ATKINSON 3.8 OCV,DM1P5,2024-10-12 00:43:20,18.983,24.16,OK,26.72,26.43,OK,27.55,27.49,OK,25.01,24.83,OK,25.82,25.78,OK,24.67,24.56,OK,26.05,25.98,OK,28.14,28.14,OK,0,0,,0,0,,11.39,OK,11.38,OK,11.37,OK,11.45,OK,11.39,OK,11.43,OK,11.66,OK,0,,0,,10.07,OK,10.12,OK,10.19,OK,10.14,OK,10.19,OK,10.22,OK,10.16,OK,0,,0,,,,82.65,OK,,,,82.42,OK,,,,157.42,OK,,,,157.37,OK,,,,37.22,OK,,,,37.2,OK,,,,,,,,,,,,,,,,,
2410120028D,ATKINSON 3.8 OCV,DM2P8,2024-10-12 00:44:12,18.997,24.46,OK,28.16,28.09,OK,24.14,24.05,OK,24.17,24.05,OK,26.4,26.35,OK,25.28,25.21,OK,25.26,25.14,OK,24.02,23.97,OK,0,0,,0,0,,10.77,OK,10.8,OK,10.8,OK,10.8,OK,10.82,OK,10.83,OK,10.82,OK,0,,0,,10.01,OK,10.14,OK,10.02,OK,9.97,OK,10.01,OK,9.99,OK,9.95,OK,0,,0,,,,81.95,OK,,,,82.3,OK,,,,157.65,OK,,,,158.12,OK,,,,37.09,OK,,,,37.55,OK,,,,,,,,,,,,,,,,,
2410120027D,ATKINSON 3.8 OCV,DM4P3,2024-10-12 00:45:07,18.994,23.92,OK,25.61,25.52,OK,24.33,24.33,OK,26.47,26.19,OK,27.21,27.05,OK,27.1,27,OK,25.61,25.52,OK,26.17,26.1,OK,0,0,,0,0,,11.41,OK,11.99,OK,11.91,OK,11.79,OK,12.11,OK,12.14,OK,12.06,OK,0,,0,,12.41,OK,12.47,OK,12.16,OK,12.42,OK,12.43,OK,12.43,OK,12.5,OK,0,,0,,,,83.17,OK,,,,82.61,OK,,,,157.85,OK,,,,157.98,OK,,,,37.04,OK,,,,37.23,OK,,,,,,,,,,,,,,,,,
2410120030D,ATKINSON 3.8 OCV,DM3P5,2024-10-12 00:46:02,18.986,22.78,OK,27.51,27.4,OK,26.26,26.17,OK,25.96,25.56,OK,23.27,23.2,OK,24.06,24.01,OK,26.26,26.19,OK,25.8,25.8,OK,0,0,,0,0,,11.32,OK,11.65,OK,11.65,OK,11.84,OK,11.89,OK,11.78,OK,11.68,OK,0,,0,,12.9,OK,12.78,OK,12.78,OK,12.8,OK,12.78,OK,12.76,OK,12.57,OK,0,,0,,,,82.15,OK,,,,82.64,OK,,,,156.77,OK,,,,157.67,OK,,,,36.87,OK,,,,37.12,OK,,,,,,,,,,,,,,,,,
2410120031D,ATKINSON 3.8 OCV,DM1P1,2024-10-12 00:46:54,18.972,23.76,OK,24.54,24.36,OK,26.79,26.68,OK,25.42,24.99,OK,26.25,26.16,OK,25.01,24.97,OK,25.08,25.01,OK,25.75,25.73,OK,0,0,,0,0,,11.41,OK,11.43,OK,11.4,OK,11.41,OK,11.47,OK,11.46,OK,11.48,OK,0,,0,,9.9,OK,9.99,OK,10.02,OK,10.08,OK,10.12,OK,10.1,OK,10.11,OK,0,,0,,,,82.55,OK,,,,82.81,OK,,,,157.05,OK,,,,157.38,OK,,,,36.9,OK,,,,37.16,OK,,,,,,,,,,,,,,,,,
2410120032D,ATKINSON 3.8 OCV,DM2P6,2024-10-12 00:47:50,18.986,24.1,OK,29.3,29.21,OK,25.04,24.92,OK,24.43,24.26,OK,28.26,28.24,OK,26.47,26.44,OK,26.01,25.94,OK,24.63,24.51,OK,0,0,,0,0,,11,OK,11.18,OK,10.75,OK,10.95,OK,10.82,OK,10.82,OK,10.81,OK,0,,0,,10.14,OK,10.05,OK,10.06,OK,10.02,OK,10,OK,10.02,OK,10.01,OK,0,,0,,,,83.21,OK,,,,83.4,OK,,,,157.04,OK,,,,156.5,OK,,,,37.25,OK,,,,37.63,OK,,,,,,,,,,,,,,,,,
2410120033D,ATKINSON 3.8 OCV,DM4P7,2024-10-12 00:48:42,18.999,25.28,OK,26.77,26.72,OK,23.87,23.78,OK,24.13,23.78,OK,26.7,26.63,OK,24.5,24.4,OK,24.22,24.17,OK,26.75,26.75,OK,0,0,,0,0,,11.66,OK,12.14,OK,11.72,OK,11.99,OK,12.12,OK,12.06,OK,12.07,OK,0,,0,,12.43,OK,12.39,OK,12.35,OK,12.5,OK,12.3,OK,11.72,OK,12.34,OK,0,,0,,,,82.62,OK,,,,83.12,OK,,,,157.53,OK,,,,157.38,OK,,,,37.09,OK,,,,37.03,OK,,,,,,,,,,,,,,,,,
2410120034D,ATKINSON 3.8 OCV,DM3P5,2024-10-12 00:49:37,18.99,22.91,OK,26.26,26.12,OK,28.51,28.49,OK,26.98,26.79,OK,25.17,25.12,OK,28.07,28.07,OK,28,27.98,OK,27,26.93,OK,0,0,,0,0,,11.8,OK,11.29,OK,11.43,OK,11.78,OK,11.77,OK,11.8,OK,11.78,OK,0,,0,,12.79,OK,12.84,OK,12.79,OK,12.76,OK,12.75,OK,12.78,OK,12.78,OK,0,,0,,,,82.83,OK,,,,82.53,OK,,,,157.39,OK,,,,157.84,OK,,,,37.13,OK,,,,36.97,OK,,,,,,,,,,,,,,,,,
2410120035D,ATKINSON 3.8 OCV,DM1P3,2024-10-12 00:50:29,18.998,25.36,OK,25.24,25.19,OK,27.15,27.08,OK,26.41,26.07,OK,27.46,27.37,OK,26.52,26.47,OK,26.29,26.16,OK,25.75,25.75,OK,0,0,,0,0,,11.36,OK,11.34,OK,11.35,OK,11.66,OK,11.42,OK,11.74,OK,11.42,OK,0,,0,,9.91,OK,10.09,OK,10.16,OK,10.23,OK,10.12,OK,10.13,OK,10.09,OK,0,,0,,,,83.1,OK,,,,82.65,OK,,,,157.16,OK,,,,157.53,OK,,,,36.64,OK,,,,37.13,OK,,,,,,,,,,,,,,,,,
2410120036D,ATKINSON 3.8 OCV,DM2P8,2024-10-12 00:51:24,18.986,23.18,OK,26.59,26.47,OK,24.87,24.77,OK,24.55,24.46,OK,27.87,27.85,OK,26.35,26.27,OK,25.28,25.28,OK,26.27,26.25,OK,0,0,,0,0,,10.82,OK,10.8,OK,10.72,OK,10.77,OK,10.94,OK,10.79,OK,10.8,OK,0,,0,,10.3,OK,10.01,OK,10.18,OK,10.02,OK,10.17,OK,10.12,OK,10.15,OK,0,,0,,,,81.84,OK,,,,82.16,OK,,,,157.57,OK,,,,158.09,OK,,,,37.31,OK,,,,37.48,OK,,,,,,,,,,,,,,,,,
2410120037D,ATKINSON 3.8 OCV,DM4P9,2024-10-12 00:52:19,18.984,23.22,OK,26.14,26.05,OK,23.17,23.1,OK,24.54,24.24,OK,26,25.98,OK,26.61,26.58,OK,26.63,26.63,OK,24.64,24.64,OK,0,0,,0,0,,11.76,OK,11.97,OK,11.93,OK,12.11,OK,12.14,OK,12.09,OK,12,OK,0,,0,,12.39,OK,12.43,OK,12.39,OK,12.4,OK,12.17,OK,12.08,OK,12.03,OK,0,,0,,,,82.14,OK,,,,82.32,OK,,,,158.38,OK,,,,158.13,OK,,,,37.89,OK,,,,37.22,OK,,,,,,,,,,,,,,,,,
2410120020C,NEW KAPPAEX1.0,CM4P9,2024-10-12 00:52:21,18.684,26.56,OK,26.87,26.5,OK,24.12,23.73,OK,26.02,25.49,OK,24.54,24.3,OK,26.08,26.02,OK,24.1,23.38,OK,24.85,24.54,OK,0,0,,0,0,,0,OK,0,OK,0,OK,0,OK,0,OK,0,OK,0,OK,0,,0,,0,OK,0,OK,0,OK,0,OK,0,OK,0,OK,0,OK,0,,0,,,,54.85,OK,,,,53.09,OK,,,,-293.54,OK,,,,-292.61,OK,,,,173.25,OK,,,,172.98,OK,,,,,,,,,,,,,,,,,
2410120021C,,C,2024-10-12 00:53:10,18.684,26.91,OK,,,,,,,,,,,,,,,,,,,,,,,,,,,,,,,,,,,,,,,,,,,,,,,,,,,,,,,,,,,,,,,,,,55.13,OK,,,,55.15,OK,,,,-293.53,OK,,,,-293.37,OK,,,,173.01,OK,,,,172.98,OK,,,,,,,,,,,,,,,,,
2410120038D,ATKINSON 3.8 OCV,DM3P4,2024-10-12 00:53:15,18.99,23.81,OK,25.77,25.77,OK,26.82,26.77,OK,26.63,26.21,OK,25.52,25.47,OK,26.86,26.82,OK,26.89,26.84,OK,27.42,27.4,OK,0,0,,0,0,,11.77,OK,11.38,OK,11.47,OK,11.79,OK,12.12,OK,11.94,OK,11.69,OK,0,,0,,12.77,OK,12.84,OK,12.83,OK,12.85,OK,12.83,OK,12.78,OK,12.58,OK,0,,0,,,,82.51,OK,,,,82.42,OK,,,,156.81,OK,,,,157.79,OK,,,,36.94,OK,,,,37.18,OK,,,,,,,,,,,,,,,,,
2410120039D,ATKINSON 3.8 OCV,DM1P1,2024-10-12 00:54:10,18.984,22.91,OK,24.4,24.18,OK,26.29,26.25,OK,25.57,25.24,OK,27.17,27.08,OK,25.87,25.82,OK,25.03,24.99,OK,25.46,25.42,OK,0,0,,0,0,,11.43,OK,11.37,OK,11.49,OK,11.36,OK,11.45,OK,11.45,OK,11.5,OK,0,,0,,10.04,OK,10.11,OK,10.07,OK,10.18,OK,10.06,OK,10.14,OK,10.24,OK,0,,0,,,,82.85,OK,,,,82.83,OK,,,,157.08,OK,,,,157.43,OK,,,,37.07,OK,,,,37.09,OK,,,,,,,,,,,,,,,,,
2410120022C,NEW KAPPAEX1.0,CM2P8,2024-10-12 00:54:47,18.685,27.5,OK,25.76,25.62,OK,23.17,22.89,OK,24.67,24.29,OK,23.17,22.94,OK,22.8,22.78,OK,22.85,22.5,OK,22.85,22.59,OK,0,0,,0,0,,15.36,OK,15.36,OK,15.36,OK,15.36,OK,15.36,OK,15.36,OK,15.36,OK,0,,0,,15.36,OK,15.36,OK,15.36,OK,15.36,OK,15.36,OK,15.36,OK,15.36,OK,0,,0,,,,53.25,OK,,,,53.85,OK,,,,-292.47,OK,,,,-291.94,OK,,,,171.53,OK,,,,172.95,OK,,,,,,,,,,,,,,,,,
2410120040D,ATKINSON 3.8 OCV,DM2P6,2024-10-12 00:55:05,18.991,22.71,OK,26.27,26.18,OK,24.85,24.75,OK,24.46,24.26,OK,25.69,25.62,OK,26.01,25.91,OK,26.35,26.3,OK,24.68,24.6,OK,0,0,,0,0,,11.06,OK,11.29,OK,10.78,OK,11.42,OK,10.73,OK,10.94,OK,10.82,OK,0,,0,,10.15,OK,10.11,OK,9.94,OK,10.18,OK,10.14,OK,10.14,OK,10.17,OK,0,,0,,,,83.36,OK,,,,83.49,OK,,,,157.18,OK,,,,157.22,OK,,,,37.25,OK,,,,37.51,OK,,,,,,,,,,,,,,,,,
2410120023C,NEW KAPPAEX1.0,CM3P6,2024-10-12 00:55:56,18.683,26.67,OK,32.45,31.95,OK,32.65,31.86,OK,32.11,31.82,OK,32.54,32,OK,32.16,31.82,OK,31.14,30.39,OK,30.41,29.71,OK,0,0,,0,0,,0,OK,0,OK,0,OK,0,OK,0,OK,0,OK,0,OK,0,,0,,0,OK,0,OK,0,OK,0,OK,0,OK,0,OK,0,OK,0,,0,,,,52.4,OK,,,,53.35,OK,,,,-293.61,OK,,,,-292.41,OK,,,,172.35,OK,,,,172.89,OK,,,,,,,,,,,,,,,,,
2410120041D,ATKINSON 3.8 OCV,DM4P7,2024-10-12 00:56:01,18.985,23.93,OK,26.91,26.84,OK,25.1,25.05,OK,25.19,24.94,OK,26.79,26.79,OK,26.75,26.63,OK,25.59,25.45,OK,26.14,26.03,OK,0,0,,0,0,,11.63,OK,12.03,OK,12.1,OK,12.08,OK,12.1,OK,12,OK,12.12,OK,0,,0,,12.42,OK,12.42,OK,12.35,OK,12.32,OK,12.56,OK,12.39,OK,12.51,OK,0,,0,,,,82.69,OK,,,,83.06,OK,,,,158,OK,,,,157.77,OK,,,,37.28,OK,,,,37.25,OK,,,,,,,,,,,,,,,,,
2410120042D,ATKINSON 3.8 OCV,DM3P5,2024-10-12 00:56:53,18.988,25.32,OK,27.54,27.49,OK,25.05,24.94,OK,25.84,25.59,OK,25.61,25.59,OK,27.84,27.81,OK,26.63,26.56,OK,25.33,25.31,OK,0,0,,0,0,,11.56,OK,11.15,OK,11.35,OK,11.61,OK,11.46,OK,11.74,OK,11.65,OK,0,,0,,12.79,OK,12.8,OK,12.83,OK,12.84,OK,12.82,OK,12.76,OK,12.58,OK,0,,0,,,,82.32,OK,,,,82.29,OK,,,,157.51,OK,,,,157.78,OK,,,,37.17,OK,,,,36.69,OK,,,,,,,,,,,,,,,,,
2410120026C,NEW KAPPAEX1.0,CM1P4,2024-10-12 00:57:27,18.695,26.91,OK,22.55,22.39,OK,23.39,22.78,OK,22.6,22.48,OK,22.88,22.34,OK,22.62,22.32,OK,22.36,22.06,OK,23.2,22.69,OK,0,0,,0,0,,5.76,OK,6.71,OK,6.65,OK,6.6,OK,6.74,OK,6.62,OK,6.81,OK,0,,0,,6.04,OK,6.3,OK,6.47,OK,6.51,OK,6.56,OK,6.37,OK,6.22,OK,0,,0,,,,54.14,OK,,,,53.34,OK,,,,-292.94,OK,,,,-292.57,OK,,,,171.9,OK,,,,171.76,OK,,,,,,,,,,,,,,,,,
2410120043D,ATKINSON 3.8 OCV,DM1P3,2024-10-12 00:57:45,18.984,22.9,OK,25.57,25.44,OK,29.22,28.95,OK,25.91,25.51,OK,25.91,25.62,OK,24.45,24.43,OK,25.75,25.69,OK,24.99,24.94,OK,0,0,,0,0,,11.37,OK,11.4,OK,11.52,OK,11.34,OK,11.48,OK,11.48,OK,11.51,OK,0,,0,,9.91,OK,10.08,OK,9.97,OK,9.99,OK,9.93,OK,10.09,OK,10.11,OK,0,,0,,,,82.97,OK,,,,82.46,OK,,,,157.48,OK,,,,157.83,OK,,,,36.96,OK,,,,37,OK,,,,,,,,,,,,,,,,,
2410120024C,NEW KAPPAEX1.0,CM5P5,2024-10-12 00:58:15,18.699,27.16,OK,19.66,19.19,OK,19.66,19.43,OK,19.76,19.38,OK,17.66,17.35,OK,19.76,19.33,OK,19.71,19.16,OK,20.43,19.81,OK,0,0,,0,0,,1.9,OK,2.1,OK,2.07,OK,2.05,OK,2.06,OK,2.1,OK,2.1,OK,0,,0,,2.4,OK,2.35,OK,2.3,OK,2.29,OK,2.35,OK,2.38,OK,2.28,OK,0,,0,,,,53.04,OK,,,,53.09,OK,,,,-293.25,OK,,,,-293.23,OK,,,,172.38,OK,,,,172.31,OK,,,,,,,,,,,,,,,,,
2410120044D,ATKINSON 3.8 OCV,DM2P8,2024-10-12 00:58:37,18.991,23.41,OK,27.82,27.73,OK,24.92,24.89,OK,23.9,23.78,OK,25.79,25.77,OK,26.98,26.95,OK,25.21,25.14,OK,24.7,24.63,OK,0,0,,0,0,,11.07,OK,11.06,OK,11.39,OK,11.31,OK,10.7,OK,10.77,OK,10.82,OK,0,,0,,10.17,OK,10.16,OK,10.2,OK,10.14,OK,10.19,OK,10.17,OK,10.19,OK,0,,0,,,,81.83,OK,,,,82.28,OK,,,,157.75,OK,,,,158.06,OK,,,,37.39,OK,,,,37.86,OK,,,,,,,,,,,,,,,,,
2410120028C,NEW KAPPAEX1.0,CM3P3,2024-10-12 00:59:30,18.692,27.8,OK,31.63,31.25,OK,31.95,31.32,OK,32.86,32.59,OK,31.2,30.66,OK,29.37,29.05,OK,30.16,28.99,OK,29.35,28.69,OK,0,0,,0,0,,0,OK,0,OK,0,OK,0,OK,0,OK,0,OK,0,OK,0,,0,,0,OK,0,OK,0,OK,0,OK,0,OK,0,OK,0,OK,0,,0,,,,53.58,OK,,,,53.21,OK,,,,-292.89,OK,,,,-292.26,OK,,,,172.77,OK,,,,173.17,OK,,,,,,,,,,,,,,,,,
2410120029D,ATKINSON 3.8 OCV,DM5P9,2024-10-12 00:59:32,18.994,23.82,OK,23.83,23.83,OK,25.62,25.5,OK,26.38,26.25,OK,24.48,24.25,OK,24.44,24.39,OK,24.76,24.55,OK,26.55,26.41,OK,0,0,,0,0,,2.07,OK,2.67,OK,2.65,OK,2.69,OK,2.71,OK,2.69,OK,2.67,OK,0,,0,,0.82,OK,0.84,OK,0.84,OK,0.83,OK,0.86,OK,0.86,OK,0.85,OK,0,,0,,,,81.9,OK,,,,81.78,OK,,,,158.08,OK,,,,158.49,OK,,,,38.06,OK,,,,37.59,OK,,,,,,,,,,,,,,,,,
2410120034C,NEW KAPPAEX1.0,CM3P3,2024-10-12 01:00:19,18.692,28.13,OK,25.98,25.66,OK,25.43,25.05,OK,25.71,25.48,OK,24.21,23.49,OK,23.53,23.37,OK,23.69,23.01,OK,23.1,22.36,OK,0,0,,0,0,,0,OK,0,OK,0,OK,0,OK,0,OK,0,OK,0,OK,0,,0,,0,OK,0,OK,0,OK,0,OK,0,OK,0,OK,0,OK,0,,0,,,,53.83,OK,,,,53.38,OK,,,,-292.57,OK,,,,-292.05,OK,,,,173,OK,,,,172.22,OK,,,,,,,,,,,,,,,,,
2410120046D,ATKINSON 3.8 OCV,DM3P4,2024-10-12 01:00:24,18.996,22.87,OK,25.1,25.03,OK,24.01,23.99,OK,26.42,26.14,OK,25.42,25.42,OK,27.58,27.54,OK,27.98,27.84,OK,26.93,26.89,OK,0,0,,0,0,,11.71,OK,11.79,OK,11.68,OK,11.23,OK,11.45,OK,11.48,OK,11.73,OK,0,,0,,12.79,OK,12.59,OK,12.76,OK,12.78,OK,12.6,OK,12.78,OK,12.79,OK,0,,0,,,,82.07,OK,,,,82.26,OK,,,,157.07,OK,,,,157.87,OK,,,,37.18,OK,,,,37.56,OK,,,,,,,,,,,,,,,,,
2410120033C,,CM3P3,2024-10-12 01:01:04,18.696,27.4,OK,30.84,30.3,OK,26.11,25.75,OK,28.22,27.79,OK,26.97,26.5,OK,24.39,24.26,OK,25.71,25.25,OK,25.66,24.75,OK,0,0,,0,0,,0,OK,0,OK,0,OK,0,OK,0,OK,0,OK,0,OK,0,,0,,0,OK,0,OK,0,OK,0,OK,0,OK,0,OK,0,OK,0,,0,,,,54.04,OK,,,,53.26,OK,,,,-292.11,OK,,,,-292.29,OK,,,,173.22,OK,,,,172.58,OK,,,,,,,,,,,,,,,,,
2410120047D,ATKINSON 3.8 OCV,DM1P1,2024-10-12 01:01:16,18.996,22.76,OK,24.76,24.67,OK,26.47,26.43,OK,24.7,24.4,OK,28,27.89,OK,26.32,26.23,OK,26,26,OK,24.45,24.43,OK,0,0,,0,0,,11.61,OK,11.35,OK,11.34,OK,11.37,OK,11.47,OK,11.47,OK,11.45,OK,0,,0,,9.86,OK,10.11,OK,9.91,OK,10.03,OK,9.98,OK,10.22,OK,10.08,OK,0,,0,,,,82.33,OK,,,,82.53,OK,,,,157.3,OK,,,,157.65,OK,,,,37.07,OK,,,,37.17,OK,,,,,,,,,,,,,,,,,
2410120031C,NEW KAPPAEX1.0,CM5P5,2024-10-12 01:01:53,18.698,26.81,OK,22.87,22.27,OK,19.78,19.43,OK,20.98,20.62,OK,19.88,19.66,OK,20.91,20.69,OK,22.51,22.1,OK,21.69,21.36,OK,0,0,,0,0,,2.09,OK,2.25,OK,2.24,OK,2.25,OK,2.29,OK,2.27,OK,2.26,OK,0,,0,,2.43,OK,2.29,OK,2.35,OK,2.31,OK,2.39,OK,2.38,OK,2.28,OK,0,,0,,,,53.76,OK,,,,53.85,OK,,,,-293.27,OK,,,,-293.15,OK,,,,171.11,OK,,,,172.6,OK,,,,,,,,,,,,,,,,,
2410120048D,ATKINSON 3.8 OCV,DM2P6,2024-10-12 01:02:11,18.998,22.77,OK,28.33,28.26,OK,25.18,25.06,OK,24.36,24.19,OK,26.06,25.96,OK,27.32,27.27,OK,24.7,24.7,OK,24.31,24.29,OK,0,0,,0,0,,10.98,OK,11.3,OK,10.81,OK,11.3,OK,10.78,OK,10.69,OK,10.82,OK,0,,0,,10.27,OK,10.25,OK,10.37,OK,10.14,OK,10.23,OK,10.16,OK,10.26,OK,0,,0,,,,82.82,OK,,,,83.18,OK,,,,157.35,OK,,,,156.95,OK,,,,37.28,OK,,,,37.64,OK,,,,,,,,,,,,,,,,,
2410120035C,,CM3P3,2024-10-12 01:02:39,18.691,27.77,OK,26.93,26.68,OK,24.01,23.76,OK,24.71,24.44,OK,24.82,24.3,OK,23.83,23.65,OK,24.14,23.35,OK,22.31,21.84,OK,0,0,,0,0,,0,OK,0,OK,0,OK,0,OK,0,OK,0,OK,0,OK,0,,0,,0,OK,0,OK,0,OK,0,OK,0,OK,0,OK,0,OK,0,,0,,,,53.28,OK,,,,53.65,OK,,,,-292.46,OK,,,,-293.16,OK,,,,172.12,OK,,,,172.39,OK,,,,,,,,,,,,,,,,,
2410120045D,ATKINSON 3.8 OCV,DM4P9,2024-10-12 01:03:06,18.998,23.53,OK,25.42,25.38,OK,24.1,24.01,OK,26.19,25.91,OK,28.09,28.02,OK,26.56,26.52,OK,25.1,25.03,OK,25.19,25.19,OK,0,0,,0,0,,11.63,OK,12.11,OK,12.1,OK,11.85,OK,12.16,OK,12.11,OK,12.15,OK,0,,0,,12.44,OK,11.5,OK,12.46,OK,12.47,OK,12.5,OK,12.35,OK,12.52,OK,0,,0,,,,82.12,OK,,,,81.89,OK,,,,158.02,OK,,,,158.26,OK,,,,37.97,OK,,,,37.44,OK,,,,,,,,,,,,,,,,,
2410120029C,NEW KAPPAEX1.0,CM1P7,2024-10-12 01:03:24,18.696,27.36,OK,22.71,22.5,OK,22.76,22.48,OK,23.55,23.23,OK,21.99,21.31,OK,22.01,21.94,OK,20.85,20.29,OK,22.88,22.6,OK,0,0,,0,0,,5.69,OK,6.67,OK,6.48,OK,6.56,OK,6.66,OK,7.04,OK,6.72,OK,0,,0,,5.93,OK,6.29,OK,6.42,OK,6.59,OK,6.4,OK,6.4,OK,6.25,OK,0,,0,,,,54.08,OK,,,,56.02,NG,,,,-293.65,OK,,,,-293.34,OK,,,,173.01,OK,,,,173.01,OK,,,,,,,,,,,,,,,,,
2410120050D,ATKINSON 3.8 OCV,DM3P5,2024-10-12 01:03:58,18.99,22.15,OK,25.49,25.36,OK,26,25.91,OK,26.61,26.35,OK,23.92,23.87,OK,26.7,26.54,OK,26,25.94,OK,28.35,28.26,OK,0,0,,0,0,,11.55,OK,11.63,OK,11.67,OK,11.57,OK,11.75,OK,11.65,OK,11.71,OK,0,,0,,12.76,OK,12.8,OK,12.77,OK,12.77,OK,12.79,OK,12.79,OK,12.79,OK,0,,0,,,,82.13,OK,,,,82.24,OK,,,,157.75,OK,,,,157.96,OK,,,,37.22,OK,,,,36.99,OK,,,,,,,,,,,,,,,,,
2410120027C,NEW KAPPAEX1.0,CM2P2,2024-10-12 01:04:13,18.689,28,OK,24.69,24.55,OK,24.06,23.87,OK,24.67,24.43,OK,23.15,23.03,OK,22.26,22.19,OK,22.12,21.87,OK,24.15,23.9,OK,0,0,,0,0,,15.36,OK,15.36,OK,15.36,OK,15.36,OK,15.36,OK,15.36,OK,15.36,OK,0,,0,,15.36,OK,15.36,OK,15.36,OK,15.36,OK,15.36,OK,15.36,OK,15.36,OK,0,,0,,,,54.43,OK,,,,54.27,OK,,,,-292.55,OK,,,,-292.62,OK,,,,173.12,OK,,,,172.85,OK,,,,,,,,,,,,,,,,,
2410120051D,ATKINSON 3.8 OCV,DM1P3,2024-10-12 01:04:50,18.995,23.17,OK,26.47,26.36,OK,27.87,27.73,OK,27.24,26.74,OK,27.01,26.74,OK,25.93,25.89,OK,25.93,25.87,OK,25.15,25.1,OK,0,0,,0,0,,11.43,OK,11.38,OK,11.36,OK,11.37,OK,11.49,OK,11.46,OK,11.47,OK,0,,0,,9.8,OK,10.06,OK,10.04,OK,10.06,OK,10.1,OK,10.07,OK,10.06,OK,0,,0,,,,82.71,OK,,,,82.19,OK,,,,157.25,OK,,,,157.72,OK,,,,37.16,OK,,,,37.59,OK,,,,,,,,,,,,,,,,,
2410120030C,NEW KAPPAEX1.0,CM4P9,2024-10-12 01:04:58,18.696,27.31,OK,28.39,27.58,OK,24.52,23.62,OK,24.87,24.19,OK,22.56,22.34,OK,25.09,25,OK,23.66,23.33,OK,23.75,23.18,OK,0,0,,0,0,,0,OK,0,OK,0,OK,0,OK,0,OK,0,OK,0,OK,0,,0,,0,OK,0,OK,0,OK,0,OK,0,OK,0,OK,0,OK,0,,0,,,,55.28,OK,,,,52.56,OK,,,,-292.79,OK,,,,-292.51,OK,,,,173.29,OK,,,,173.09,OK,,,,,,,,,,,,,,,,,
2410120049D,ATKINSON 3.8 OCV,DM5P2,2024-10-12 01:05:45,18.989,24.23,OK,23.67,23.55,OK,24.18,24.11,OK,23.79,23.58,OK,24.06,23.93,OK,24.13,24.09,OK,23.6,23.42,OK,24.41,24.37,OK,0,0,,0,0,,2.12,OK,2.62,OK,2.61,OK,2.62,OK,2.64,OK,2.76,OK,2.69,OK,0,,0,,0.8,OK,0.81,OK,0.84,OK,0.84,OK,0.82,OK,0.84,OK,0.83,OK,0,,0,,,,81.76,OK,,,,81.8,OK,,,,157.8,OK,,,,158.59,OK,,,,37.96,OK,,,,37.8,OK,,,,,,,,,,,,,,,,,
2410120032C,NEW KAPPAEX1.0,CM3P8,2024-10-12 01:05:47,18.691,26.05,OK,24.17,23.76,OK,22.67,22.27,OK,24.94,24.6,OK,24.64,23.89,OK,22.38,22.2,OK,23.62,22.81,OK,23.31,22.65,OK,0,0,,0,0,,0,OK,0,OK,0,OK,0,OK,0,OK,0,OK,0,OK,0,,0,,0,OK,0,OK,0,OK,0,OK,0,OK,0,OK,0,OK,0,,0,,,,52.81,OK,,,,53.73,OK,,,,-292.56,OK,,,,-292.87,OK,,,,172.45,OK,,,,172.79,OK,,,,,,,,,,,,,,,,,
2410120053D,ATKINSON 3.8 OCV,DM4P7,2024-10-12 01:06:37,18.993,23.56,OK,24.22,24.15,OK,24.2,24.13,OK,24.94,24.57,OK,26.28,26.12,OK,25.36,25.31,OK,25.61,25.45,OK,26.61,26.47,OK,0,0,,0,0,,11.85,OK,12.14,OK,12.12,OK,11.89,OK,12.22,OK,12.12,OK,11.94,OK,0,,0,,12.4,OK,12.4,OK,12.44,OK,12.41,OK,12.41,OK,12.4,OK,12.51,OK,0,,0,,,,82.38,OK,,,,82.87,OK,,,,157.58,OK,,,,157.58,OK,,,,37.28,OK,,,,37.34,OK,,,,,,,,,,,,,,,,,
2410120036C,NEW KAPPAEX1.0,CM1P6,2024-10-12 01:06:39,18.691,27.77,OK,23.06,22.83,OK,22.32,21.69,OK,23.11,22.97,OK,22.57,21.71,OK,22.6,22.46,OK,22.41,21.71,OK,21.5,21.1,OK,0,0,,0,0,,5.95,OK,6.44,OK,6.91,OK,6.69,OK,6.65,OK,6.62,OK,7.43,OK,0,,0,,6.16,OK,6.54,OK,6.32,OK,6.51,OK,6.49,OK,7.1,OK,6.17,OK,0,,0,,,,52.56,OK,,,,54.7,OK,,,,-292.31,OK,,,,-292.95,OK,,,,174.24,OK,,,,173.04,OK,,,,,,,,,,,,,,,,,
2410120054D,ATKINSON 3.8 OCV,DM3P4,2024-10-12 01:07:33,18.992,23.48,OK,26.77,26.65,OK,26.61,26.52,OK,26.96,26.56,OK,24.94,24.87,OK,26.77,26.68,OK,27.58,27.56,OK,26.72,26.63,OK,0,0,,0,0,,11.5,OK,11.61,OK,11.63,OK,11.28,OK,11.65,OK,11.66,OK,11.65,OK,0,,0,,12.74,OK,12.59,OK,12.76,OK,12.79,OK,12.57,OK,12.78,OK,12.84,OK,0,,0,,,,82.15,OK,,,,82.41,OK,,,,157.46,OK,,,,158.2,OK,,,,37.29,OK,,,,37.22,OK,,,,,,,,,,,,,,,,,
2410120037C,NEW KAPPAEX1.0,CM2P1,2024-10-12 01:07:34,18.687,28.83,OK,25.67,25.44,OK,23.97,23.62,OK,24.5,24.06,OK,23.06,22.92,OK,24.27,24.15,OK,23.31,23.1,OK,23.52,23.41,OK,0,0,,0,0,,15.36,OK,15.36,OK,15.36,OK,15.36,OK,15.36,OK,15.36,OK,15.36,OK,0,,0,,15.36,OK,15.36,OK,15.36,OK,15.36,OK,15.36,OK,15.36,OK,15.36,OK,0,,0,,,,53.07,OK,,,,53.66,OK,,,,-292.5,OK,,,,-292.17,OK,,,,173.4,OK,,,,172.12,OK,,,,,,,,,,,,,,,,,
2410120038C,NEW KAPPAEX1.0,CM4P4,2024-10-12 01:08:23,18.685,27.42,OK,25.91,25.22,OK,24.12,23.79,OK,26.43,25.73,OK,23.9,23.62,OK,24.76,24.7,OK,24.94,24.61,OK,22.1,21.64,OK,0,0,,0,0,,0,OK,0,OK,0,OK,0,OK,0,OK,0,OK,0,OK,0,,0,,0,OK,0,OK,0,OK,0,OK,0,OK,0,OK,0,OK,0,,0,,,,53.78,OK,,,,53.67,OK,,,,-293.42,OK,,,,-292.81,OK,,,,172.58,OK,,,,173.55,OK,,,,,,,,,,,,,,,,,
2410120055D,ATKINSON 3.8 OCV,DM1P1,2024-10-12 01:08:28,18.989,24.38,OK,25.75,25.46,OK,26.61,26.56,OK,25.33,25.12,OK,26.27,26.18,OK,25.71,25.64,OK,25.6,25.55,OK,24.61,24.56,OK,0,0,,0,0,,11.29,OK,11.43,OK,11.43,OK,11.43,OK,11.49,OK,11.44,OK,11.54,OK,0,,0,,9.92,OK,9.86,OK,10.14,OK,10.08,OK,10.06,OK,10.13,OK,10.11,OK,0,,0,,,,82.07,OK,,,,82.1,OK,,,,157.56,OK,,,,157.99,OK,,,,37.6,OK,,,,37.61,OK,,,,,,,,,,,,,,,,,
2410120039C,NEW KAPPAEX1.0,CM3P3,2024-10-12 01:09:12,18.695,26.7,OK,25.28,24.6,OK,25.05,24.75,OK,24.89,24.57,OK,23.37,22.99,OK,24.14,23.85,OK,23.26,22.92,OK,22.92,22.11,OK,0,0,,0,0,,0,OK,0,OK,0,OK,0,OK,0,OK,0,OK,0,OK,0,,0,,0,OK,0,OK,0,OK,0,OK,0,OK,0,OK,0,OK,0,,0,,,,52.97,OK,,,,52.54,OK,,,,-292.13,OK,,,,-292.81,OK,,,,173.01,OK,,,,172.13,OK,,,,,,,,,,,,,,,,,
2410120056D,ATKINSON 3.8 OCV,DM5P9,2024-10-12 01:09:20,18.995,23.28,OK,24.97,24.92,OK,24.16,24.09,OK,23.79,23.6,OK,23.93,23.88,OK,24.04,24,OK,24.32,24.23,OK,23.81,23.69,OK,0,0,,0,0,,2.08,OK,2.66,OK,2.64,OK,2.74,OK,2.68,OK,2.67,OK,2.64,OK,0,,0,,0.8,OK,0.8,OK,0.85,OK,0.83,OK,0.83,OK,0.84,OK,0.84,OK,0,,0,,,,81.36,OK,,,,81.54,OK,,,,158.45,OK,,,,158.88,OK,,,,38.5,OK,,,,38.11,OK,,,,,,,,,,,,,,,,,
2410120025C,NEW KAPPAEX1.0,CM4P1,2024-10-12 01:10:10,18.69,27.01,OK,28.81,28.13,OK,25.82,25.11,OK,26.61,25.42,OK,23.75,23.42,OK,27.12,27.01,OK,24.37,23.71,OK,25.42,24.83,OK,0,0,,0,0,,0,OK,0,OK,0,OK,0,OK,0,OK,0,OK,0,OK,0,,0,,0,OK,0,OK,0,OK,0,OK,0,OK,0,OK,0,OK,0,,0,,,,54.03,OK,,,,52.77,OK,,,,-292.35,OK,,,,-292,OK,,,,172.87,OK,,,,172.86,OK,,,,,,,,,,,,,,,,,
2410120057D,ATKINSON 3.8 OCV,DM4P6,2024-10-12 01:10:15,18.998,23.33,OK,27.05,26.93,OK,23.68,23.57,OK,25.59,25.33,OK,27.61,27.54,OK,25.84,25.73,OK,25.73,25.7,OK,25.36,25.26,OK,0,0,,0,0,,11.64,OK,12.07,OK,12.1,OK,12.11,OK,12.11,OK,12.08,OK,12.1,OK,0,,0,,12.42,OK,12.35,OK,12.55,OK,12.52,OK,12.37,OK,12.37,OK,12.5,OK,0,,0,,,,82.93,OK,,,,82.84,OK,,,,157.67,OK,,,,157.21,OK,,,,37.37,OK,,,,37.75,OK,,,,,,,,,,,,,,,,,
2410120041C,NEW KAPPAEX1.0,CM2P2,2024-10-12 01:10:59,18.694,27.28,OK,24.6,24.41,OK,22.68,22.54,OK,23.69,23.38,OK,22.36,21.98,OK,23.43,23.41,OK,23.5,23.22,OK,24.32,24.11,OK,0,0,,0,0,,15.36,OK,15.36,OK,15.36,OK,15.36,OK,15.36,OK,15.36,OK,15.36,OK,0,,0,,15.36,OK,15.36,OK,15.36,OK,15.36,OK,15.36,OK,15.36,OK,15.36,OK,0,,0,,,,54.68,OK,,,,54.57,OK,,,,-292.64,OK,,,,-292.42,OK,,,,172.26,OK,,,,172.64,OK,,,,,,,,,,,,,,,,,
2410120058D,ATKINSON 3.8 OCV,DM3P2,2024-10-12 01:11:07,18.992,24.33,OK,25.59,25.49,OK,25.8,25.73,OK,24.66,24.47,OK,24.61,24.59,OK,26.24,26.19,OK,25.8,25.75,OK,27.19,27.12,OK,0,0,,0,0,,11.28,OK,11.61,OK,11.65,OK,11.44,OK,11.47,OK,11.82,OK,11.69,OK,0,,0,,12.78,OK,12.78,OK,12.81,OK,12.82,OK,12.8,OK,12.8,OK,12.51,OK,0,,0,,,,81.22,OK,,,,82.04,OK,,,,157.76,OK,,,,158.09,OK,,,,37.33,OK,,,,37.37,OK,,,,,,,,,,,,,,,,,
2410120059D,ATKINSON 3.8 OCV,DM1P5,2024-10-12 01:12:02,18.992,24.32,OK,25.26,25.19,OK,26.56,26.54,OK,25.33,25.1,OK,25.03,24.99,OK,24.02,23.95,OK,25.28,25.19,OK,23.91,23.82,OK,0,0,,0,0,,11.28,OK,11.45,OK,11.46,OK,11.42,OK,11.45,OK,11.5,OK,11.45,OK,0,,0,,9.91,OK,10.1,OK,10.14,OK,10.12,OK,10.04,OK,10.15,OK,10.11,OK,0,,0,,,,81.91,OK,,,,81.71,OK,,,,157.73,OK,,,,158.19,OK,,,,37.6,OK,,,,37.78,OK,,,,,,,,,,,,,,,,,
2410120040C,NEW KAPPAEX1.0,CM1P7,2024-10-12 01:12:17,18.688,27.38,OK,22.92,22.62,OK,22.85,22.32,OK,23.18,23.06,OK,22.15,21.66,OK,21.78,21.57,OK,21.97,21.29,OK,23.2,22.81,OK,0,0,,0,0,,5.67,OK,6.66,OK,6.46,OK,6.5,OK,6.55,OK,6.99,OK,6.65,OK,0,,0,,5.9,OK,6.26,OK,6.23,OK,6.61,OK,6.36,OK,6.42,OK,6.32,OK,0,,0,,,,54.79,OK,,,,55.61,OK,,,,-292.78,OK,,,,-294.07,OK,,,,173.05,OK,,,,172.89,OK,,,,,,,,,,,,,,,,,
2410120060D,ATKINSON 3.8 OCV,DM5P3,2024-10-12 01:12:54,18.986,24.53,OK,24.6,24.46,OK,25.67,25.48,OK,24.11,23.62,OK,25.02,24.71,OK,25.16,24.99,OK,24.39,24.2,OK,24,23.9,OK,0,0,,0,0,,2.09,OK,2.64,OK,2.61,OK,2.62,OK,2.65,OK,2.65,OK,2.73,OK,0,,0,,0.8,OK,0.79,OK,0.83,OK,0.84,OK,0.8,OK,0.8,OK,0.86,OK,0,,0,,,,81.89,OK,,,,81.65,OK,,,,158.13,OK,,,,158.75,OK,,,,38.08,OK,,,,38.11,OK,,,,,,,,,,,,,,,,,
2410120042C,NEW KAPPAEX1.0,CM4P9,2024-10-12 01:13:22,18.691,27.2,OK,26.02,25.51,OK,24.89,24.65,OK,25.27,24.67,OK,24.39,24.06,OK,26.26,26.19,OK,24.37,23.75,OK,24.5,24.08,OK,0,0,,0,0,,0,OK,0,OK,0,OK,0,OK,0,OK,0,OK,0,OK,0,,0,,0,OK,0,OK,0,OK,0,OK,0,OK,0,OK,0,OK,0,,0,,,,54.52,OK,,,,53.81,OK,,,,-292.46,OK,,,,-292.98,OK,,,,171.39,OK,,,,172.52,OK,,,,,,,,,,,,,,,,,
2410120061D,ATKINSON 3.8 OCV,DM4P7,2024-10-12 01:13:50,18.992,23.75,OK,24.64,24.57,OK,25.08,25.01,OK,25.15,24.8,OK,27.61,27.54,OK,25.87,25.8,OK,25.54,25.49,OK,27.3,27.28,OK,0,0,,0,0,,11.64,OK,12.08,OK,12.1,OK,11.89,OK,12.14,OK,12.13,OK,11.92,OK,0,,0,,12.39,OK,12.64,OK,12.41,OK,12.43,OK,12.51,OK,12.53,OK,12.52,OK,0,,0,,,,82.42,OK,,,,82.7,OK,,,,157.91,OK,,,,157.84,OK,,,,37.44,OK,,,,37.55,OK,,,,,,,,,,,,,,,,,
2410120043C,NEW KAPPAEX1.0,CM3P8,2024-10-12 01:14:07,18.698,27.12,OK,25.57,25.3,OK,24.14,23.78,OK,22.92,22.67,OK,23.37,22.74,OK,23.26,22.85,OK,23.22,22.47,OK,22.92,21.97,OK,0,0,,0,0,,0,OK,0,OK,0,OK,0,OK,0,OK,0,OK,0,OK,0,,0,,0,OK,0,OK,0,OK,0,OK,0,OK,0,OK,0,OK,0,,0,,,,52.37,OK,,,,53.56,OK,,,,-292.09,OK,,,,-292.38,OK,,,,172.11,OK,,,,173.16,OK,,,,,,,,,,,,,,,,,
2410120062D,ATKINSON 3.8 OCV,DM3P4,2024-10-12 01:14:45,18.989,23.86,OK,27.1,27,OK,27.07,27.03,OK,25.15,24.68,OK,26.28,26.24,OK,27.81,27.72,OK,26.84,26.68,OK,26.12,26.03,OK,0,0,,0,0,,11.41,OK,11.66,OK,11.64,OK,11.63,OK,11.71,OK,11.36,OK,11.75,OK,0,,0,,12.79,OK,12.54,OK,12.74,OK,12.76,OK,12.52,OK,12.77,OK,12.75,OK,0,,0,,,,81.95,OK,,,,82.14,OK,,,,157.63,OK,,,,158.29,OK,,,,37.51,OK,,,,37.62,OK,,,,,,,,,,,,,,,,,
2410120044C,NEW KAPPAEX1.0,CM1P6,2024-10-12 01:14:56,18.685,27.36,OK,25.3,25.12,OK,22.41,21.97,OK,23.41,23.3,OK,21.1,20.64,OK,21.87,21.66,OK,23.11,22.53,OK,22.04,21.5,OK,0,0,,0,0,,6.17,OK,6.35,OK,6.37,OK,6.3,OK,6.83,OK,6.6,OK,6.51,OK,0,,0,,5.88,OK,6.36,OK,6.44,OK,6.36,OK,6.29,OK,6.53,OK,6.68,OK,0,,0,,,,53.11,OK,,,,55.56,OK,,,,-292.73,OK,,,,-293.53,OK,,,,174.39,OK,,,,173.31,OK,,,,,,,,,,,,,,,,,
2410120052D,ATKINSON 3.8 OCV,DM2P8,2024-10-12 01:15:37,18.996,23.45,OK,26.59,26.49,OK,23.63,23.59,OK,24.14,23.92,OK,26.37,26.35,OK,26.52,26.47,OK,24.89,24.82,OK,24.34,24.26,OK,0,0,,0,0,,10.77,OK,10.78,OK,10.73,OK,11.19,OK,10.8,OK,10.8,OK,10.83,OK,0,,0,,10.21,OK,10.21,OK,10.18,OK,10.15,OK,10.24,OK,10.18,OK,10.26,OK,0,,0,,,,81.74,OK,,,,81.95,OK,,,,158.18,OK,,,,158.45,OK,,,,37.61,OK,,,,37.92,OK,,,,,,,,,,,,,,,,,
2410120045C,NEW KAPPAEX1.0,CM2P1,2024-10-12 01:15:42,18.684,26.38,OK,24.22,24.08,OK,22.78,22.59,OK,23.97,23.55,OK,21.66,21.42,OK,21.82,21.82,OK,22.38,22.1,OK,23.62,23.36,OK,0,0,,0,0,,15.36,OK,15.36,OK,15.36,OK,15.36,OK,15.36,OK,15.36,OK,15.36,OK,0,,0,,15.36,OK,15.36,OK,15.36,OK,15.36,OK,15.36,OK,15.36,OK,15.36,OK,0,,0,,,,53.88,OK,,,,54.01,OK,,,,-292.96,OK,,,,-292.35,OK,,,,172.4,OK,,,,171.52,OK,,,,,,,,,,,,,,,,,
2410120047C,NEW KAPPAEX1.0,CM3P3,2024-10-12 01:16:30,18.683,27.18,OK,25.73,25.28,OK,24.35,23.92,OK,24.87,24.53,OK,24.51,23.71,OK,23.46,23.15,OK,24.12,23.22,OK,23.8,23.15,OK,0,0,,0,0,,0,OK,0,OK,0,OK,0,OK,0,OK,0,OK,0,OK,0,,0,,0,OK,0,OK,0,OK,0,OK,0,OK,0,OK,0,OK,0,,0,,,,53.72,OK,,,,53.64,OK,,,,-292.44,OK,,,,-292.69,OK,,,,172.91,OK,,,,174.08,OK,,,,,,,,,,,,,,,,,
2410120063D,ATKINSON 3.8 OCV,DM1P1,2024-10-12 01:16:32,18.993,23.37,OK,23.77,23.57,OK,25.3,25.28,OK,24.47,24.11,OK,26.23,26.07,OK,25.12,25.12,OK,24.72,24.65,OK,24.13,24.11,OK,0,0,,0,0,,11.39,OK,11.35,OK,11.35,OK,11.69,OK,11.56,OK,11.44,OK,11.47,OK,0,,0,,9.93,OK,10.02,OK,10.02,OK,10.08,OK,10.15,OK,10.1,OK,10.05,OK,0,,0,,,,82.17,OK,,,,82.3,OK,,,,157.21,OK,,,,157.81,OK,,,,37.27,OK,,,,37.32,OK,,,,,,,,,,,,,,,,,
2410120064D,ATKINSON 3.8 OCV,DM5P9,2024-10-12 01:17:24,18.992,24,OK,23.53,23.42,OK,23.88,23.81,OK,24.13,23.97,OK,23.95,23.81,OK,24.64,24.58,OK,23.3,23.23,OK,24.71,24.64,OK,0,0,,0,0,,2.08,OK,2.6,OK,2.68,OK,2.57,OK,2.74,OK,2.67,OK,2.66,OK,0,,0,,0.79,OK,0.8,OK,0.84,OK,0.84,OK,0.85,OK,0.85,OK,0.82,OK,0,,0,,,,81.67,OK,,,,81.5,OK,,,,158.38,OK,,,,158.9,OK,,,,38.32,OK,,,,37.77,OK,,,,,,,,,,,,,,,,,
2410120046C,NEW KAPPAEX1.0,CM4P4,2024-10-12 01:17:45,18.696,26.87,OK,27.49,27.01,OK,25.38,24.85,OK,26.41,25.36,OK,23.27,22.91,OK,25.73,25.36,OK,24.63,24.26,OK,24.7,24.28,OK,0,0,,0,0,,0,OK,0,OK,0,OK,0,OK,0,OK,0,OK,0,OK,0,,0,,0,OK,0,OK,0,OK,0,OK,0,OK,0,OK,0,OK,0,,0,,,,54.01,OK,,,,53.42,OK,,,,-293.4,OK,,,,-292.39,OK,,,,172.02,OK,,,,173.61,OK,,,,,,,,,,,,,,,,,
2410120065D,ATKINSON 3.8 OCV,DM4P6,2024-10-12 01:18:19,18.999,22.56,OK,23.96,23.96,OK,23.89,23.89,OK,24.4,24.13,OK,27,26.91,OK,25.49,25.42,OK,26.68,26.63,OK,26.26,26.21,OK,0,0,,0,0,,11.58,OK,12.04,OK,12.06,OK,12.07,OK,12.1,OK,12.14,OK,11.96,OK,0,,0,,12.36,OK,12.57,OK,12.5,OK,12.29,OK,12.35,OK,12.39,OK,12.55,OK,0,,0,,,,82.69,OK,,,,82.51,OK,,,,158.13,OK,,,,157.55,OK,,,,37.67,OK,,,,37.72,OK,,,,,,,,,,,,,,,,,
2410120048C,NEW KAPPAEX1.0,CM1P7,2024-10-12 01:18:34,18.697,26.71,OK,23.2,22.99,OK,21.45,20.75,OK,22.97,22.85,OK,20.61,20.01,OK,21.01,20.68,OK,20.61,20.08,OK,21.94,21.76,OK,0,0,,0,0,,5.76,OK,6.44,OK,6.88,OK,6.54,OK,6.66,OK,6.54,OK,7.04,OK,0,,0,,5.97,OK,6.79,OK,6.24,OK,6.25,OK,6.53,OK,6.18,OK,6.1,OK,0,,0,,,,55.24,OK,,,,55.66,OK,,,,-292.46,OK,,,,-293.93,OK,,,,173.72,OK,,,,173.01,OK,,,,,,,,,,,,,,,,,
2410120066D,ATKINSON 3.8 OCV,DM3P2,2024-10-12 01:19:11,18.987,24.6,OK,27.56,27.4,OK,26.21,26.12,OK,25.82,25.52,OK,24.75,24.75,OK,27.44,27.42,OK,27.07,26.98,OK,25.12,25.08,OK,0,0,,0,0,,11.48,OK,11.61,OK,11.43,OK,11.51,OK,11.62,OK,11.79,OK,11.65,OK,0,,0,,12.81,OK,12.75,OK,12.82,OK,12.82,OK,12.81,OK,12.76,OK,12.77,OK,0,,0,,,,81.8,OK,,,,82.4,OK,,,,157.08,OK,,,,157.87,OK,,,,37.54,OK,,,,37.45,OK,,,,,,,,,,,,,,,,,
2410120049C,NEW KAPPAEX1.0,CM2P2,2024-10-12 01:19:19,18.697,26.71,OK,25.25,24.83,OK,23.8,23.55,OK,23.24,22.96,OK,23.8,23.52,OK,23.17,22.99,OK,23.13,22.8,OK,25.2,25.04,OK,0,0,,0,0,,15.36,OK,15.36,OK,15.36,OK,15.36,OK,15.36,OK,15.36,OK,15.36,OK,0,,0,,15.36,OK,15.36,OK,15.36,OK,15.36,OK,15.36,OK,15.36,OK,15.36,OK,0,,0,,,,53.21,OK,,,,54.31,OK,,,,-292.35,OK,,,,-292.56,OK,,,,172.91,OK,,,,172.38,OK,,,,,,,,,,,,,,,,,
2410120050C,NEW KAPPAEX1.0,CM3P9,2024-10-12 01:20:05,18.686,26.23,OK,24.48,24.17,OK,23.83,23.46,OK,23.51,23.26,OK,22.58,22.2,OK,22.08,21.81,OK,21.63,21.04,OK,22.36,21.54,OK,0,0,,0,0,,0,OK,0,OK,0,OK,0,OK,0,OK,0,OK,0,OK,0,,0,,0,OK,0,OK,0,OK,0,OK,0,OK,0,OK,0,OK,0,,0,,,,53.65,OK,,,,53.37,OK,,,,-293.61,OK,,,,-292.31,OK,,,,173.01,OK,,,,172.85,OK,,,,,,,,,,,,,,,,,
2410120067D,ATKINSON 3.8 OCV,DM2P5,2024-10-12 01:20:07,18.986,24.08,OK,28.31,28.19,OK,25.21,25.14,OK,23.73,23.56,OK,25.98,25.94,OK,25.16,25.11,OK,24.99,24.97,OK,24.48,24.38,OK,0,0,,0,0,,10.7,OK,10.81,OK,11.02,OK,10.77,OK,10.76,OK,10.78,OK,10.74,OK,0,,0,,10.31,OK,10.2,OK,10.47,OK,10.31,OK,10.52,OK,10.15,OK,10.17,OK,0,,0,,,,82,OK,,,,81.63,OK,,,,158.34,OK,,,,158.33,OK,,,,38.06,OK,,,,38.12,OK,,,,,,,,,,,,,,,,,
2410120051C,NEW KAPPAEX1.0,CM4P8,2024-10-12 01:20:54,18.69,28.07,OK,27.86,27.2,OK,25.62,25.25,OK,24.26,23.82,OK,23.29,23.11,OK,25.25,25.16,OK,24.43,23.64,OK,22.8,22.1,OK,0,0,,0,0,,0,OK,0,OK,0,OK,0,OK,0,OK,0,OK,0,OK,0,,0,,0,OK,0,OK,0,OK,0,OK,0,OK,0,OK,0,OK,0,,0,,,,54.19,OK,,,,52.81,OK,,,,-291.8,OK,,,,-291.84,OK,,,,171.88,OK,,,,173.11,OK,,,,,,,,,,,,,,,,,
2410120068D,ATKINSON 3.8 OCV,DM1P3,2024-10-12 01:20:59,18.996,23.4,OK,23.71,23.66,OK,25.44,25.39,OK,25.53,25.1,OK,26.16,26.14,OK,24.63,24.63,OK,26.56,26.47,OK,25.01,24.97,OK,0,0,,0,0,,11.32,OK,11.4,OK,11.63,OK,11.77,OK,11.66,OK,11.52,OK,11.51,OK,0,,0,,9.8,OK,9.94,OK,10.04,OK,10.1,OK,10.15,OK,10.09,OK,10.13,OK,0,,0,,,,82.39,OK,,,,82.02,OK,,,,157.74,OK,,,,158.05,OK,,,,37.26,OK,,,,37.51,OK,,,,,,,,,,,,,,,,,
2410120070D,ATKINSON 3.8 OCV,DM4P5,2024-10-12 01:21:54,18.987,23.8,OK,27.14,27.14,OK,23.89,23.78,OK,25.63,25.38,OK,26.75,26.7,OK,26.79,26.75,OK,26.79,26.79,OK,25.77,25.66,OK,0,0,,0,0,,11.79,OK,12.13,OK,12.07,OK,12.07,OK,12.13,OK,12.1,OK,12.03,OK,0,,0,,12.4,OK,12.4,OK,12.37,OK,12.36,OK,12.33,OK,12.47,OK,12.36,OK,0,,0,,,,81.87,OK,,,,81.96,OK,,,,158.56,OK,,,,158.5,OK,,,,37.84,OK,,,,37.96,OK,,,,,,,,,,,,,,,,,
2410120052C,NEW KAPPAEX1.0,CM1P6,2024-10-12 01:22:28,18.676,25.71,OK,21.76,21.29,OK,21.94,21.36,OK,23.25,23.09,OK,22.32,21.69,OK,22.34,22.11,OK,22.13,21.43,OK,23.06,22.39,OK,0,0,,0,0,,5.59,OK,6.52,OK,6.41,OK,6.38,OK,6.48,OK,7.01,OK,6.6,OK,0,,0,,5.74,OK,6.19,OK,6.21,OK,6.6,OK,6.34,OK,6.27,OK,6.4,OK,0,,0,,,,52.23,OK,,,,54.93,OK,,,,-292.24,OK,,,,-293.71,OK,,,,174.45,OK,,,,173.35,OK,,,,,,,,,,,,,,,,,
2410120071D,ATKINSON 3.8 OCV,DM3P8,2024-10-12 01:22:49,18.986,23.97,OK,26.7,26.65,OK,25.94,25.84,OK,26.17,25.89,OK,23.78,23.71,OK,26.63,26.54,OK,25.36,25.33,OK,25.47,25.42,OK,0,0,,0,0,,11.54,OK,11.6,OK,11.53,OK,11.4,OK,11.28,OK,11.78,OK,11.73,OK,0,,0,,12.78,OK,12.8,OK,12.83,OK,12.8,OK,12.8,OK,12.78,OK,12.79,OK,0,,0,,,,81.65,OK,,,,81.94,OK,,,,158.19,OK,,,,158.4,OK,,,,37.41,OK,,,,37.65,OK,,,,,,,,,,,,,,,,,
2410120053C,NEW KAPPAEX1.0,CM2P1,2024-10-12 01:23:17,18.685,27.21,OK,24.6,24.32,OK,24.06,23.85,OK,25.32,24.97,OK,23.36,23.17,OK,24.2,24.15,OK,21.94,21.47,OK,22.73,22.52,OK,0,0,,0,0,,15.36,OK,15.36,OK,15.36,OK,15.36,OK,15.36,OK,15.36,OK,15.36,OK,0,,0,,15.36,OK,15.36,OK,15.36,OK,15.36,OK,15.36,OK,15.36,OK,15.36,OK,0,,0,,,,54.44,OK,,,,53.33,OK,,,,-292.76,OK,,,,-292.26,OK,,,,171.8,OK,,,,171.3,OK,,,,,,,,,,,,,,,,,
2410120069D,ATKINSON 3.8 OCV,DM5P7,2024-10-12 01:23:41,18.992,23.87,OK,23.53,23.42,OK,24.34,24.25,OK,23.02,22.74,OK,23.74,23.65,OK,24.09,23.95,OK,24.09,23.95,OK,23.81,23.72,OK,0,0,,0,0,,2.11,OK,2.6,OK,2.59,OK,2.59,OK,2.61,OK,2.74,OK,2.7,OK,0,,0,,0.79,OK,0.82,OK,0.83,OK,0.81,OK,0.82,OK,0.82,OK,0.84,OK,0,,0,,,,81.28,OK,,,,81.92,OK,,,,158.28,OK,,,,158.69,OK,,,,38.05,OK,,,,38.18,OK,,,,,,,,,,,,,,,,,
2410120073D,ATKINSON 3.8 OCV,DM1P9,2024-10-12 01:24:36,18.994,24.2,OK,24.45,24.27,OK,26.05,25.98,OK,25.21,24.72,OK,26.14,26.14,OK,24.16,24.09,OK,25.15,25.03,OK,26.23,26.11,OK,0,0,,0,0,,11.29,OK,11.38,OK,11.37,OK,11.36,OK,11.41,OK,11.43,OK,11.47,OK,0,,0,,9.98,OK,9.93,OK,9.83,OK,10.2,OK,10.14,OK,10.11,OK,10.06,OK,0,,0,,,,81.97,OK,,,,82.06,OK,,,,158.08,OK,,,,158.4,OK,,,,38.06,OK,,,,37.65,OK,,,,,,,,,,,,,,,,,
2410120054C,NEW KAPPAEX1.0,CM3P3,2024-10-12 01:25:07,18.683,27.32,OK,26.32,25.71,OK,25.39,24.82,OK,25.09,24.85,OK,23.6,23.01,OK,23.96,23.67,OK,24.03,23.37,OK,23.26,22.65,OK,0,0,,0,0,,0,OK,0,OK,0,OK,0,OK,0,OK,0,OK,0,OK,0,,0,,0,OK,0,OK,0,OK,0,OK,0,OK,0,OK,0,OK,0,,0,,,,53.84,OK,,,,53.3,OK,,,,-291.75,OK,,,,-292.41,OK,,,,173.1,OK,,,,173.42,OK,,,,,,,,,,,,,,,,,
2410120072D,ATKINSON 3.8 OCV,DM2P1,2024-10-12 01:25:28,18.995,24.08,OK,27.73,27.7,OK,25.77,25.67,OK,24.92,24.72,OK,27.36,27.32,OK,26.32,26.27,OK,25.4,25.33,OK,24.34,24.24,OK,0,0,,0,0,,10.84,OK,11.11,OK,10.85,OK,10.71,OK,10.71,OK,10.76,OK,10.83,OK,0,,0,,10.22,OK,10.18,OK,10.19,OK,10.21,OK,10.16,OK,10.33,OK,10.21,OK,0,,0,,,,82.01,OK,,,,82.23,OK,,,,157.94,OK,,,,158.48,OK,,,,37.74,OK,,,,37.85,OK,,,,,,,,,,,,,,,,,
2410120056C,NEW KAPPAEX1.0,CM1P7,2024-10-12 01:25:56,18.692,27.11,OK,23.69,23.6,OK,22.06,21.64,OK,22.9,22.69,OK,22.15,21.36,OK,20.89,20.66,OK,21.94,21.17,OK,22.25,21.87,OK,0,0,,0,0,,5.77,OK,6.44,OK,6.45,OK,6.41,OK,6.91,OK,6.65,OK,6.62,OK,0,,0,,5.96,OK,6.34,OK,6.53,OK,6.38,OK,6.25,OK,6.44,OK,6.92,OK,0,,0,,,,54.15,OK,,,,55.86,NG,,,,-293.09,OK,,,,-293.78,OK,,,,172.66,OK,,,,172.8,OK,,,,,,,,,,,,,,,,,
2410120075D,ATKINSON 3.8 OCV,DM3P5,2024-10-12 01:26:24,18.996,22.9,OK,25.82,25.75,OK,25.36,25.33,OK,25.49,25.19,OK,24.1,23.99,OK,26.56,26.47,OK,26.03,26,OK,25.29,25.24,OK,0,0,,0,0,,11.47,OK,11.45,OK,11.61,OK,11.43,OK,11.25,OK,11.59,OK,11.7,OK,0,,0,,12.79,OK,12.78,OK,12.81,OK,12.76,OK,12.61,OK,12.78,OK,12.78,OK,0,,0,,,,82.05,OK,,,,81.87,OK,,,,158.2,OK,,,,158.58,OK,,,,37.7,OK,,,,37.81,OK,,,,,,,,,,,,,,,,,
2410120074D,ATKINSON 3.8 OCV,DM4P2,2024-10-12 01:27:16,18.996,24.31,OK,25.89,25.82,OK,24.08,24.03,OK,24.24,23.92,OK,26.7,26.58,OK,26.33,26.24,OK,25.91,25.87,OK,25.42,25.31,OK,0,0,,0,0,,11.6,OK,12.09,OK,12.04,OK,12.02,OK,12.14,OK,12.1,OK,12.07,OK,0,,0,,12.39,OK,12.65,OK,12.49,OK,12.52,OK,12.39,OK,12.58,OK,12.51,OK,0,,0,,,,81.87,OK,,,,82.09,OK,,,,158.7,OK,,,,158.13,OK,,,,37.87,OK,,,,37.53,OK,,,,,,,,,,,,,,,,,
2410120057C,NEW KAPPAEX1.0,CM2P2,2024-10-12 01:27:50,18.694,27.16,OK,24.85,24.6,OK,23.85,23.62,OK,23.92,23.57,OK,24.11,24.06,OK,23.1,23.06,OK,23.62,23.2,OK,22.66,22.54,OK,0,0,,0,0,,15.36,OK,15.36,OK,15.36,OK,15.36,OK,15.36,OK,15.36,OK,15.36,OK,0,,0,,15.36,OK,15.36,OK,15.36,OK,15.36,OK,15.36,OK,15.36,OK,15.36,OK,0,,0,,,,53.91,OK,,,,54.87,OK,,,,-292.48,OK,,,,-292.38,OK,,,,172.3,OK,,,,173.09,OK,,,,,,,,,,,,,,,,,
2410120077D,ATKINSON 3.8 OCV,DM1P3,2024-10-12 01:28:11,18.991,23.71,OK,25.89,25.66,OK,28.41,28.25,OK,25.78,25.39,OK,26.99,26.81,OK,27.33,27.24,OK,25.37,25.15,OK,24.9,24.83,OK,0,0,,0,0,,11.43,OK,11.42,OK,11.48,OK,11.41,OK,11.44,OK,11.44,OK,11.54,OK,0,,0,,9.86,OK,10.1,OK,9.93,OK,9.9,OK,9.97,OK,10.11,OK,10.09,OK,0,,0,,,,82.66,OK,,,,82.07,OK,,,,157.76,OK,,,,158.13,OK,,,,37.59,OK,,,,37.94,OK,,,,,,,,,,,,,,,,,
2410120078D,ATKINSON 3.8 OCV,DM2P7,2024-10-12 01:29:03,18.998,24.3,OK,25.74,25.69,OK,24.72,24.58,OK,24.8,24.68,OK,26.35,26.3,OK,27.29,27.27,OK,25.84,25.84,OK,25.11,25.01,OK,0,0,,0,0,,11.01,OK,11.37,OK,10.77,OK,11.29,OK,10.75,OK,10.72,OK,10.83,OK,0,,0,,10.44,OK,10.23,OK,10.33,OK,10.19,OK,10.26,OK,10.2,OK,10.22,OK,0,,0,,,,82.07,OK,,,,82.34,OK,,,,157.99,OK,,,,157.89,OK,,,,37.93,OK,,,,38.79,OK,,,,,,,,,,,,,,,,,
2410120058C,,C,2024-10-12 01:29:37,18.694,26.76,OK,,,,,,,,,,,,,,,,,,,,,,,,,,,,,,,,,,,,,,,,,,,,,,,,,,,,,,,,,,,,,,,,,,51.95,OK,,,,52.43,OK,,,,-293.22,OK,,,,-292.09,OK,,,,171.84,OK,,,,171.63,OK,,,,,,,,,,,,,,,,,
2410120076D,ATKINSON 3.8 OCV,DM5P6,2024-10-12 01:29:55,18.986,23.23,OK,24.41,24.37,OK,24.16,24.11,OK,24.55,24.32,OK,23.79,23.6,OK,24.13,24.04,OK,24.18,24.02,OK,23.18,23.11,OK,0,0,,0,0,,2.13,OK,2.64,OK,2.61,OK,2.61,OK,2.68,OK,2.66,OK,2.73,OK,0,,0,,0.78,OK,0.79,OK,0.81,OK,0.81,OK,0.81,OK,0.8,OK,0.83,OK,0,,0,,,,81.66,OK,,,,81.92,OK,,,,158.18,OK,,,,157.92,OK,,,,38.22,OK,,,,38.51,OK,,,,,,,,,,,,,,,,,
2410120059C,NEW KAPPAEX1.0,CM4P8,2024-10-12 01:30:26,18.692,26.86,OK,26.54,26.24,OK,24.41,24.17,OK,24.96,24.41,OK,23.44,23.11,OK,25.27,25.22,OK,23.82,23.02,OK,24.72,24.26,OK,0,0,,0,0,,0,OK,0,OK,0,OK,0,OK,0,OK,0,OK,0,OK,0,,0,,0,OK,0,OK,0,OK,0,OK,0,OK,0,OK,0,OK,0,,0,,,,54.66,OK,,,,53.21,OK,,,,-292.15,OK,,,,-292.16,OK,,,,170.59,OK,,,,171.53,OK,,,,,,,,,,,,,,,,,
2410120079D,ATKINSON 3.8 OCV,DM3P8,2024-10-12 01:30:50,18.997,24.86,OK,28.35,28.21,OK,25.77,25.66,OK,24.96,24.87,OK,24.06,24.06,OK,26,25.98,OK,26.52,26.49,OK,24.94,24.94,OK,0,0,,0,0,,11.44,OK,11.73,OK,11.13,OK,11.68,OK,11.28,OK,11.53,OK,11.62,OK,0,,0,,12.77,OK,12.83,OK,12.71,OK,12.8,OK,12.79,OK,12.81,OK,12.79,OK,0,,0,,,,81.5,OK,,,,81.63,OK,,,,158.56,OK,,,,158.45,OK,,,,37.49,OK,,,,37.9,OK,,,,,,,,,,,,,,,,,
2410120060C,NEW KAPPAEX1.0,CM1P6,2024-10-12 01:31:11,18.689,28.25,OK,24.28,24.16,OK,22.6,22.08,OK,23.51,23.39,OK,22.92,22.32,OK,21.45,21.22,OK,22.36,21.71,OK,23.53,22.99,OK,0,0,,0,0,,5.8,OK,6.4,OK,6.93,OK,6.64,OK,6.67,OK,6.81,OK,6.83,OK,0,,0,,6.19,OK,6.83,OK,6.39,OK,6.59,OK,6.39,OK,7.22,OK,6.25,OK,0,,0,,,,52.45,OK,,,,53.65,OK,,,,-292.31,OK,,,,-293.3,OK,,,,174.29,OK,,,,173.51,OK,,,,,,,,,,,,,,,,,
2410120080D,ATKINSON 3.8 OCV,DM4P4,2024-10-12 01:31:42,18.994,23.66,OK,25.66,25.63,OK,23.71,23.64,OK,25.05,24.94,OK,26.19,25.98,OK,25.96,25.77,OK,26.93,26.89,OK,26.65,26.49,OK,0,0,,0,0,,11.93,OK,12.07,OK,11.98,OK,11.98,OK,12.11,OK,12.12,OK,12.09,OK,0,,0,,12.53,OK,11.78,OK,12.54,OK,12.43,OK,12.36,OK,12.37,OK,12.41,OK,0,,0,,,,81.56,OK,,,,81.71,OK,,,,158,OK,,,,158.33,OK,,,,37.66,OK,,,,37.63,OK,,,,,,,,,,,,,,,,,
2410120061C,NEW KAPPAEX1.0,CM2P1,2024-10-12 01:31:57,18.695,27.21,OK,24.83,24.55,OK,23.36,23.08,OK,25.37,24.95,OK,24.15,23.69,OK,23.1,23.06,OK,22.1,21.87,OK,24.71,24.53,OK,0,0,,0,0,,15.36,OK,15.36,OK,15.36,OK,15.36,OK,15.36,OK,15.36,OK,15.36,OK,0,,0,,15.36,OK,15.36,OK,15.36,OK,15.36,OK,15.36,OK,15.36,OK,15.36,OK,0,,0,,,,53.25,OK,,,,53.04,OK,,,,-293.7,OK,,,,-291.82,OK,,,,171.5,OK,,,,172.1,OK,,,,,,,,,,,,,,,,,
2410120081D,ATKINSON 3.8 OCV,DM1P1,2024-10-12 01:32:37,18.99,25.3,OK,26.18,25.89,OK,27.78,27.67,OK,26.27,26.02,OK,28.66,28.57,OK,25.91,25.8,OK,26,25.91,OK,25.21,25.15,OK,0,0,,0,0,,11.41,OK,11.41,OK,11.41,OK,11.37,OK,11.67,OK,11.46,OK,11.88,OK,0,,0,,9.94,OK,10.18,OK,10.15,OK,10.22,OK,10.09,OK,10.18,OK,10.14,OK,0,,0,,,,82,OK,,,,82.38,OK,,,,157.72,OK,,,,158.2,OK,,,,37.27,OK,,,,37.47,OK,,,,,,,,,,,,,,,,,
2410120082D,ATKINSON 3.8 OCV,DM2P2,2024-10-12 01:33:29,18.998,24.48,OK,26.69,26.69,OK,23.92,23.85,OK,23.78,23.61,OK,25.98,25.91,OK,26.06,26.03,OK,24.65,24.55,OK,24.31,24.22,OK,0,0,,0,0,,10.76,OK,10.78,OK,10.78,OK,10.81,OK,10.82,OK,10.8,OK,10.81,OK,0,,0,,10.31,OK,10.18,OK,10.27,OK,10.22,OK,10.2,OK,10.19,OK,10.17,OK,0,,0,,,,81.48,OK,,,,82.28,OK,,,,157.91,OK,,,,158.05,OK,,,,37.83,OK,,,,37.58,OK,,,,,,,,,,,,,,,,,
2410120062C,NEW KAPPAEX1.0,CM3P3,2024-10-12 01:34:00,18.687,26.53,OK,24.73,24.28,OK,24.87,24.37,OK,24.89,24.66,OK,24.64,24.28,OK,23.4,23.15,OK,23.56,23.08,OK,24.1,23.37,OK,0,0,,0,0,,0,OK,0,OK,0,OK,0,OK,0,OK,0,OK,0,OK,0,,0,,0,OK,0,OK,0,OK,0,OK,0,OK,0,OK,0,OK,0,,0,,,,53.22,OK,,,,52.84,OK,,,,-292.37,OK,,,,-292.2,OK,,,,171.81,OK,,,,173.47,OK,,,,,,,,,,,,,,,,,
2410120084D,ATKINSON 3.8 OCV,DM3P5,2024-10-12 01:34:25,18.983,23.57,OK,26.68,26.61,OK,25.38,25.33,OK,26.35,25.96,OK,25.29,25.24,OK,27.12,27.05,OK,26.1,26.03,OK,26.4,26.35,OK,0,0,,0,0,,11.62,OK,11.65,OK,11.73,OK,11.82,OK,11.76,OK,11.29,OK,11.61,OK,0,,0,,12.81,OK,12.79,OK,12.77,OK,12.71,OK,12.79,OK,12.8,OK,12.81,OK,0,,0,,,,81.79,OK,,,,81.61,OK,,,,158.07,OK,,,,158.34,OK,,,,37.98,OK,,,,37.9,OK,,,,,,,,,,,,,,,,,
2410120063C,NEW KAPPAEX1.0,CM4P4,2024-10-12 01:34:52,18.686,27.26,OK,27.2,26.72,OK,24.94,24.7,OK,25.93,24.96,OK,22.12,21.84,OK,24.06,23.99,OK,22.39,21.4,OK,24.65,24.3,OK,0,0,,0,0,,0,OK,0,OK,0,OK,0,OK,0,OK,0,OK,0,OK,0,,0,,0,OK,0,OK,0,OK,0,OK,0,OK,0,OK,0,OK,0,,0,,,,54.07,OK,,,,53.8,OK,,,,-293.04,OK,,,,-292.31,OK,,,,171.6,OK,,,,173.97,OK,,,,,,,,,,,,,,,,,
2410120083D,ATKINSON 3.8 OCV,DM5P9,2024-10-12 01:35:17,18.992,24.23,OK,25.67,25.57,OK,24.34,24.27,OK,23.23,22.95,OK,24.04,23.93,OK,23.95,23.9,OK,24.23,24.16,OK,23.88,23.79,OK,0,0,,0,0,,2.11,OK,2.62,OK,2.62,OK,2.63,OK,2.69,OK,2.63,OK,2.61,OK,0,,0,,0.83,OK,0.81,OK,0.83,OK,0.81,OK,0.82,OK,0.87,OK,0.82,OK,0,,0,,,,82.16,OK,,,,81.31,OK,,,,158.62,OK,,,,158.96,OK,,,,38.84,OK,,,,38.19,OK,,,,,,,,,,,,,,,,,
2410120064C,NEW KAPPAEX1.0,CM1P7,2024-10-12 01:35:38,18.691,26.85,OK,21.66,21.38,OK,22.53,21.97,OK,23.3,23.13,OK,21.27,20.71,OK,21.62,21.36,OK,20.64,19.91,OK,23.16,22.62,OK,0,0,,0,0,,5.63,OK,6.75,OK,6.42,OK,6.38,OK,6.51,OK,7.09,OK,6.78,OK,0,,0,,6.37,OK,6.19,OK,6.42,OK,6.52,OK,6.84,OK,6.27,OK,6.5,OK,0,,0,,,,54.27,OK,,,,55.96,NG,,,,-292.73,OK,,,,-293.54,OK,,,,173.15,OK,,,,172.83,OK,,,,,,,,,,,,,,,,,
2410120086D,ATKINSON 3.8 OCV,DM1P3,2024-10-12 01:36:12,18.998,23.37,OK,24.99,24.83,OK,26.52,26.45,OK,26.18,25.73,OK,25.55,25.39,OK,24.83,24.76,OK,24.85,24.74,OK,24.65,24.54,OK,0,0,,0,0,,11.34,OK,11.42,OK,11.47,OK,11.37,OK,11.44,OK,11.4,OK,11.47,OK,0,,0,,9.84,OK,10.07,OK,10.12,OK,9.97,OK,10,OK,9.88,OK,9.97,OK,0,,0,,,,82.19,OK,,,,81.96,OK,,,,158.36,OK,,,,158.35,OK,,,,37.68,OK,,,,37.85,OK,,,,,,,,,,,,,,,,,
2410120067C,NEW KAPPAEX1.0,CM4P8,2024-10-12 01:36:26,18.698,26.91,OK,26.9,26.35,OK,23.13,22.87,OK,25.66,24.76,OK,25.95,25.55,OK,24.67,24.61,OK,24.06,23.38,OK,24.61,24.19,OK,0,0,,0,0,,0,OK,0,OK,0,OK,0,OK,0,OK,0,OK,0,OK,0,,0,,0,OK,0,OK,0,OK,0,OK,0,OK,0,OK,0,OK,0,,0,,,,54.23,OK,,,,52.72,OK,,,,-292.48,OK,,,,-292,OK,,,,170.44,OK,,,,172.58,OK,,,,,,,,,,,,,,,,,
2410120087D,ATKINSON 3.8 OCV,DM2P7,2024-10-12 01:37:04,18.986,24.3,OK,27.8,27.73,OK,25.67,25.57,OK,25.62,25.52,OK,25.62,25.55,OK,28.07,28.02,OK,26.01,25.94,OK,25.43,25.35,OK,0,0,,0,0,,10.82,OK,10.72,OK,10.93,OK,11.05,OK,11.31,OK,11.31,OK,10.81,OK,0,,0,,10.27,OK,10.2,OK,10.18,OK,10.34,OK,10.16,OK,10.27,OK,10.16,OK,0,,0,,,,81.77,OK,,,,80.7,OK,,,,157.69,OK,,,,158.04,OK,,,,38.15,OK,,,,39.23,OK,,,,,,,,,,,,,,,,,
2410120068C,NEW KAPPAEX1.0,CM1P6,2024-10-12 01:37:12,18.697,27.97,OK,22.92,22.69,OK,22.34,21.94,OK,23.25,23.11,OK,21.83,21.36,OK,21.64,21.43,OK,22.15,21.66,OK,22.76,22.48,OK,0,0,,0,0,,5.66,OK,6.45,OK,6.35,OK,6.42,OK,6.55,OK,6.78,OK,6.61,OK,0,,0,,5.94,OK,6.53,OK,6.65,OK,6.81,OK,6.4,OK,6.56,OK,6.5,OK,0,,0,,,,52.52,OK,,,,54.92,OK,,,,-292.25,OK,,,,-293.2,OK,,,,173.72,OK,,,,173.11,OK,,,,,,,,,,,,,,,,,
2410120088D,ATKINSON 3.8 OCV,DM3P4,2024-10-12 01:37:59,18.996,22.85,OK,25.49,25.38,OK,26.33,26.24,OK,26.05,25.7,OK,24.82,24.8,OK,26.28,26.26,OK,26.47,26.42,OK,26.61,26.54,OK,0,0,,0,0,,11.62,OK,11.76,OK,11.63,OK,11.76,OK,11.71,OK,11.75,OK,11.71,OK,0,,0,,12.76,OK,12.79,OK,12.8,OK,12.77,OK,12.77,OK,12.79,OK,12.77,OK,0,,0,,,,81.81,OK,,,,82.06,OK,,,,157.4,OK,,,,157.97,OK,,,,37.54,OK,,,,37.79,OK,,,,,,,,,,,,,,,,,
2410120066C,NEW KAPPAEX1.0,CM3P9,2024-10-12 01:38:01,18.693,27.18,OK,24.8,24.6,OK,25.07,24.64,OK,24.62,24.17,OK,23.53,23.22,OK,24.69,24.37,OK,23.51,22.83,OK,23.65,22.97,OK,0,0,,0,0,,0,OK,0,OK,0,OK,0,OK,0,OK,0,OK,0,OK,0,,0,,0,OK,0,OK,0,OK,0,OK,0,OK,0,OK,0,OK,0,,0,,,,51.73,OK,,,,52.94,OK,,,,-293.98,OK,,,,-291.98,OK,,,,172.79,OK,,,,172.77,OK,,,,,,,,,,,,,,,,,
2410120069C,NEW KAPPAEX1.0,CM2P1,2024-10-12 01:38:46,18.694,27.42,OK,25.37,25.32,OK,22.33,22.12,OK,23.52,23.2,OK,23.34,23.01,OK,24.08,24.04,OK,22.82,22.4,OK,22.61,22.24,OK,0,0,,0,0,,15.36,OK,15.36,OK,15.36,OK,15.36,OK,15.36,OK,15.36,OK,15.36,OK,0,,0,,15.36,OK,15.36,OK,15.36,OK,15.36,OK,15.36,OK,15.36,OK,15.36,OK,0,,0,,,,52.77,OK,,,,53.51,OK,,,,-293.06,OK,,,,-292,OK,,,,171.89,OK,,,,173.08,OK,,,,,,,,,,,,,,,,,
2410120085D,ATKINSON 3.8 OCV,DM4P6,2024-10-12 01:38:54,18.99,23.5,OK,27.35,27.26,OK,25.31,25.24,OK,25.94,25.73,OK,27.68,27.63,OK,26.45,26.33,OK,26.33,26.28,OK,26.24,26.24,OK,0,0,,0,0,,11.87,OK,11.96,OK,11.96,OK,11.92,OK,11.99,OK,12.12,OK,11.88,OK,0,,0,,12.25,OK,11.77,OK,12.53,OK,12.42,OK,12.41,OK,12.43,OK,12.27,OK,0,,0,,,,82.61,OK,,,,82.88,OK,,,,157.68,OK,,,,157.32,OK,,,,37.64,OK,,,,37.7,OK,,,,,,,,,,,,,,,,,
2410120070C,NEW KAPPAEX1.0,CM3P3,2024-10-12 01:39:35,18.699,27.5,OK,26.29,25.73,OK,24.87,24.62,OK,23.33,23.03,OK,23.83,23.44,OK,23.1,22.81,OK,24.03,23.42,OK,22.85,22.2,OK,0,0,,0,0,,0,OK,0,OK,0,OK,0,OK,0,OK,0,OK,0,OK,0,,0,,0,OK,0,OK,0,OK,0,OK,0,OK,0,OK,0,OK,0,,0,,,,53.2,OK,,,,52.62,OK,,,,-291.54,OK,,,,-292.5,OK,,,,171.7,OK,,,,172.79,OK,,,,,,,,,,,,,,,,,
2410120090D,ATKINSON 3.8 OCV,DM1P2,2024-10-12 01:39:50,18.992,25.46,OK,27.31,27.22,OK,28.32,28.25,OK,26.02,25.69,OK,25.78,25.73,OK,24.56,24.49,OK,24.83,24.74,OK,25.44,25.39,OK,0,0,,0,0,,11.42,OK,11.39,OK,11.37,OK,11.37,OK,11.66,OK,11.44,OK,11.51,OK,0,,0,,10,OK,10.1,OK,10.17,OK,10.2,OK,10.18,OK,10.15,OK,10.19,OK,0,,0,,,,81.76,OK,,,,82.09,OK,,,,157.74,OK,,,,158.11,OK,,,,37.87,OK,,,,37.71,OK,,,,,,,,,,,,,,,,,
2410120071C,NEW KAPPAEX1.0,CM4P4,2024-10-12 01:40:24,18.694,27.62,OK,27.47,27.2,OK,23.2,23,OK,25.62,24.78,OK,24.54,24.08,OK,26.32,25.97,OK,23.71,23.4,OK,24.06,23.42,OK,0,0,,0,0,,0,OK,0,OK,0,OK,0,OK,0,OK,0,OK,0,OK,0,,0,,0,OK,0,OK,0,OK,0,OK,0,OK,0,OK,0,OK,0,,0,,,,53.15,OK,,,,53.39,OK,,,,-293.01,OK,,,,-293.09,OK,,,,171.57,OK,,,,173.49,OK,,,,,,,,,,,,,,,,,
2410120091D,ATKINSON 3.8 OCV,DM2P9,2024-10-12 01:40:42,18.991,24.77,OK,28.14,28.04,OK,24.75,24.68,OK,23.73,23.44,OK,25.35,25.28,OK,26.25,26.2,OK,25.28,25.18,OK,23.97,23.97,OK,0,0,,0,0,,10.81,OK,10.86,OK,10.74,OK,10.81,OK,10.73,OK,10.83,OK,10.8,OK,0,,0,,10.36,OK,10.53,OK,10.37,OK,10.19,OK,10.23,OK,10.2,OK,10.25,OK,0,,0,,,,81.46,OK,,,,81.92,OK,,,,158.27,OK,,,,158.76,OK,,,,38.54,OK,,,,38.19,OK,,,,,,,,,,,,,,,,,
2410120072C,NEW KAPPAEX1.0,CM1P7,2024-10-12 01:41:09,18.69,27.48,OK,23.58,23.51,OK,23.27,22.5,OK,22.85,22.74,OK,21.69,21.2,OK,22.83,22.71,OK,21.85,20.96,OK,21.59,20.99,OK,0,0,,0,0,,6.04,OK,6.39,OK,6.37,OK,6.36,OK,6.88,OK,6.67,OK,6.72,OK,0,,0,,6.09,OK,6.61,OK,6.72,OK,6.52,OK,6.56,OK,6.65,OK,6.59,OK,0,,0,,,,53.86,OK,,,,54.09,OK,,,,-292.16,OK,,,,-295.5,NG,,,,172.71,OK,,,,172.52,OK,,,,,,,,,,,,,,,,,
2410120089D,ATKINSON 3.8 OCV,DM5P8,2024-10-12 01:41:37,18.998,24.35,OK,24.18,24,OK,24.02,23.97,OK,24.16,23.95,OK,26.27,26.13,OK,24.18,24.09,OK,25.8,25.67,OK,24.64,24.58,OK,0,0,,0,0,,2.09,OK,2.67,OK,2.62,OK,2.72,OK,2.69,OK,2.65,OK,2.65,OK,0,,0,,0.79,OK,0.79,OK,0.81,OK,0.84,OK,0.83,OK,0.86,OK,0.85,OK,0,,0,,,,81.05,OK,,,,81.01,OK,,,,158.39,OK,,,,158.73,OK,,,,37.97,OK,,,,38.07,OK,,,,,,,,,,,,,,,,,
2410120073C,NEW KAPPAEX1.0,CM2P2,2024-10-12 01:41:58,18.695,26.96,OK,24.69,24.36,OK,24.46,24.18,OK,24.08,23.71,OK,24.04,23.78,OK,23.17,23.1,OK,22.94,22.66,OK,23.62,23.5,OK,0,0,,0,0,,15.36,OK,15.36,OK,15.36,OK,15.36,OK,15.36,OK,15.36,OK,15.36,OK,0,,0,,15.36,OK,15.36,OK,15.36,OK,15.36,OK,15.36,OK,15.36,OK,15.36,OK,0,,0,,,,54.1,OK,,,,54.31,OK,,,,-292.47,OK,,,,-292.7,OK,,,,172.46,OK,,,,173.28,OK,,,,,,,,,,,,,,,,,
2410120092D,ATKINSON 3.8 OCV,DM3P5,2024-10-12 01:42:29,18.991,25.03,OK,28.37,28.35,OK,25.91,25.89,OK,27.21,26.86,OK,23.31,23.24,OK,27.47,27.4,OK,25.8,25.68,OK,26.98,26.93,OK,0,0,,0,0,,11.48,OK,11.71,OK,11.79,OK,11.69,OK,11.54,OK,11.8,OK,11.74,OK,0,,0,,12.79,OK,12.78,OK,12.74,OK,12.9,OK,12.75,OK,12.77,OK,12.83,OK,0,,0,,,,81.85,OK,,,,81.75,OK,,,,157.99,OK,,,,158.18,OK,,,,37.61,OK,,,,37.8,OK,,,,,,,,,,,,,,,,,
2410120074C,,C,2024-10-12 01:42:43,18.698,26.9,OK,,,,,,,,,,,,,,,,,,,,,,,,,,,,,,,,,,,,,,,,,,,,,,,,,,,,,,,,,,,,,,,,,,52.39,OK,,,,52.66,OK,,,,-294.01,OK,,,,-292.15,OK,,,,171.74,OK,,,,172.8,OK,,,,,,,,,,,,,,,,,
2410120094D,ATKINSON 3.8 OCV,DM1P3,2024-10-12 01:43:24,18.99,23.93,OK,27.46,27.24,OK,27.06,26.88,OK,26.34,26.11,OK,26.16,26.05,OK,25.1,24.99,OK,25.42,25.39,OK,25.89,25.87,OK,0,0,,0,0,,11.45,OK,11.39,OK,11.36,OK,11.4,OK,11.48,OK,11.48,OK,11.48,OK,0,,0,,9.99,OK,9.82,OK,10.12,OK,10.21,OK,10.12,OK,10.11,OK,10.12,OK,0,,0,,,,82.11,OK,,,,81.78,OK,,,,158.12,OK,,,,158.34,OK,,,,37.79,OK,,,,37.91,OK,,,,,,,,,,,,,,,,,
2410120075C,NEW KAPPAEX1.0,CM4P8,2024-10-12 01:43:39,18.699,27.05,OK,27.23,26.61,OK,24.94,24.67,OK,25.55,24.76,OK,23.29,23,OK,25.8,25.77,OK,24.26,24.01,OK,23.6,23.11,OK,0,0,,0,0,,0,OK,0,OK,0,OK,0,OK,0,OK,0,OK,0,OK,0,,0,,0,OK,0,OK,0,OK,0,OK,0,OK,0,OK,0,OK,0,,0,,,,54.71,OK,,,,52.28,OK,,,,-291.46,OK,,,,-291.94,OK,,,,170.95,OK,,,,172.6,OK,,,,,,,,,,,,,,,,,
2410120095D,ATKINSON 3.8 OCV,DM2P7,2024-10-12 01:44:16,18.992,24.13,OK,29.79,29.69,OK,25.09,25.01,OK,25.43,25.31,OK,27.1,27.1,OK,26.44,26.37,OK,24.89,24.87,OK,24.22,24.14,OK,0,0,,0,0,,10.72,OK,11.07,OK,10.87,OK,11,OK,10.83,OK,10.8,OK,10.83,OK,0,,0,,10.29,OK,10.26,OK,10.24,OK,10.22,OK,10.23,OK,10.2,OK,10.26,OK,0,,0,,,,82.24,OK,,,,81.1,OK,,,,157.85,OK,,,,158.05,OK,,,,37.68,OK,,,,37.97,OK,,,,,,,,,,,,,,,,,
2410120076C,NEW KAPPAEX1.0,CM1P6,2024-10-12 01:44:24,18.696,27.17,OK,22.11,22.06,OK,21.71,21.1,OK,21.83,21.69,OK,20.73,20.31,OK,21.87,21.69,OK,21.69,21.15,OK,21.38,21.03,OK,0,0,,0,0,,5.71,OK,6.66,OK,6.41,OK,6.49,OK,6.7,OK,7.3,OK,6.78,OK,0,,0,,6.04,OK,6.15,OK,6.46,OK,6.44,OK,7.09,OK,6.62,OK,6.38,OK,0,,0,,,,52.41,OK,,,,54.63,OK,,,,-292.17,OK,,,,-293.33,OK,,,,173.89,OK,,,,173.31,OK,,,,,,,,,,,,,,,,,
2410120093D,ATKINSON 3.8 OCV,DM4P1,2024-10-12 01:45:08,18.986,24.01,OK,25.33,25.26,OK,23.85,23.85,OK,25.26,25.15,OK,26.52,26.4,OK,26.35,26.31,OK,26.19,26.07,OK,26.65,26.56,OK,0,0,,0,0,,11.82,OK,11.93,OK,11.94,OK,12.04,OK,11.98,OK,12.15,OK,12.17,OK,0,,0,,12.4,OK,12.52,OK,12.27,OK,11.93,OK,12.33,OK,12.39,OK,12.45,OK,0,,0,,,,82.08,OK,,,,82.02,OK,,,,158.04,OK,,,,158.26,OK,,,,37.77,OK,,,,37.56,OK,,,,,,,,,,,,,,,,,
2410120077C,NEW KAPPAEX1.0,CM2P1,2024-10-12 01:45:10,18.697,27.12,OK,22.94,22.78,OK,23.01,22.54,OK,23.9,23.45,OK,21.66,21.52,OK,23.24,23.15,OK,22.19,21.91,OK,23.2,22.99,OK,0,0,,0,0,,15.36,OK,15.36,OK,15.36,OK,15.36,OK,15.36,OK,15.36,OK,15.36,OK,0,,0,,15.36,OK,15.36,OK,15.36,OK,15.36,OK,15.36,OK,15.36,OK,15.36,OK,0,,0,,,,53.59,OK,,,,53.49,OK,,,,-292.69,OK,,,,-292.23,OK,,,,173.07,OK,,,,171.32,OK,,,,,,,,,,,,,,,,,
2410120097D,ATKINSON 3.8 OCV,DM3P4,2024-10-12 01:46:00,18.992,24.52,OK,27.33,27.26,OK,27.05,26.93,OK,26.19,25.89,OK,24.1,24.08,OK,26.61,26.49,OK,26.77,26.7,OK,26.77,26.63,OK,0,0,,0,0,,11.62,OK,11.65,OK,11.64,OK,11.65,OK,11.71,OK,11.74,OK,11.72,OK,0,,0,,12.84,OK,12.79,OK,12.79,OK,12.8,OK,12.76,OK,12.77,OK,12.86,OK,0,,0,,,,81.77,OK,,,,82.17,OK,,,,157.64,OK,,,,158.28,OK,,,,37.5,OK,,,,37.5,OK,,,,,,,,,,,,,,,,,
2410120078C,NEW KAPPAEX1.0,CM3P3,2024-10-12 01:46:08,18.688,27.95,OK,25.89,25.39,OK,25.16,24.85,OK,24.57,24.3,OK,23.44,22.85,OK,21.41,21.34,OK,24.51,23.87,OK,23.35,22.7,OK,0,0,,0,0,,0,OK,0,OK,0,OK,0,OK,0,OK,0,OK,0,OK,0,,0,,0,OK,0,OK,0,OK,0,OK,0,OK,0,OK,0,OK,0,,0,,,,53.76,OK,,,,53.92,OK,,,,-292.38,OK,,,,-292.57,OK,,,,172.33,OK,,,,171.95,OK,,,,,,,,,,,,,,,,,
2410120098D,ATKINSON 3.8 OCV,DM1P2,2024-10-12 01:46:55,18.986,21.97,OK,24.61,24.31,OK,27.1,27.04,OK,26.38,26.16,OK,26.02,25.98,OK,25.35,25.3,OK,24.4,24.29,OK,24.94,24.9,OK,0,0,,0,0,,11.52,OK,11.38,OK,11.41,OK,11.36,OK,11.46,OK,11.46,OK,11.51,OK,0,,0,,9.99,OK,10.15,OK,10.2,OK,10.17,OK,10.05,OK,10.18,OK,10.22,OK,0,,0,,,,81.87,OK,,,,81.91,OK,,,,157.54,OK,,,,158.02,OK,,,,37.66,OK,,,,38.09,OK,,,,,,,,,,,,,,,,,
2410120079C,NEW KAPPAEX1.0,CM4P4,2024-10-12 01:47:13,18.696,27.3,OK,27.01,26.5,OK,24.78,24.43,OK,26.21,25.55,OK,25.27,25.03,OK,27.05,27.01,OK,24.85,24.56,OK,24.81,24.21,OK,0,0,,0,0,,0,OK,0,OK,0,OK,0,OK,0,OK,0,OK,0,OK,0,,0,,0,OK,0,OK,0,OK,0,OK,0,OK,0,OK,0,OK,0,,0,,,,53.7,OK,,,,53.2,OK,,,,-293.49,OK,,,,-292.37,OK,,,,171.83,OK,,,,172.56,OK,,,,,,,,,,,,,,,,,
2410120099D,ATKINSON 3.8 OCV,DM2P9,2024-10-12 01:47:47,18.986,21.97,OK,27.22,27.22,OK,24.94,24.85,OK,25.01,24.92,OK,27.51,27.41,OK,27.03,27.03,OK,24.38,24.29,OK,26.4,26.35,OK,0,0,,0,0,,11.12,OK,11.46,OK,10.7,OK,11.5,OK,11.02,OK,10.86,OK,10.81,OK,0,,0,,10.29,OK,10.24,OK,10.23,OK,10.3,OK,10.31,OK,10.26,OK,10.19,OK,0,,0,,,,81.66,OK,,,,82.29,OK,,,,158.38,OK,,,,158.51,OK,,,,38.38,OK,,,,38.04,OK,,,,,,,,,,,,,,,,,
2410120080C,NEW KAPPAEX1.0,CM1P7,2024-10-12 01:48:02,18.688,26.92,OK,22.99,22.78,OK,22.88,22.39,OK,22.92,22.78,OK,21.45,21.17,OK,22.08,21.92,OK,23.09,22.62,OK,23.27,22.78,OK,0,0,,0,0,,5.67,OK,6.49,OK,6.41,OK,6.46,OK,7.03,OK,6.68,OK,6.58,OK,0,,0,,6.03,OK,6.35,OK,6.64,OK,6.79,OK,6.34,OK,6.69,OK,6.76,OK,0,,0,,,,54.24,OK,,,,55.29,OK,,,,-292.94,OK,,,,-294.38,OK,,,,172.94,OK,,,,172.93,OK,,,,,,,,,,,,,,,,,
2410120096D,ATKINSON 3.8 OCV,DM5P6,2024-10-12 01:48:39,18.997,24.08,OK,22.3,22.26,OK,25.94,25.9,OK,24.44,24.3,OK,24.34,24.04,OK,23.65,23.55,OK,23.88,23.74,OK,24.53,24.44,OK,0,0,,0,0,,2.05,OK,2.63,OK,2.61,OK,2.67,OK,2.67,OK,2.63,OK,2.62,OK,0,,0,,0.78,OK,0.81,OK,0.83,OK,0.82,OK,0.82,OK,0.84,OK,0.81,OK,0,,0,,,,81.82,OK,,,,82.06,OK,,,,157.79,OK,,,,157.79,OK,,,,37.57,OK,,,,38.42,OK,,,,,,,,,,,,,,,,,
2410120081C,NEW KAPPAEX1.0,CM2P2,2024-10-12 01:48:51,18.698,26.7,OK,23.64,23.41,OK,22.8,22.52,OK,24.62,24.2,OK,22.87,22.61,OK,23.31,23.31,OK,23.94,23.48,OK,23.76,23.64,OK,0,0,,0,0,,15.36,OK,15.36,OK,15.36,OK,15.36,OK,15.36,OK,15.36,OK,15.36,OK,0,,0,,15.36,OK,15.36,OK,15.36,OK,15.36,OK,15.36,OK,15.36,OK,15.36,OK,0,,0,,,,54.15,OK,,,,54.74,OK,,,,-292.48,OK,,,,-292.77,OK,,,,173.51,OK,,,,172.26,OK,,,,,,,,,,,,,,,,,
2410120100D,ATKINSON 3.8 OCV,DM4P8,2024-10-12 01:49:31,18.988,23.83,OK,24.47,24.47,OK,24.22,24.15,OK,25.63,25.42,OK,25.29,25.22,OK,24.45,24.29,OK,25.7,25.61,OK,25.17,25.15,OK,0,0,,0,0,,11.8,OK,11.94,OK,12.08,OK,11.96,OK,12.02,OK,11.97,OK,11.95,OK,0,,0,,12.3,OK,12.46,OK,11.81,OK,12.42,OK,12.53,OK,12.28,OK,12.37,OK,0,,0,,,,81.6,OK,,,,81.8,OK,,,,158.36,OK,,,,158.64,OK,,,,37.45,OK,,,,37.69,OK,,,,,,,,,,,,,,,,,
2410120082C,NEW KAPPAEX1.0,CM3P9,2024-10-12 01:49:36,18.691,27.71,OK,26.2,25.77,OK,24.66,24.42,OK,25.37,25.07,OK,24.48,23.94,OK,23.51,23.15,OK,23.42,22.83,OK,23.01,22.33,OK,0,0,,0,0,,0,OK,0,OK,0,OK,0,OK,0,OK,0,OK,0,OK,0,,0,,0,OK,0,OK,0,OK,0,OK,0,OK,0,OK,0,OK,0,,0,,,,52.11,OK,,,,52.08,OK,,,,-292.98,OK,,,,-291.92,OK,,,,172.23,OK,,,,172.47,OK,,,,,,,,,,,,,,,,,
2410120102D,ATKINSON 3.8 OCV,DM1P3,2024-10-12 01:50:27,18.996,23.28,OK,24.54,24.36,OK,26.25,26.16,OK,24.47,24.13,OK,26.47,26.36,OK,25.26,25.19,OK,25.46,25.39,OK,25.08,25.03,OK,0,0,,0,0,,11.37,OK,11.39,OK,11.48,OK,11.35,OK,11.44,OK,11.4,OK,11.45,OK,0,,0,,9.91,OK,10,OK,9.93,OK,9.92,OK,10.02,OK,9.92,OK,9.9,OK,0,,0,,,,82.22,OK,,,,81.91,OK,,,,158.3,OK,,,,158.67,OK,,,,37.82,OK,,,,37.62,OK,,,,,,,,,,,,,,,,,
2410120083C,NEW KAPPAEX1.0,CM4P8,2024-10-12 01:50:48,18.698,27.28,OK,26.43,25.84,OK,24.15,23.95,OK,24.81,24.15,OK,22.96,22.8,OK,25.09,24.98,OK,23.84,23.57,OK,23.44,23.07,OK,0,0,,0,0,,0,OK,0,OK,0,OK,0,OK,0,OK,0,OK,0,OK,0,,0,,0,OK,0,OK,0,OK,0,OK,0,OK,0,OK,0,OK,0,,0,,,,54.3,OK,,,,53.39,OK,,,,-292.29,OK,,,,-291.88,OK,,,,171.76,OK,,,,172.92,OK,,,,,,,,,,,,,,,,,
2410120103D,ATKINSON 3.8 OCV,DM2P7,2024-10-12 01:51:22,18.987,21.91,OK,26.32,26.15,OK,25.01,24.97,OK,25.57,25.45,OK,26.37,26.32,OK,25.64,25.62,OK,25.04,24.99,OK,24.77,24.68,OK,0,0,,0,0,,10.79,OK,11.07,OK,11.22,OK,11.07,OK,11.35,OK,11.43,OK,10.82,OK,0,,0,,10.17,OK,10.3,OK,10.16,OK,10.15,OK,10.21,OK,10.16,OK,10.25,OK,0,,0,,,,81.62,OK,,,,81.66,OK,,,,158.05,OK,,,,158.3,OK,,,,37.95,OK,,,,38.41,OK,,,,,,,,,,,,,,,,,
2410120084C,NEW KAPPAEX1.0,CM1P6,2024-10-12 01:51:33,18.684,27.52,OK,23.3,23.11,OK,21.87,21.48,OK,22.69,22.46,OK,21.73,21.06,OK,22.41,22.27,OK,21.29,20.96,OK,22.2,22.13,OK,0,0,,0,0,,5.81,OK,6.44,OK,6.34,OK,6.73,OK,6.55,OK,6.68,OK,6.55,OK,0,,0,,6.08,OK,6.44,OK,6.38,OK,6.19,OK,6.34,OK,6.79,OK,6.2,OK,0,,0,,,,52.86,OK,,,,55.1,OK,,,,-292.58,OK,,,,-293.36,OK,,,,174.57,OK,,,,173.34,OK,,,,,,,,,,,,,,,,,
2410120101D,ATKINSON 3.8 OCV,DM3P1,2024-10-12 01:52:17,18.985,24.27,OK,26.17,26.07,OK,26.65,26.61,OK,27.21,26.93,OK,24.15,24.1,OK,26.93,26.82,OK,26.49,26.47,OK,25.77,25.73,OK,0,0,,0,0,,11.41,OK,11.66,OK,11.74,OK,11.76,OK,11.91,OK,11.83,OK,11.61,OK,0,,0,,12.73,OK,12.82,OK,12.77,OK,12.76,OK,12.76,OK,12.77,OK,12.78,OK,0,,0,,,,81.95,OK,,,,82.14,OK,,,,157.76,OK,,,,158.4,OK,,,,37.29,OK,,,,37.25,OK,,,,,,,,,,,,,,,,,
2410120085C,NEW KAPPAEX1.0,CM2P1,2024-10-12 01:52:22,18.695,26.86,OK,23.17,22.94,OK,23.13,22.87,OK,23.9,23.57,OK,23.13,22.87,OK,22.68,22.61,OK,21.35,21.14,OK,21.96,21.73,OK,0,0,,0,0,,15.36,OK,15.36,OK,15.36,OK,15.36,OK,15.36,OK,15.36,OK,15.36,OK,0,,0,,15.36,OK,15.36,OK,15.36,OK,15.36,OK,15.36,OK,15.36,OK,15.36,OK,0,,0,,,,54.25,OK,,,,54.14,OK,,,,-293.01,OK,,,,-291.95,OK,,,,172.82,OK,,,,171.47,OK,,,,,,,,,,,,,,,,,
2410120104D,ATKINSON 3.8 OCV,DM5P5,2024-10-12 01:53:12,18.984,24.61,OK,22.9,22.84,OK,24.64,24.53,OK,24.02,23.69,OK,24.13,24,OK,23.3,23.25,OK,23.67,23.55,OK,24.51,24.39,OK,0,0,,0,0,,2.1,OK,2.63,OK,2.62,OK,2.67,OK,2.68,OK,2.65,OK,2.59,OK,0,,0,,0.8,OK,0.82,OK,0.83,OK,0.82,OK,0.83,OK,0.84,OK,0.85,OK,0,,0,,,,81.9,OK,,,,81.07,OK,,,,158.53,OK,,,,158.99,OK,,,,38.32,OK,,,,38.13,OK,,,,,,,,,,,,,,,,,
2410120106D,ATKINSON 3.8 OCV,DM1P2,2024-10-12 01:54:04,18.987,21.38,OK,27.71,27.58,OK,27.13,27.08,OK,25.44,25.17,OK,26.5,26.47,OK,25.64,25.57,OK,24.99,24.85,OK,25.35,25.26,OK,0,0,,0,0,,11.43,OK,11.4,OK,11.36,OK,11.43,OK,11.47,OK,11.48,OK,11.47,OK,0,,0,,9.91,OK,10.05,OK,10.07,OK,10.09,OK,10.11,OK,10.15,OK,10.07,OK,0,,0,,,,81.68,OK,,,,82.04,OK,,,,157.6,OK,,,,157.88,OK,,,,37.82,OK,,,,37.79,OK,,,,,,,,,,,,,,,,,
2410120086C,NEW KAPPAEX1.0,CM3P3,2024-10-12 01:54:09,18.693,27.08,OK,26.11,25.61,OK,24.12,23.8,OK,24.46,24.23,OK,24.62,23.76,OK,22.88,22.65,OK,23.78,23.35,OK,22.49,21.77,OK,0,0,,0,0,,0,OK,0,OK,0,OK,0,OK,0,OK,0,OK,0,OK,0,,0,,0,OK,0,OK,0,OK,0,OK,0,OK,0,OK,0,OK,0,,0,,,,52.89,OK,,,,52.62,OK,,,,-292.89,OK,,,,-292.01,OK,,,,172.35,OK,,,,173.27,OK,,,,,,,,,,,,,,,,,
2410120107D,ATKINSON 3.8 OCV,DM2P9,2024-10-12 01:54:56,18.997,23.85,OK,26.2,26.08,OK,23.63,23.54,OK,24.82,24.63,OK,28.33,28.31,OK,27.22,27.17,OK,24.89,24.8,OK,24.89,24.82,OK,0,0,,0,0,,11.11,OK,11.48,OK,11.06,OK,10.79,OK,10.95,OK,10.99,OK,10.81,OK,0,,0,,10.26,OK,10.25,OK,10.22,OK,10.23,OK,10.22,OK,10.29,OK,10.31,OK,0,,0,,,,81.76,OK,,,,82.05,OK,,,,157.95,OK,,,,158.71,OK,,,,38.41,OK,,,,37.93,OK,,,,,,,,,,,,,,,,,
2410120087C,NEW KAPPAEX1.0,CM4P4,2024-10-12 01:55:08,18.696,26.73,OK,25.53,24.96,OK,22.89,22.69,OK,24.72,24.17,OK,24.94,24.63,OK,24.1,24.08,OK,23.07,22.5,OK,23.53,23.24,OK,0,0,,0,0,,0,OK,0,OK,0,OK,0,OK,0,OK,0,OK,0,OK,0,,0,,0,OK,0,OK,0,OK,0,OK,0,OK,0,OK,0,OK,0,,0,,,,53.86,OK,,,,53.19,OK,,,,-293.45,OK,,,,-292.82,OK,,,,172.73,OK,,,,173.8,OK,,,,,,,,,,,,,,,,,
2410120108D,ATKINSON 3.8 OCV,DM3P4,2024-10-12 01:55:55,18.987,24.3,OK,26.19,26.12,OK,24.73,24.68,OK,25.89,25.49,OK,23.08,23.06,OK,26.58,26.58,OK,25.94,25.89,OK,25.08,25.03,OK,0,0,,0,0,,11.62,OK,11.65,OK,11.65,OK,11.63,OK,11.65,OK,11.75,OK,11.66,OK,0,,0,,12.79,OK,12.77,OK,12.79,OK,12.77,OK,12.78,OK,12.78,OK,12.77,OK,0,,0,,,,81.58,OK,,,,82.07,OK,,,,157.87,OK,,,,158.2,OK,,,,37.5,OK,,,,37.6,OK,,,,,,,,,,,,,,,,,
2410120088C,NEW KAPPAEX1.0,CM1P7,2024-10-12 01:56:06,18.687,27.06,OK,24.28,24.07,OK,23.37,22.9,OK,23.13,23.02,OK,22.76,22.2,OK,22.76,22.67,OK,22.74,22.13,OK,22.48,22.29,OK,0,0,,0,0,,5.66,OK,6.73,OK,6.57,OK,6.49,OK,6.56,OK,6.57,OK,6.6,OK,0,,0,,6.34,OK,6.34,OK,6.3,OK,6.67,OK,6.62,OK,6.6,OK,6.24,OK,0,,0,,,,55.07,OK,,,,55,OK,,,,-292.71,OK,,,,-294.16,OK,,,,172.71,OK,,,,172.93,OK,,,,,,,,,,,,,,,,,
2410120105D,ATKINSON 3.8 OCV,DM4P6,2024-10-12 01:56:50,18.998,24.88,OK,24.78,24.61,OK,23.82,23.75,OK,24.57,24.38,OK,25.89,25.84,OK,25.66,25.56,OK,25.77,25.63,OK,26.54,26.45,OK,0,0,,0,0,,11.63,OK,12.08,OK,12.12,OK,12.12,OK,12.1,OK,12.15,OK,12.1,OK,0,,0,,12.42,OK,12.37,OK,12.39,OK,12.35,OK,12.37,OK,11.94,OK,12.51,OK,0,,0,,,,83.02,OK,,,,83.02,OK,,,,157.23,OK,,,,157.05,OK,,,,37.09,OK,,,,37.34,OK,,,,,,,,,,,,,,,,,
2410120089C,NEW KAPPAEX1.0,CM2P2,2024-10-12 01:56:55,18.694,26.91,OK,25.9,25.76,OK,24.88,24.69,OK,24.34,23.97,OK,23.48,23.17,OK,23.34,23.29,OK,22.82,22.5,OK,24.11,23.8,OK,0,0,,0,0,,15.36,OK,15.36,OK,15.36,OK,15.36,OK,15.36,OK,15.36,OK,15.36,OK,0,,0,,15.36,OK,15.36,OK,15.36,OK,15.36,OK,15.36,OK,15.36,OK,15.36,OK,0,,0,,,,54.15,OK,,,,54.67,OK,,,,-292.45,OK,,,,-291.9,OK,,,,173.32,OK,,,,172.71,OK,,,,,,,,,,,,,,,,,
2410120090C,NEW KAPPAEX1.0,CM3P9,2024-10-12 01:57:41,18.688,26.27,OK,24.21,23.78,OK,22.81,22.58,OK,23.46,23.13,OK,22.94,22.63,OK,22.76,22.65,OK,22.4,21.77,OK,22.88,22.17,OK,0,0,,0,0,,0,OK,0,OK,0,OK,0,OK,0,OK,0,OK,0,OK,0,,0,,0,OK,0,OK,0,OK,0,OK,0,OK,0,OK,0,OK,0,,0,,,,52.42,OK,,,,52.75,OK,,,,-292.78,OK,,,,-292.11,OK,,,,172.49,OK,,,,173.24,OK,,,,,,,,,,,,,,,,,
2410120110D,ATKINSON 3.8 OCV,DM1P3,2024-10-12 01:57:42,18.999,23.62,OK,25.19,25.08,OK,27.96,27.91,OK,25.91,25.51,OK,26.14,26.07,OK,25.8,25.6,OK,27.35,27.31,OK,25.62,25.55,OK,0,0,,0,0,,11.4,OK,11.43,OK,11.43,OK,11.78,OK,11.43,OK,11.49,OK,11.41,OK,0,,0,,9.97,OK,10.03,OK,10.12,OK,9.92,OK,10.16,OK,10.06,OK,9.96,OK,0,,0,,,,83.12,OK,,,,82.73,OK,,,,157.14,OK,,,,157.57,OK,,,,36.74,OK,,,,36.94,OK,,,,,,,,,,,,,,,,,
2410120091C,NEW KAPPAEX1.0,CM4P8,2024-10-12 01:58:29,18.691,27.52,OK,25.31,24.76,OK,23.51,23.31,OK,24.54,23.84,OK,24.39,24.08,OK,24.5,24.43,OK,22.76,22.28,OK,24.08,23.82,OK,0,0,,0,0,,0,OK,0,OK,0,OK,0,OK,0,OK,0,OK,0,OK,0,,0,,0,OK,0,OK,0,OK,0,OK,0,OK,0,OK,0,OK,0,,0,,,,54.51,OK,,,,54.24,OK,,,,-292.76,OK,,,,-291.86,OK,,,,171.64,OK,,,,172.88,OK,,,,,,,,,,,,,,,,,
2410120111D,ATKINSON 3.8 OCV,DM2P7,2024-10-12 01:58:37,18.999,23.62,OK,27.1,27.03,OK,25.94,25.89,OK,22.93,22.62,OK,26.13,26.08,OK,25.57,25.55,OK,25.01,24.92,OK,24.92,24.77,OK,0,0,,0,0,,10.81,OK,10.77,OK,11.06,OK,10.72,OK,10.96,OK,10.71,OK,10.8,OK,0,,0,,10.51,OK,10.17,OK,10.15,OK,10.18,OK,10.17,OK,10.19,OK,10.2,OK,0,,0,,,,82.98,OK,,,,83.38,OK,,,,157.27,OK,,,,157.65,OK,,,,37.27,OK,,,,37.17,OK,,,,,,,,,,,,,,,,,
2410120092C,NEW KAPPAEX1.0,CM1P6,2024-10-12 01:59:15,18.695,27.77,OK,24.02,23.88,OK,22.2,21.64,OK,23.48,23.18,OK,21.29,20.85,OK,22.01,21.83,OK,22.6,22.34,OK,23.06,22.34,OK,0,0,,0,0,,5.56,OK,6.4,OK,6.44,OK,6.37,OK,6.52,OK,6.84,OK,6.51,OK,0,,0,,5.82,OK,6.18,OK,6.29,OK,6.58,OK,6.33,OK,6.2,OK,6.36,OK,0,,0,,,,52.35,OK,,,,54.78,OK,,,,-293.76,OK,,,,-293.48,OK,,,,174.41,OK,,,,173.49,OK,,,,,,,,,,,,,,,,,
2410120112D,ATKINSON 3.8 OCV,DM3P5,2024-10-12 01:59:33,18.988,22.86,OK,26.07,25.98,OK,24.75,24.73,OK,24.5,24.38,OK,22.76,22.69,OK,24.66,24.64,OK,26.38,26.33,OK,24.96,24.89,OK,0,0,,0,0,,11.64,OK,11.6,OK,11.18,OK,11.79,OK,11.81,OK,11.64,OK,11.67,OK,0,,0,,12.78,OK,12.79,OK,12.8,OK,12.74,OK,12.77,OK,12.8,OK,12.81,OK,0,,0,,,,82.74,OK,,,,82.22,OK,,,,157.13,OK,,,,157.62,OK,,,,36.71,OK,,,,37.01,OK,,,,,,,,,,,,,,,,,
2410120093C,NEW KAPPAEX1.0,CM2P1,2024-10-12 02:00:00,18.691,26.86,OK,23.52,23.29,OK,23.03,22.75,OK,24.22,23.85,OK,22.38,22.19,OK,22.99,22.92,OK,22.03,21.77,OK,23.03,22.8,OK,0,0,,0,0,,15.36,OK,15.36,OK,15.36,OK,15.36,OK,15.36,OK,15.36,OK,15.36,OK,0,,0,,15.36,OK,15.36,OK,15.36,OK,15.36,OK,15.36,OK,15.36,OK,15.36,OK,0,,0,,,,54.02,OK,,,,53.73,OK,,,,-293.04,OK,,,,-292.28,OK,,,,173.33,OK,,,,172.17,OK,,,,,,,,,,,,,,,,,
2410120109D,ATKINSON 3.8 OCV,DM5P8,2024-10-12 02:00:25,18.991,24.52,OK,24.6,24.51,OK,24.48,24.41,OK,23.65,23.42,OK,23.07,22.88,OK,23.76,23.69,OK,23.83,23.74,OK,22.35,22.19,OK,0,0,,0,0,,2.08,OK,2.76,OK,2.65,OK,2.66,OK,2.71,OK,2.64,OK,2.6,OK,0,,0,,0.8,OK,0.79,OK,0.79,OK,0.8,OK,0.85,OK,0.85,OK,0.83,OK,0,,0,,,,81.37,OK,,,,81.39,OK,,,,157.99,OK,,,,158.51,OK,,,,37.41,OK,,,,37.57,OK,,,,,,,,,,,,,,,,,
2410120094C,NEW KAPPAEX1.0,CM3P3,2024-10-12 02:00:46,18.693,26.75,OK,24.78,24.3,OK,24.1,23.76,OK,24.66,24.42,OK,23.76,23.01,OK,22.79,22.56,OK,22.33,21.79,OK,23.71,22.88,OK,0,0,,0,0,,0,OK,0,OK,0,OK,0,OK,0,OK,0,OK,0,OK,0,,0,,0,OK,0,OK,0,OK,0,OK,0,OK,0,OK,0,OK,0,,0,,,,54.39,OK,,,,53.18,OK,,,,-292.18,OK,,,,-292.46,OK,,,,173.55,OK,,,,173.39,OK,,,,,,,,,,,,,,,,,
2410120113D,ATKINSON 3.8 OCV,DM4P1,2024-10-12 02:01:17,18.995,22.76,OK,24.73,24.66,OK,24.71,24.59,OK,24.31,24.06,OK,26.68,26.61,OK,27.42,27.21,OK,26.7,26.61,OK,24.89,24.84,OK,0,0,,0,0,,11.68,OK,11.91,OK,11.96,OK,12,OK,11.98,OK,12.09,OK,12,OK,0,,0,,12.56,OK,12.27,OK,12.48,OK,12.33,OK,12.36,OK,12.11,OK,12.38,OK,0,,0,,,,82.72,OK,,,,83.04,OK,,,,157.53,OK,,,,157.69,OK,,,,37.19,OK,,,,37.29,OK,,,,,,,,,,,,,,,,,
2410120095C,NEW KAPPAEX1.0,CM4P4,2024-10-12 02:01:35,18.684,26.67,OK,26.79,26.28,OK,24.04,23.77,OK,25.71,24.96,OK,23.49,23.29,OK,26.5,26.37,OK,23.64,23.2,OK,23.82,23.4,OK,0,0,,0,0,,0,OK,0,OK,0,OK,0,OK,0,OK,0,OK,0,OK,0,,0,,0,OK,0,OK,0,OK,0,OK,0,OK,0,OK,0,OK,0,,0,,,,53.79,OK,,,,52.97,OK,,,,-293.23,OK,,,,-292.56,OK,,,,170.92,OK,,,,172.87,OK,,,,,,,,,,,,,,,,,
2410120114D,ATKINSON 3.8 OCV,DM1P2,2024-10-12 02:02:12,18.988,24.98,OK,24.88,24.7,OK,26.74,26.68,OK,25.39,25.17,OK,26.16,26.11,OK,25.1,24.9,OK,24.88,24.76,OK,25.44,25.35,OK,0,0,,0,0,,11.46,OK,11.42,OK,11.4,OK,11.34,OK,11.42,OK,11.46,OK,11.51,OK,0,,0,,9.9,OK,10.05,OK,10.04,OK,10.26,OK,10.09,OK,10.2,OK,10.14,OK,0,,0,,,,82.54,OK,,,,82.8,OK,,,,156.69,OK,,,,157.16,OK,,,,37,OK,,,,36.85,OK,,,,,,,,,,,,,,,,,
2410120096C,NEW KAPPAEX1.0,CM1P7,2024-10-12 02:02:23,18.685,27.5,OK,27.17,26.91,OK,22.57,22.08,OK,22.88,22.67,OK,21.27,20.78,OK,22.88,22.76,OK,22.29,21.73,OK,22.27,21.78,OK,0,0,,0,0,,5.92,OK,6.47,OK,6.39,OK,6.49,OK,6.87,OK,6.61,OK,6.55,OK,0,,0,,5.96,OK,6.39,OK,6.63,OK,6.39,OK,6.38,OK,6.49,OK,6.61,OK,0,,0,,,,54.93,OK,,,,56.26,NG,,,,-291.98,OK,,,,-293.45,OK,,,,172.6,OK,,,,173.15,OK,,,,,,,,,,,,,,,,,
2410120115D,ATKINSON 3.8 OCV,DM2P9,2024-10-12 02:03:07,18.988,23.3,OK,27.41,27.27,OK,24.41,24.34,OK,24.77,24.51,OK,27.15,27.15,OK,27.36,27.34,OK,25.57,25.52,OK,24.99,24.92,OK,0,0,,0,0,,11.03,OK,11.29,OK,10.76,OK,11.46,OK,10.95,OK,10.97,OK,10.82,OK,0,,0,,10.26,OK,10.27,OK,10.2,OK,10.3,OK,10.3,OK,10.26,OK,10.19,OK,0,,0,,,,82.12,OK,,,,82.68,OK,,,,157.76,OK,,,,157.85,OK,,,,37.64,OK,,,,37.22,OK,,,,,,,,,,,,,,,,,
2410120097C,NEW KAPPAEX1.0,CM2P2,2024-10-12 02:03:09,18.697,27.31,OK,25.34,25.06,OK,24.13,23.97,OK,24.71,24.32,OK,23.62,23.41,OK,23.8,23.76,OK,23.41,23.15,OK,22.66,22.47,OK,0,0,,0,0,,15.36,OK,15.36,OK,15.36,OK,15.36,OK,15.36,OK,15.36,OK,15.36,OK,0,,0,,15.36,OK,15.36,OK,15.36,OK,15.36,OK,15.36,OK,15.36,OK,15.36,OK,0,,0,,,,54.17,OK,,,,55.21,OK,,,,-292.72,OK,,,,-292.25,OK,,,,172.27,OK,,,,172.75,OK,,,,,,,,,,,,,,,,,
2410120098C,NEW KAPPAEX1.0,CM3P9,2024-10-12 02:03:58,18.684,26.93,OK,24.53,24.19,OK,22.85,22.63,OK,23.56,23.19,OK,23.58,23.03,OK,23.17,22.74,OK,23.1,22.6,OK,23.37,23.03,OK,0,0,,0,0,,0,OK,0,OK,0,OK,0,OK,0,OK,0,OK,0,OK,0,,0,,0,OK,0,OK,0,OK,0,OK,0,OK,0,OK,0,OK,0,,0,,,,52.19,OK,,,,51.95,OK,,,,-293.02,OK,,,,-292.18,OK,,,,172.66,OK,,,,173.19,OK,,,,,,,,,,,,,,,,,
2410120116D,ATKINSON 3.8 OCV,DM3P5,2024-10-12 02:03:59,18.999,23.81,OK,25.52,25.47,OK,25.12,25.01,OK,26,25.7,OK,25.42,25.4,OK,26.21,26.17,OK,26.82,26.72,OK,27.7,27.68,OK,0,0,,0,0,,11.61,OK,11.77,OK,11.63,OK,11.65,OK,11.77,OK,11.65,OK,11.54,OK,0,,0,,12.82,OK,12.8,OK,12.78,OK,12.8,OK,12.88,OK,12.87,OK,12.8,OK,0,,0,,,,82.06,OK,,,,82.5,OK,,,,156.94,OK,,,,157.62,OK,,,,36.77,OK,,,,36.94,OK,,,,,,,,,,,,,,,,,
2410120117D,ATKINSON 3.8 OCV,DM5P6,2024-10-12 02:04:51,18.992,22.65,OK,24.39,24.25,OK,24.23,24.11,OK,24.69,24.39,OK,24.25,24.04,OK,24.88,24.74,OK,25.25,25.02,OK,24.06,23.81,OK,0,0,,0,0,,2.08,OK,2.61,OK,2.67,OK,2.62,OK,2.64,OK,2.71,OK,2.67,OK,0,,0,,0.76,OK,0.77,OK,0.81,OK,0.8,OK,0.79,OK,0.81,OK,0.84,OK,0,,0,,,,82.68,OK,,,,82.74,OK,,,,157.32,OK,,,,157.47,OK,,,,37.38,OK,,,,37.93,OK,,,,,,,,,,,,,,,,,
2410120099C,NEW KAPPAEX1.0,CM4P8,2024-10-12 02:05:03,18.697,26.83,OK,26.59,25.95,OK,23.38,23.13,OK,24.87,24.32,OK,23.66,23.33,OK,24.65,24.65,OK,23.99,23.42,OK,23.09,22.67,OK,0,0,,0,0,,0,OK,0,OK,0,OK,0,OK,0,OK,0,OK,0,OK,0,,0,,0,OK,0,OK,0,OK,0,OK,0,OK,0,OK,0,OK,0,,0,,,,53.84,OK,,,,54.35,OK,,,,-292.58,OK,,,,-292.21,OK,,,,171.43,OK,,,,173.36,OK,,,,,,,,,,,,,,,,,
2410120119D,ATKINSON 3.8 OCV,DM1P3,2024-10-12 02:05:46,18.996,23.95,OK,25.26,25.17,OK,26.61,26.41,OK,26.56,26.05,OK,26.63,26.32,OK,25.26,25.26,OK,24.7,24.58,OK,25.75,25.69,OK,0,0,,0,0,,11.29,OK,11.41,OK,11.55,OK,11.32,OK,11.45,OK,11.47,OK,11.49,OK,0,,0,,9.9,OK,10.07,OK,9.94,OK,9.94,OK,10.09,OK,9.86,OK,10.04,OK,0,,0,,,,83.29,OK,,,,82.81,OK,,,,157.25,OK,,,,157.49,OK,,,,36.61,OK,,,,37.08,OK,,,,,,,,,,,,,,,,,
2410120100C,NEW KAPPAEX1.0,CM1P6,2024-10-12 02:05:51,18.676,27.23,OK,24.32,24.11,OK,22.48,21.92,OK,23.69,23.51,OK,23.62,22.99,OK,22.81,22.67,OK,22.92,22.32,OK,23.81,23.53,OK,0,0,,0,0,,5.78,OK,6.39,OK,6.35,OK,6.57,OK,6.61,OK,6.6,OK,6.87,OK,0,,0,,6.09,OK,6.91,OK,6.35,OK,6.34,OK,6.27,OK,6.99,OK,6.12,OK,0,,0,,,,51.85,OK,,,,53.38,OK,,,,-292.99,OK,,,,-293.06,OK,,,,174.4,OK,,,,173.72,OK,,,,,,,,,,,,,,,,,
2410120101C,NEW KAPPAEX1.0,CM2P1,2024-10-12 02:06:37,18.692,26.83,OK,24.13,23.97,OK,22.61,22.45,OK,24.71,24.39,OK,22.66,22.45,OK,24.64,24.6,OK,21.68,21.59,OK,22.96,22.61,OK,0,0,,0,0,,15.36,OK,15.36,OK,15.36,OK,15.36,OK,15.36,OK,15.36,OK,15.36,OK,0,,0,,15.36,OK,15.36,OK,15.36,OK,15.36,OK,15.36,OK,15.36,OK,15.36,OK,0,,0,,,,53.85,OK,,,,52.73,OK,,,,-293.08,OK,,,,-292.53,OK,,,,172.31,OK,,,,171.66,OK,,,,,,,,,,,,,,,,,
2410120120D,ATKINSON 3.8 OCV,DM2P7,2024-10-12 02:06:38,18.995,24.28,OK,28.07,27.95,OK,26.98,26.86,OK,24.34,24.05,OK,25.79,25.74,OK,27.36,27.32,OK,26.2,26.18,OK,25.77,25.74,OK,0,0,,0,0,,10.73,OK,11.03,OK,11.48,OK,11.34,OK,10.8,OK,10.71,OK,10.8,OK,0,,0,,10.17,OK,10.25,OK,10.35,OK,10.23,OK,10.23,OK,10.27,OK,10.18,OK,0,,0,,,,82.7,OK,,,,82.61,OK,,,,157.28,OK,,,,157.37,OK,,,,37.15,OK,,,,38.15,OK,,,,,,,,,,,,,,,,,
2410120102C,NEW KAPPAEX1.0,CM3P3,2024-10-12 02:07:26,18.694,26.62,OK,25.16,24.55,OK,23.44,22.9,OK,24.6,24.32,OK,22.29,21.56,OK,23.49,23.24,OK,22.76,22.22,OK,22.36,21.29,OK,0,0,,0,0,,0,OK,0,OK,0,OK,0,OK,0,OK,0,OK,0,OK,0,,0,,0,OK,0,OK,0,OK,0,OK,0,OK,0,OK,0,OK,0,,0,,,,53.67,OK,,,,52.85,OK,,,,-292.86,OK,,,,-292.58,OK,,,,173.08,OK,,,,172.82,OK,,,,,,,,,,,,,,,,,
2410120121D,ATKINSON 3.8 OCV,DM3P5,2024-10-12 02:07:34,18.994,24.83,OK,27.23,27.23,OK,26.33,26.28,OK,25.52,25.22,OK,24.1,23.96,OK,27.68,27.58,OK,26.63,26.63,OK,26.03,25.96,OK,0,0,,0,0,,11.26,OK,11.64,OK,11.62,OK,11.72,OK,11.74,OK,11.65,OK,11.75,OK,0,,0,,12.81,OK,12.77,OK,12.78,OK,12.8,OK,12.77,OK,12.77,OK,12.76,OK,0,,0,,,,82.6,OK,,,,82.51,OK,,,,157.38,OK,,,,157.81,OK,,,,36.96,OK,,,,36.76,OK,,,,,,,,,,,,,,,,,
2410120103C,NEW KAPPAEX1.0,CM4P4,2024-10-12 02:08:11,18.692,26.97,OK,26.68,25.95,OK,24.28,24.01,OK,24.83,24.28,OK,23.49,23.18,OK,24.74,24.56,OK,23.2,22.91,OK,24.1,23.6,OK,0,0,,0,0,,0,OK,0,OK,0,OK,0,OK,0,OK,0,OK,0,OK,0,,0,,0,OK,0,OK,0,OK,0,OK,0,OK,0,OK,0,OK,0,,0,,,,54.11,OK,,,,53.57,OK,,,,-293.5,OK,,,,-293.54,OK,,,,172.82,OK,,,,173.68,OK,,,,,,,,,,,,,,,,,
2410120118D,ATKINSON 3.8 OCV,DM4P8,2024-10-12 02:08:29,18.985,22.57,OK,25.1,24.91,OK,23.89,23.8,OK,25.01,24.64,OK,26.17,26.14,OK,25.59,25.47,OK,24.96,24.87,OK,24.38,24.29,OK,0,0,,0,0,,11.55,OK,11.92,OK,11.9,OK,11.92,OK,11.98,OK,11.99,OK,12.08,OK,0,,0,,12.47,OK,12.49,OK,12.27,OK,12.41,OK,12.41,OK,12.53,OK,12.43,OK,0,,0,,,,81.78,OK,,,,82.12,OK,,,,157.71,OK,,,,157.75,OK,,,,36.99,OK,,,,37.45,OK,,,,,,,,,,,,,,,,,
2410120104C,NEW KAPPAEX1.0,CM1P7,2024-10-12 02:09:00,18.692,26.47,OK,22.95,22.92,OK,22.55,22.2,OK,23.44,23.25,OK,21.17,20.75,OK,22.55,22.5,OK,21.55,21.29,OK,22.92,22.62,OK,0,0,,0,0,,5.65,OK,7.23,OK,6.55,OK,6.54,OK,6.67,OK,6.67,OK,6.83,OK,0,,0,,6.4,OK,6.15,OK,6.23,OK,6.44,OK,6.59,OK,6.25,OK,6.32,OK,0,,0,,,,54.27,OK,,,,55.72,OK,,,,-292.1,OK,,,,-294.23,OK,,,,172.69,OK,,,,172.89,OK,,,,,,,,,,,,,,,,,
2410120123D,ATKINSON 3.8 OCV,DM1P9,2024-10-12 02:09:21,18.985,24.36,OK,24.36,24.11,OK,25.91,25.82,OK,25.19,24.88,OK,24.52,24.45,OK,25.28,25.21,OK,24.34,24.22,OK,23.84,23.75,OK,0,0,,0,0,,11.42,OK,11.45,OK,11.42,OK,11.44,OK,11.66,OK,11.5,OK,11.44,OK,0,,0,,9.87,OK,9.98,OK,10,OK,10.07,OK,10.03,OK,10.2,OK,10.14,OK,0,,0,,,,82.48,OK,,,,82.71,OK,,,,157.48,OK,,,,157.63,OK,,,,37.62,OK,,,,36.94,OK,,,,,,,,,,,,,,,,,
2410120105C,NEW KAPPAEX1.0,CM2P2,2024-10-12 02:09:45,18.685,26.95,OK,25.02,24.88,OK,24.29,24.01,OK,24.08,23.8,OK,23.03,22.89,OK,23.55,23.45,OK,22.94,22.71,OK,23.71,23.5,OK,0,0,,0,0,,15.36,OK,15.36,OK,15.36,OK,15.36,OK,15.36,OK,15.36,OK,15.36,OK,0,,0,,15.36,OK,15.36,OK,15.36,OK,15.36,OK,15.36,OK,15.36,OK,15.36,OK,0,,0,,,,54.16,OK,,,,54.99,OK,,,,-292.11,OK,,,,-292.5,OK,,,,173.34,OK,,,,171.83,OK,,,,,,,,,,,,,,,,,
2410120124D,ATKINSON 3.8 OCV,DM2P4,2024-10-12 02:10:16,18.984,24.91,OK,27.58,27.53,OK,24.31,24.24,OK,24.63,24.43,OK,26.52,26.49,OK,26.9,26.88,OK,25.04,24.97,OK,24.48,24.43,OK,0,0,,0,0,,10.8,OK,10.75,OK,10.76,OK,10.8,OK,10.75,OK,10.8,OK,10.81,OK,0,,0,,10.29,OK,10.12,OK,10.39,OK,10.21,OK,10.23,OK,10.29,OK,10.17,OK,0,,0,,,,82.28,OK,,,,82.6,OK,,,,156.93,OK,,,,157.89,OK,,,,37.26,OK,,,,37.52,OK,,,,,,,,,,,,,,,,,
2410120106C,NEW KAPPAEX1.0,CM3P9,2024-10-12 02:10:34,18.685,25.97,OK,23.94,23.69,OK,23.69,23.01,OK,24.19,23.85,OK,23.46,22.83,OK,24.23,24.01,OK,23.13,22.45,OK,23.37,22.4,OK,0,0,,0,0,,0,OK,0,OK,0,OK,0,OK,0,OK,0,OK,0,OK,0,,0,,0,OK,0,OK,0,OK,0,OK,0,OK,0,OK,0,OK,0,,0,,,,52.23,OK,,,,52.17,OK,,,,-293.58,OK,,,,-292.27,OK,,,,171.4,OK,,,,173.01,OK,,,,,,,,,,,,,,,,,
2410120125D,ATKINSON 3.8 OCV,DM3P6,2024-10-12 02:11:11,18.984,23.16,OK,26.56,26.49,OK,26.47,26.4,OK,26.31,25.96,OK,23.5,23.5,OK,27.63,27.58,OK,26.54,26.54,OK,25.52,25.47,OK,0,0,,0,0,,11.44,OK,11.62,OK,11.32,OK,12.13,OK,11.9,OK,11.25,OK,11.62,OK,0,,0,,12.76,OK,12.78,OK,12.78,OK,12.76,OK,12.79,OK,12.78,OK,12.79,OK,0,,0,,,,83.28,OK,,,,83.12,OK,,,,156.85,OK,,,,156.91,OK,,,,37.15,OK,,,,37.36,OK,,,,,,,,,,,,,,,,,
2410120107C,NEW KAPPAEX1.0,CM4P8,2024-10-12 02:11:20,18.698,26.47,OK,26.87,26.28,OK,24.1,23.86,OK,25.07,24.5,OK,23.64,23.44,OK,24.1,24.01,OK,23.86,23.53,OK,23.13,22.67,OK,0,0,,0,0,,0,OK,0,OK,0,OK,0,OK,0,OK,0,OK,0,OK,0,,0,,0,OK,0,OK,0,OK,0,OK,0,OK,0,OK,0,OK,0,,0,,,,53.49,OK,,,,52.75,OK,,,,-292.62,OK,,,,-291.92,OK,,,,169.88,OK,,,,172.57,OK,,,,,,,,,,,,,,,,,
2410120122D,ATKINSON 3.8 OCV,DM5P1,2024-10-12 02:12:07,18.986,23.57,OK,24.85,24.83,OK,24.09,24.04,OK,24.04,23.76,OK,24.95,24.81,OK,24.9,24.76,OK,24.97,24.69,OK,23.37,23.25,OK,0,0,,0,0,,2.15,OK,2.61,OK,2.56,OK,2.59,OK,2.63,OK,2.7,OK,2.67,OK,0,,0,,0.82,OK,0.77,OK,0.82,OK,0.78,OK,0.79,OK,0.8,OK,0.84,OK,0,,0,,,,81.4,OK,,,,82.01,OK,,,,157.5,OK,,,,158.45,OK,,,,37.76,OK,,,,37.91,OK,,,,,,,,,,,,,,,,,
2410120108C,NEW KAPPAEX1.0,CM1P6,2024-10-12 02:12:08,18.696,27.96,OK,23.55,23.34,OK,21.2,20.64,OK,22.81,22.6,OK,20.73,20.33,OK,22.5,22.27,OK,21.38,20.94,OK,20.75,20.29,OK,0,0,,0,0,,5.62,OK,6.53,OK,6.38,OK,6.39,OK,6.58,OK,6.81,OK,6.66,OK,0,,0,,5.76,OK,6.12,OK,6.34,OK,6.5,OK,6.48,OK,6.35,OK,6.18,OK,0,,0,,,,52.65,OK,,,,54.98,OK,,,,-292.63,OK,,,,-293.47,OK,,,,174.23,OK,,,,173.24,OK,,,,,,,,,,,,,,,,,
2410120109C,NEW KAPPAEX1.0,CM2P1,2024-10-12 02:12:57,18.697,27.16,OK,22.87,22.61,OK,22.99,22.59,OK,23.66,23.34,OK,23.83,23.66,OK,21.75,21.63,OK,21.26,20.98,OK,22.54,22.33,OK,0,0,,0,0,,15.36,OK,15.36,OK,15.36,OK,15.36,OK,15.36,OK,15.36,OK,15.36,OK,0,,0,,15.36,OK,15.36,OK,15.36,OK,15.36,OK,15.36,OK,15.36,OK,15.36,OK,0,,0,,,,53.65,OK,,,,52.61,OK,,,,-293.02,OK,,,,-291.56,OK,,,,173.29,OK,,,,172.3,OK,,,,,,,,,,,,,,,,,
2410120126D,ATKINSON 3.8 OCV,DM4P2,2024-10-12 02:13:02,18.994,24.58,OK,23.78,23.64,OK,23.45,23.34,OK,25.1,25.01,OK,25.49,25.47,OK,24.45,24.45,OK,25.59,25.52,OK,24.91,24.87,OK,0,0,,0,0,,11.62,OK,11.95,OK,11.92,OK,12,OK,11.91,OK,11.97,OK,11.95,OK,0,,0,,12.48,OK,12.15,OK,12.54,OK,12.36,OK,12.35,OK,12.1,OK,12.38,OK,0,,0,,,,82.32,OK,,,,82.7,OK,,,,157.72,OK,,,,157.53,OK,,,,37.44,OK,,,,37.28,OK,,,,,,,,,,,,,,,,,
2410120110C,NEW KAPPAEX1.0,CM3P3,2024-10-12 02:13:43,18.688,27.15,OK,25.86,25.28,OK,24.82,24.55,OK,24.82,24.51,OK,23.76,23.44,OK,22.22,21.95,OK,23.65,22.83,OK,22.74,22.13,OK,0,0,,0,0,,0,OK,0,OK,0,OK,0,OK,0,OK,0,OK,0,OK,0,,0,,0,OK,0,OK,0,OK,0,OK,0,OK,0,OK,0,OK,0,,0,,,,53.01,OK,,,,54.38,OK,,,,-291.77,OK,,,,-292.15,OK,,,,172.54,OK,,,,172.23,OK,,,,,,,,,,,,,,,,,
2410120127D,ATKINSON 3.8 OCV,DM1P3,2024-10-12 02:13:54,18.998,22.62,OK,26.9,26.83,OK,27.4,27.26,OK,25.39,25.06,OK,27.85,27.67,OK,26.34,26.32,OK,24.76,24.65,OK,25.39,25.3,OK,0,0,,0,0,,11.43,OK,11.39,OK,11.39,OK,11.43,OK,11.45,OK,11.43,OK,11.47,OK,0,,0,,9.93,OK,9.91,OK,10.11,OK,10.14,OK,10.23,OK,10.07,OK,9.99,OK,0,,0,,,,83.02,OK,,,,82.6,OK,,,,157.47,OK,,,,157.66,OK,,,,36.96,OK,,,,37.05,OK,,,,,,,,,,,,,,,,,
2410120111C,NEW KAPPAEX1.0,CM4P4,2024-10-12 02:14:31,18.694,27.62,OK,25.82,25.42,OK,22.47,22.19,OK,24.65,24.06,OK,23.71,23.44,OK,24.7,24.61,OK,22.69,22.39,OK,21.9,21.48,OK,0,0,,0,0,,0,OK,0,OK,0,OK,0,OK,0,OK,0,OK,0,OK,0,,0,,0,OK,0,OK,0,OK,0,OK,0,OK,0,OK,0,OK,0,,0,,,,54.11,OK,,,,52.82,OK,,,,-293.11,OK,,,,-292.19,OK,,,,172.45,OK,,,,173.27,OK,,,,,,,,,,,,,,,,,
2410120128D,ATKINSON 3.8 OCV,DM2P7,2024-10-12 02:14:49,18.996,25.55,OK,27.29,27.19,OK,24.36,24.29,OK,22.62,22.35,OK,26.13,26.06,OK,26.71,26.71,OK,25.74,25.72,OK,24.65,24.58,OK,0,0,,0,0,,11.27,OK,10.8,OK,10.8,OK,10.79,OK,10.83,OK,10.82,OK,10.82,OK,0,,0,,10.3,OK,10.32,OK,10.26,OK,10.3,OK,10.32,OK,10.34,OK,10.26,OK,0,,0,,,,82.5,OK,,,,82.42,OK,,,,157.3,OK,,,,157.57,OK,,,,37.38,OK,,,,38.31,OK,,,,,,,,,,,,,,,,,
2410120055C,NEW KAPPAEX1.0,CM4P4,2024-10-12 02:15:20,18.684,26.8,OK,26.39,25.73,OK,23.46,23.22,OK,24.56,23.95,OK,22.54,22.19,OK,23.86,23.84,OK,24.04,23.73,OK,23.86,23.27,OK,0,0,,0,0,,0,OK,0,OK,0,OK,0,OK,0,OK,0,OK,0,OK,0,,0,,0,OK,0,OK,0,OK,0,OK,0,OK,0,OK,0,OK,0,,0,,,,54.03,OK,,,,53.8,OK,,,,-292.1,OK,,,,-292.72,OK,,,,170.99,OK,,,,173.09,OK,,,,,,,,,,,,,,,,,
2410120129D,ATKINSON 3.8 OCV,DM3P5,2024-10-12 02:15:44,18.996,24.21,OK,26.96,26.82,OK,24.73,24.66,OK,26.72,26.4,OK,24.15,24.15,OK,28.09,28.02,OK,25.61,25.59,OK,26.75,26.68,OK,0,0,,0,0,,11.59,OK,11.79,OK,11.67,OK,11.67,OK,11.59,OK,11.61,OK,11.59,OK,0,,0,,12.78,OK,12.77,OK,12.77,OK,12.77,OK,12.91,OK,12.81,OK,12.93,OK,0,,0,,,,82.69,OK,,,,82.3,OK,,,,157.49,OK,,,,157.94,OK,,,,37.22,OK,,,,37.02,OK,,,,,,,,,,,,,,,,,
2410120065C,NEW KAPPAEX1.0,CM2P2,2024-10-12 02:16:09,18.686,26.66,OK,24.01,23.78,OK,23.94,23.76,OK,25.41,25.13,OK,23.87,23.59,OK,23.57,23.48,OK,23.22,22.92,OK,23.38,23.22,OK,0,0,,0,0,,15.36,OK,15.36,OK,15.36,OK,15.36,OK,15.36,OK,15.36,OK,15.36,OK,0,,0,,15.36,OK,15.36,OK,15.36,OK,15.36,OK,15.36,OK,15.36,OK,15.36,OK,0,,0,,,,54.18,OK,,,,54.88,OK,,,,-293.29,OK,,,,-292.43,OK,,,,173.32,OK,,,,172.46,OK,,,,,,,,,,,,,,,,,
2410120130D,ATKINSON 3.8 OCV,DM5P8,2024-10-12 02:16:36,18.989,24.06,OK,23.81,23.69,OK,24.25,24.2,OK,24.58,24.27,OK,23.86,23.72,OK,23.93,23.86,OK,23.74,23.58,OK,23.3,23.25,OK,0,0,,0,0,,2.09,OK,2.55,OK,2.69,OK,2.53,OK,2.64,OK,2.61,OK,2.57,OK,0,,0,,0.77,OK,0.8,OK,0.81,OK,0.79,OK,0.78,OK,0.83,OK,0.77,OK,0,,0,,,,81.87,OK,,,,81.6,OK,,,,157.95,OK,,,,158.48,OK,,,,37.28,OK,,,,37.56,OK,,,,,,,,,,,,,,,,,
2410120112C,NEW KAPPAEX1.0,CM1P7,2024-10-12 02:16:54,18.688,26.62,OK,23.67,23.51,OK,21.8,21.22,OK,22.36,22.25,OK,21.76,21.38,OK,22.11,21.85,OK,22.18,21.55,OK,22.43,22.18,OK,0,0,,0,0,,5.49,OK,6.31,OK,6.31,OK,6.44,OK,7.1,OK,6.73,OK,6.59,OK,0,,0,,5.77,OK,6.15,OK,6.42,OK,6.57,OK,6.28,OK,6.49,OK,6.83,OK,0,,0,,,,54.3,OK,,,,55.58,OK,,,,-292.42,OK,,,,-293.78,OK,,,,173.16,OK,,,,173.35,OK,,,,,,,,,,,,,,,,,
2410120132D,ATKINSON 3.8 OCV,DM1P9,2024-10-12 02:17:32,18.998,24.63,OK,25.1,24.97,OK,26.56,26.52,OK,26.09,25.71,OK,27.96,27.87,OK,26.14,26.09,OK,25.55,25.46,OK,25.98,25.69,OK,0,0,,0,0,,11.35,OK,11.4,OK,11.59,OK,11.34,OK,11.47,OK,11.46,OK,11.48,OK,0,,0,,9.91,OK,10.05,OK,10.05,OK,10.08,OK,9.91,OK,10.13,OK,10.16,OK,0,,0,,,,82.81,OK,,,,82.6,OK,,,,157.31,OK,,,,157.68,OK,,,,37.26,OK,,,,36.8,OK,,,,,,,,,,,,,,,,,
2410120113C,NEW KAPPAEX1.0,CM2P2,2024-10-12 02:17:43,18.699,27.22,OK,22.57,22.36,OK,23.85,23.62,OK,23.27,22.99,OK,23.1,22.92,OK,22.5,22.43,OK,22.33,22.1,OK,23.01,22.71,OK,0,0,,0,0,,15.36,OK,15.36,OK,15.36,OK,15.36,OK,15.36,OK,15.36,OK,15.36,OK,0,,0,,15.36,OK,15.36,OK,15.36,OK,15.36,OK,15.36,OK,15.36,OK,15.36,OK,0,,0,,,,54.19,OK,,,,55.35,OK,,,,-292.63,OK,,,,-292.33,OK,,,,173.14,OK,,,,172.22,OK,,,,,,,,,,,,,,,,,
2410120133D,ATKINSON 3.8 OCV,DM2P4,2024-10-12 02:18:27,18.986,24.1,OK,27.9,27.78,OK,25.81,25.81,OK,25.18,25.09,OK,25.57,25.55,OK,26.81,26.76,OK,26.64,26.61,OK,24.72,24.63,OK,0,0,,0,0,,10.81,OK,10.89,OK,11.48,OK,11.34,OK,10.73,OK,11.02,OK,10.83,OK,0,,0,,10.17,OK,10.22,OK,10.5,OK,10.32,OK,10.32,OK,10.29,OK,10.33,OK,0,,0,,,,82.49,OK,,,,82.62,OK,,,,157.14,OK,,,,157.8,OK,,,,37.25,OK,,,,37.63,OK,,,,,,,,,,,,,,,,,
2410120114C,NEW KAPPAEX1.0,CM3P9,2024-10-12 02:18:29,18.697,26.72,OK,25.52,25.16,OK,26.75,26.5,OK,24.3,23.96,OK,23.58,22.94,OK,23.65,23.37,OK,23.06,22.33,OK,22.47,21.81,OK,0,0,,0,0,,0,OK,0,OK,0,OK,0,OK,0,OK,0,OK,0,OK,0,,0,,0,OK,0,OK,0,OK,0,OK,0,OK,0,OK,0,OK,0,,0,,,,52.28,OK,,,,52.17,OK,,,,-293.23,OK,,,,-292.2,OK,,,,173.53,OK,,,,173.63,OK,,,,,,,,,,,,,,,,,
2410120115C,NEW KAPPAEX1.0,CM4P8,2024-10-12 02:19:21,18.691,26.48,OK,26.52,25.88,OK,22.67,22.41,OK,24.78,24.34,OK,23.2,22.89,OK,24.26,24.21,OK,23.84,23.53,OK,23.77,23.31,OK,0,0,,0,0,,0,OK,0,OK,0,OK,0,OK,0,OK,0,OK,0,OK,0,,0,,0,OK,0,OK,0,OK,0,OK,0,OK,0,OK,0,OK,0,,0,,,,54.48,OK,,,,53.19,OK,,,,-292.29,OK,,,,-292.31,OK,,,,170.95,OK,,,,172.55,OK,,,,,,,,,,,,,,,,,
2410120134D,ATKINSON 3.8 OCV,DM3P6,2024-10-12 02:19:22,18.994,23,OK,28.12,28.12,OK,25.82,25.73,OK,25.45,25.17,OK,25.63,25.59,OK,27.26,27.16,OK,27.12,27.1,OK,26,25.91,OK,0,0,,0,0,,11.4,OK,11.7,OK,11.63,OK,11.62,OK,11.76,OK,11.72,OK,11.72,OK,0,,0,,12.6,OK,12.79,OK,12.79,OK,12.79,OK,12.77,OK,12.78,OK,12.77,OK,0,,0,,,,83.46,OK,,,,83.44,OK,,,,156.83,OK,,,,156.51,OK,,,,37.01,OK,,,,37.54,OK,,,,,,,,,,,,,,,,,
2410120116C,NEW KAPPAEX1.0,CM1P6,2024-10-12 02:20:09,18.699,27.05,OK,21.76,21.5,OK,21.73,21.27,OK,22.22,22.04,OK,21.06,20.5,OK,21.17,20.89,OK,21.31,20.99,OK,22.2,21.87,OK,0,0,,0,0,,5.64,OK,6.27,OK,6.23,OK,6.67,OK,6.64,OK,6.52,OK,6.48,OK,0,,0,,5.92,OK,6.33,OK,6.21,OK,6.34,OK,6.38,OK,6.55,OK,6.37,OK,0,,0,,,,52.39,OK,,,,53.35,OK,,,,-292.81,OK,,,,-293.77,OK,,,,174.27,OK,,,,173.28,OK,,,,,,,,,,,,,,,,,
2410120131D,ATKINSON 3.8 OCV,DM4P1,2024-10-12 02:20:14,18.994,24.83,OK,26.72,26.61,OK,24.17,24.17,OK,24.91,24.68,OK,25.98,25.91,OK,25.12,25.05,OK,25.17,25.17,OK,24.06,24.03,OK,0,0,,0,0,,11.6,OK,11.77,OK,11.55,OK,11.79,OK,11.96,OK,11.98,OK,11.97,OK,0,,0,,12.45,OK,12.41,OK,12.63,OK,12.4,OK,12.4,OK,12.41,OK,12.5,OK,0,,0,,,,82.3,OK,,,,82.62,OK,,,,157.41,OK,,,,157.97,OK,,,,37.18,OK,,,,37.15,OK,,,,,,,,,,,,,,,,,
2410120117C,NEW KAPPAEX1.0,CM2P1,2024-10-12 02:20:55,18.697,26.38,OK,23.24,23.13,OK,22.99,22.47,OK,23.01,22.61,OK,21.26,20.98,OK,22.33,22.24,OK,21.17,21,OK,22.1,21.84,OK,0,0,,0,0,,15.36,OK,15.36,OK,15.36,OK,15.36,OK,15.36,OK,15.36,OK,15.36,OK,0,,0,,15.36,OK,15.36,OK,15.36,OK,15.36,OK,15.36,OK,15.36,OK,15.36,OK,0,,0,,,,53.66,OK,,,,52.73,OK,,,,-292.9,OK,,,,-291.75,OK,,,,173.15,OK,,,,172,OK,,,,,,,,,,,,,,,,,
2410120136D,ATKINSON 3.8 OCV,DM1P7,2024-10-12 02:21:09,18.994,23.8,OK,25.33,25.1,OK,27.73,27.67,OK,28.57,28.36,OK,27.31,27.24,OK,25.96,25.8,OK,25.48,25.42,OK,25.91,25.84,OK,0,0,,0,0,,11.37,OK,11.38,OK,11.54,OK,11.4,OK,11.45,OK,11.46,OK,11.52,OK,0,,0,,10,OK,10.15,OK,10.11,OK,10.27,OK,10.14,OK,10.18,OK,10.14,OK,0,,0,,,,82.81,OK,,,,83.29,OK,,,,156.7,OK,,,,157.06,OK,,,,36.92,OK,,,,37.1,OK,,,,,,,,,,,,,,,,,
2410120118C,NEW KAPPAEX1.0,CM3P3,2024-10-12 02:21:44,18.695,28.22,OK,24.6,24.14,OK,23.53,23.15,OK,23.87,23.6,OK,23.67,23.19,OK,22.38,22.22,OK,21.88,21.11,OK,22.4,21.7,OK,0,0,,0,0,,0,OK,0,OK,0,OK,0,OK,0,OK,0,OK,0,OK,0,,0,,0,OK,0,OK,0,OK,0,OK,0,OK,0,OK,0,OK,0,,0,,,,53.71,OK,,,,52.99,OK,,,,-292.73,OK,,,,-292.63,OK,,,,172.43,OK,,,,173.76,OK,,,,,,,,,,,,,,,,,
2410120137D,ATKINSON 3.8 OCV,DM2P5,2024-10-12 02:22:05,,,,26.3,26.23,OK,22.54,22.47,OK,23.54,23.32,OK,27.34,27.29,OK,25.69,25.67,OK,24.19,24.17,OK,22.64,22.64,OK,0,0,,0,0,,10.92,OK,11.33,OK,10.72,OK,10.79,OK,10.98,OK,10.98,OK,10.83,OK,0,,0,,10.5,OK,10.31,OK,10.22,OK,10.34,OK,10.33,OK,10.25,OK,10.38,OK,0,,0,,,,82.56,OK,,,,82.53,OK,,,,157.43,OK,,,,157.57,OK,,,,37.45,OK,,,,37.56,OK,,,,,,,,,,,,,,,,,
2410120119C,NEW KAPPAEX1.0,CM4P4,2024-10-12 02:22:55,18.693,27.58,OK,27.2,26.46,OK,23.27,23.09,OK,24.74,24.28,OK,23.79,23.44,OK,24.65,24.26,OK,24.3,23.88,OK,23.42,23.05,OK,0,0,,0,0,,0,OK,0,OK,0,OK,0,OK,0,OK,0,OK,0,OK,0,,0,,0,OK,0,OK,0,OK,0,OK,0,OK,0,OK,0,OK,0,,0,,,,53.93,OK,,,,52.98,OK,,,,-293.4,OK,,,,-292.38,OK,,,,172.03,OK,,,,172.55,OK,,,,,,,,,,,,,,,,,
2410120138D,ATKINSON 3.8 OCV,DM3P8,2024-10-12 02:22:57,18.991,23.5,OK,26.68,26.61,OK,25.26,25.17,OK,27.03,26.7,OK,24.57,24.54,OK,26.84,26.79,OK,26.19,26.19,OK,26.45,26.4,OK,0,0,,0,0,,11.31,OK,11.6,OK,11.64,OK,11.55,OK,11.59,OK,11.82,OK,11.81,OK,0,,0,,12.77,OK,12.79,OK,12.9,OK,12.9,OK,12.72,OK,12.75,OK,12.78,OK,0,,0,,,,82.2,OK,,,,82.42,OK,,,,157.85,OK,,,,157.55,OK,,,,36.94,OK,,,,37.31,OK,,,,,,,,,,,,,,,,,
2410120120C,NEW KAPPAEX1.0,CM1P7,2024-10-12 02:23:44,18.69,27.43,OK,24.67,24.51,OK,21.69,21.2,OK,22.71,22.55,OK,20.12,19.77,OK,20.78,20.52,OK,21.87,21.45,OK,20.89,20.61,OK,0,0,,0,0,,5.7,OK,6.37,OK,6.56,OK,6.49,OK,6.48,OK,6.57,OK,6.86,OK,0,,0,,6.38,OK,6.14,OK,6.18,OK,6.47,OK,6.44,OK,6.3,OK,6.17,OK,0,,0,,,,54.89,OK,,,,55.88,NG,,,,-293.05,OK,,,,-293.69,OK,,,,173.29,OK,,,,173.21,OK,,,,,,,,,,,,,,,,,
2410120135D,ATKINSON 3.8 OCV,DM5P2,2024-10-12 02:23:52,18.989,23.87,OK,21.63,21.54,OK,22.37,22.26,OK,24.62,24.39,OK,24.27,24.11,OK,23.65,23.53,OK,25.16,24.95,OK,23.74,23.65,OK,0,0,,0,0,,2.05,OK,2.58,OK,2.57,OK,2.59,OK,2.63,OK,2.7,OK,2.68,OK,0,,0,,0.77,OK,0.77,OK,0.84,OK,0.84,OK,0.83,OK,0.85,OK,0.84,OK,0,,0,,,,81.6,OK,,,,82.09,OK,,,,157.48,OK,,,,158.03,OK,,,,37.48,OK,,,,37.41,OK,,,,,,,,,,,,,,,,,
2410120121C,NEW KAPPAEX1.0,CM2P2,2024-10-12 02:24:29,18.685,27.92,OK,22.78,22.5,OK,22.73,22.43,OK,23.15,22.73,OK,22.66,22.4,OK,23.06,22.8,OK,21.75,21.38,OK,23.66,23.34,OK,0,0,,0,0,,15.36,OK,15.36,OK,15.36,OK,15.36,OK,15.36,OK,15.36,OK,15.36,OK,0,,0,,15.36,OK,15.36,OK,15.36,OK,15.36,OK,15.36,OK,15.36,OK,15.36,OK,0,,0,,,,54.09,OK,,,,55.08,OK,,,,-292.81,OK,,,,-293.36,OK,,,,173.68,OK,,,,173.47,OK,,,,,,,,,,,,,,,,,
2410120140D,ATKINSON 3.8 OCV,DM1P9,2024-10-12 02:24:44,18.998,24.53,OK,26.18,26.09,OK,27.08,27.06,OK,25.21,24.83,OK,26.97,26.9,OK,25.15,25.1,OK,25.26,25.17,OK,24.99,24.94,OK,0,0,,0,0,,11.34,OK,11.38,OK,11.46,OK,11.32,OK,11.42,OK,11.43,OK,11.45,OK,0,,0,,9.93,OK,10.08,OK,9.95,OK,9.99,OK,9.99,OK,9.86,OK,10.17,OK,0,,0,,,,82.49,OK,,,,82.64,OK,,,,158,OK,,,,157.87,OK,,,,37.41,OK,,,,36.98,OK,,,,,,,,,,,,,,,,,
2410120122C,,C,2024-10-12 02:25:15,18.687,26.87,OK,,,,,,,,,,,,,,,,,,,,,,,,,,,,,,,,,,,,,,,,,,,,,,,,,,,,,,,,,,,,,,,,,,51.78,OK,,,,52.67,OK,,,,-292.89,OK,,,,-292.44,OK,,,,171.65,OK,,,,171.97,OK,,,,,,,,,,,,,,,,,
2410120141D,ATKINSON 3.8 OCV,DM2P4,2024-10-12 02:25:39,18.998,24.53,OK,25.52,25.43,OK,24.51,24.38,OK,24.14,23.92,OK,25.21,25.14,OK,27.07,27.05,OK,25.38,25.31,OK,24.8,24.72,OK,0,0,,0,0,,10.75,OK,10.7,OK,11.35,OK,11.08,OK,10.81,OK,10.77,OK,10.8,OK,0,,0,,10.29,OK,10.37,OK,10.16,OK,10.33,OK,10.32,OK,10.31,OK,10.34,OK,0,,0,,,,82.18,OK,,,,82.67,OK,,,,157.07,OK,,,,157.71,OK,,,,37.26,OK,,,,37.57,OK,,,,,,,,,,,,,,,,,
2410120123C,NEW KAPPAEX1.0,CM4P8,2024-10-12 02:26:30,18.695,27.36,OK,25.6,25.33,OK,23.64,23.24,OK,24.83,24.23,OK,23.22,23,OK,24.41,24.37,OK,21.97,21.73,OK,23.42,23,OK,0,0,,0,0,,0,OK,0,OK,0,OK,0,OK,0,OK,0,OK,0,OK,0,,0,,0,OK,0,OK,0,OK,0,OK,0,OK,0,OK,0,OK,0,,0,,,,53.94,OK,,,,52.3,OK,,,,-292.68,OK,,,,-292.28,OK,,,,170.78,OK,,,,172.59,OK,,,,,,,,,,,,,,,,,
2410120139D,ATKINSON 3.8 OCV,DM4P3,2024-10-12 02:26:31,18.994,24.66,OK,26.79,26.63,OK,24.87,24.73,OK,25.75,25.4,OK,27.05,26.82,OK,27.23,27.12,OK,25.84,25.77,OK,26.4,26.38,OK,0,0,,0,0,,11.59,OK,11.77,OK,11.79,OK,11.86,OK,11.92,OK,11.96,OK,11.8,OK,0,,0,,12.37,OK,12.46,OK,12.24,OK,12.24,OK,12.39,OK,12.39,OK,12.33,OK,0,,0,,,,82.91,OK,,,,82.39,OK,,,,157.96,OK,,,,157.87,OK,,,,37.17,OK,,,,37.27,OK,,,,,,,,,,,,,,,,,
2410120124C,NEW KAPPAEX1.0,CM1P6,2024-10-12 02:27:18,18.694,27.16,OK,22.29,21.97,OK,22.9,22.29,OK,22.25,22.13,OK,20.43,19.84,OK,21.8,21.59,OK,21.73,21.1,OK,21.15,21.03,OK,0,0,,0,0,,5.63,OK,6.62,OK,6.45,OK,6.3,OK,6.62,OK,6.99,OK,6.58,OK,0,,0,,5.75,OK,6.17,OK,6.35,OK,6.49,OK,6.78,OK,6.27,OK,6.32,OK,0,,0,,,,51.97,OK,,,,54.76,OK,,,,-293.17,OK,,,,-294.07,OK,,,,174.4,OK,,,,172.73,OK,,,,,,,,,,,,,,,,,
2410120142D,ATKINSON 3.8 OCV,DM3P6,2024-10-12 02:27:26,18.988,23.78,OK,27,26.86,OK,25.56,25.49,OK,26.47,26.26,OK,25.08,25.05,OK,27.91,27.84,OK,26.68,26.68,OK,26.05,26.05,OK,0,0,,0,0,,11.64,OK,11.73,OK,11.64,OK,11.65,OK,11.68,OK,11.68,OK,11.73,OK,0,,0,,12.75,OK,12.79,OK,12.78,OK,12.78,OK,12.79,OK,12.77,OK,12.81,OK,0,,0,,,,83.54,OK,,,,83.27,OK,,,,157.21,OK,,,,157.21,OK,,,,37,OK,,,,37.33,OK,,,,,,,,,,,,,,,,,
2410120144D,ATKINSON 3.8 OCV,DM1P7,2024-10-12 02:28:18,18.986,24.02,OK,25.3,25.19,OK,27.94,27.87,OK,26.2,25.98,OK,27.08,26.97,OK,25.57,25.44,OK,25.62,25.48,OK,25.26,25.24,OK,0,0,,0,0,,11.34,OK,11.45,OK,11.45,OK,11.37,OK,11.78,OK,11.45,OK,11.47,OK,0,,0,,9.91,OK,10.09,OK,10.14,OK,10.19,OK,10.15,OK,9.91,OK,10.11,OK,0,,0,,,,82.4,OK,,,,82.92,OK,,,,157.58,OK,,,,157.69,OK,,,,37.11,OK,,,,37.38,OK,,,,,,,,,,,,,,,,,
2410120125C,NEW KAPPAEX1.0,CM2P1,2024-10-12 02:28:53,18.694,27.65,OK,27.26,27.12,OK,23.31,22.82,OK,23.55,23.13,OK,22.05,21.89,OK,22.45,22.33,OK,21.89,21.7,OK,21.52,21.33,OK,0,0,,0,0,,15.36,OK,15.36,OK,15.36,OK,15.36,OK,15.36,OK,15.36,OK,15.36,OK,0,,0,,15.36,OK,15.36,OK,15.36,OK,15.36,OK,15.36,OK,15.36,OK,15.36,OK,0,,0,,,,53.01,OK,,,,53.91,OK,,,,-292.78,OK,,,,-292.26,OK,,,,172.27,OK,,,,172.47,OK,,,,,,,,,,,,,,,,,
2410120145D,ATKINSON 3.8 OCV,DM2P5,2024-10-12 02:29:11,18.988,24.41,OK,26.18,26.13,OK,24.58,24.51,OK,25.04,25.04,OK,25.81,25.79,OK,25.74,25.74,OK,24.41,24.36,OK,24.7,24.6,OK,0,0,,0,0,,10.8,OK,11.23,OK,10.78,OK,10.75,OK,10.77,OK,10.82,OK,10.81,OK,0,,0,,10.37,OK,10.35,OK,10.47,OK,10.34,OK,10.33,OK,10.34,OK,10.35,OK,0,,0,,,,82.4,OK,,,,82,OK,,,,157.53,OK,,,,157.94,OK,,,,37.68,OK,,,,37.83,OK,,,,,,,,,,,,,,,,,
2410120126C,NEW KAPPAEX1.0,CM3P3,2024-10-12 02:29:38,18.681,27.51,OK,25.23,24.75,OK,24.91,24.6,OK,24.42,24.23,OK,22.79,22.13,OK,22.49,22.38,OK,23.42,22.88,OK,22.27,21.65,OK,0,0,,0,0,,0,OK,0,OK,0,OK,0,OK,0,OK,0,OK,0,OK,0,,0,,0,OK,0,OK,0,OK,0,OK,0,OK,0,OK,0,OK,0,,0,,,,52.91,OK,,,,52.55,OK,,,,-292.38,OK,,,,-292.24,OK,,,,173.36,OK,,,,172.55,OK,,,,,,,,,,,,,,,,,
2410120143D,ATKINSON 3.8 OCV,DM5P1,2024-10-12 02:30:06,18.995,24.28,OK,23.48,23.32,OK,24.69,24.62,OK,24.02,23.65,OK,25.46,25.29,OK,23.3,23.23,OK,23.74,23.55,OK,23.48,23.46,OK,0,0,,0,0,,2.1,OK,2.61,OK,2.64,OK,2.61,OK,2.71,OK,2.64,OK,2.61,OK,0,,0,,0.78,OK,0.8,OK,0.82,OK,0.81,OK,0.82,OK,0.85,OK,0.84,OK,0,,0,,,,81.93,OK,,,,81.81,OK,,,,157.73,OK,,,,158.51,OK,,,,37.81,OK,,,,37.9,OK,,,,,,,,,,,,,,,,,
2410120127C,NEW KAPPAEX1.0,CM4P4,2024-10-12 02:30:23,18.692,27.5,OK,25.14,24.78,OK,24.65,24.23,OK,24.72,24.19,OK,22.83,22.61,OK,26.24,26.06,OK,24.21,23.51,OK,23.88,23.24,OK,0,0,,0,0,,0,OK,0,OK,0,OK,0,OK,0,OK,0,OK,0,OK,0,,0,,0,OK,0,OK,0,OK,0,OK,0,OK,0,OK,0,OK,0,,0,,,,53.81,OK,,,,53.42,OK,,,,-292.88,OK,,,,-292.64,OK,,,,172.85,OK,,,,173.72,OK,,,,,,,,,,,,,,,,,
2410120147D,ATKINSON 3.8 OCV,DM3P8,2024-10-12 02:31:01,18.994,24.81,OK,27.03,26.98,OK,25.77,25.75,OK,24.66,24.45,OK,23.66,23.59,OK,26.61,26.52,OK,26.84,26.77,OK,24.91,24.84,OK,0,0,,0,0,,11.71,OK,11.46,OK,11.59,OK,11.55,OK,11.36,OK,11.83,OK,11.71,OK,0,,0,,12.78,OK,12.85,OK,12.84,OK,12.82,OK,12.81,OK,12.77,OK,12.77,OK,0,,0,,,,81.86,OK,,,,82.25,OK,,,,157.86,OK,,,,158.28,OK,,,,36.95,OK,,,,37.24,OK,,,,,,,,,,,,,,,,,
2410120128C,NEW KAPPAEX1.0,CM1P7,2024-10-12 02:31:12,18.698,26.96,OK,22.2,21.92,OK,22.2,21.64,OK,22.5,22.32,OK,22.22,21.62,OK,22.78,22.62,OK,22.01,21.45,OK,22.53,21.8,OK,0,0,,0,0,,5.61,OK,6.35,OK,6.33,OK,6.39,OK,6.91,OK,6.54,OK,6.55,OK,0,,0,,5.88,OK,6.23,OK,6.5,OK,7,OK,6.09,OK,6.42,OK,6.48,OK,0,,0,,,,54.87,OK,,,,56.21,NG,,,,-292.01,OK,,,,-293.59,OK,,,,173.12,OK,,,,173.34,OK,,,,,,,,,,,,,,,,,
2410120148D,ATKINSON 3.8 OCV,DM1P9,2024-10-12 02:31:53,18.992,23.12,OK,27.28,27.06,OK,25.84,25.78,OK,24.7,24.43,OK,24.97,24.94,OK,24.45,24.36,OK,25.1,24.99,OK,24.31,24.22,OK,0,0,,0,0,,11.43,OK,11.39,OK,11.38,OK,11.43,OK,11.77,OK,11.49,OK,11.47,OK,0,,0,,9.91,OK,9.99,OK,10.03,OK,9.97,OK,10.04,OK,9.83,OK,10,OK,0,,0,,,,82.03,OK,,,,82.25,OK,,,,157.8,OK,,,,158.08,OK,,,,37.88,OK,,,,37.53,OK,,,,,,,,,,,,,,,,,
2410120129C,NEW KAPPAEX1.0,CM2P2,2024-10-12 02:32:01,18.697,26.32,OK,23.31,23.13,OK,23.48,22.99,OK,24.48,24.2,OK,23.64,23.34,OK,22.94,22.89,OK,23.43,23.17,OK,23.15,22.8,OK,0,0,,0,0,,15.36,OK,15.36,OK,15.36,OK,15.36,OK,15.36,OK,15.36,OK,15.36,OK,0,,0,,15.36,OK,15.36,OK,15.36,OK,15.36,OK,15.36,OK,15.36,OK,15.36,OK,0,,0,,,,54.73,OK,,,,55.12,OK,,,,-292.25,OK,,,,-292.21,OK,,,,173.07,OK,,,,172.65,OK,,,,,,,,,,,,,,,,,
2410120130C,,C,2024-10-12 02:32:46,18.678,26.36,OK,,,,,,,,,,,,,,,,,,,,,,,,,,,,,,,,,,,,,,,,,,,,,,,,,,,,,,,,,,,,,,,,,,51.85,OK,,,,52.43,OK,,,,-292.88,OK,,,,-291.78,OK,,,,172.74,OK,,,,172.49,OK,,,,,,,,,,,,,,,,,
2410120149D,ATKINSON 3.8 OCV,DM2P4,2024-10-12 02:32:48,18.989,22.91,OK,26.44,26.42,OK,25.18,25.09,OK,24.48,24.29,OK,26.61,26.59,OK,25.84,25.81,OK,24.82,24.75,OK,24.43,24.38,OK,0,0,,0,0,,10.84,OK,11.21,OK,10.76,OK,10.74,OK,10.75,OK,10.79,OK,10.81,OK,0,,0,,10.48,OK,10.48,OK,10.47,OK,10.34,OK,10.34,OK,10.36,OK,10.36,OK,0,,0,,,,81.71,OK,,,,82.46,OK,,,,157.49,OK,,,,157.94,OK,,,,37.5,OK,,,,37.66,OK,,,,,,,,,,,,,,,,,
2410120131C,NEW KAPPAEX1.0,CM4P8,2024-10-12 02:33:38,18.694,26.58,OK,26.04,25.47,OK,23.68,23.4,OK,24.76,24.23,OK,23.09,22.91,OK,25.11,25.03,OK,23.71,23.44,OK,22.91,22.45,OK,0,0,,0,0,,0,OK,0,OK,0,OK,0,OK,0,OK,0,OK,0,OK,0,,0,,0,OK,0,OK,0,OK,0,OK,0,OK,0,OK,0,OK,0,,0,,,,54.02,OK,,,,53.79,OK,,,,-292.53,OK,,,,-291.77,OK,,,,171.85,OK,,,,172.49,OK,,,,,,,,,,,,,,,,,
2410120146D,ATKINSON 3.8 OCV,DM4P2,2024-10-12 02:33:40,18.996,24.2,OK,23.5,23.43,OK,23.99,23.92,OK,24.89,24.64,OK,25.08,25.08,OK,25.08,24.98,OK,24.5,24.45,OK,24.4,24.33,OK,0,0,,0,0,,11.55,OK,11.95,OK,11.94,OK,11.93,OK,11.95,OK,11.95,OK,11.78,OK,0,,0,,12.4,OK,12.43,OK,12.32,OK,12.33,OK,12.34,OK,12.5,OK,12.34,OK,0,,0,,,,82.02,OK,,,,82.35,OK,,,,157.65,OK,,,,157.92,OK,,,,37.44,OK,,,,37.17,OK,,,,,,,,,,,,,,,,,
2410120132C,NEW KAPPAEX1.0,CM1P6,2024-10-12 02:34:27,18.694,26.58,OK,22.67,22.43,OK,21.87,21.17,OK,23.23,22.97,OK,21.73,21.2,OK,22.39,22.22,OK,21.8,21.34,OK,21.64,21.43,OK,0,0,,0,0,,5.69,OK,6.32,OK,6.33,OK,6.71,OK,6.62,OK,6.61,OK,6.47,OK,0,,0,,6,OK,6.48,OK,7,OK,6.4,OK,6.39,OK,6.49,OK,6.12,OK,0,,0,,,,53.02,OK,,,,54.63,OK,,,,-292.57,OK,,,,-292.33,OK,,,,174.3,OK,,,,173.23,OK,,,,,,,,,,,,,,,,,
2410120150D,ATKINSON 3.8 OCV,DM5P3,2024-10-12 02:34:35,18.998,24.61,OK,24.23,24.13,OK,25.11,24.99,OK,24.02,23.65,OK,24.46,24.16,OK,24,23.93,OK,25.11,25.04,OK,24.37,24.2,OK,0,0,,0,0,,2.11,OK,2.64,OK,2.65,OK,2.63,OK,2.81,OK,2.7,OK,2.65,OK,0,,0,,0.8,OK,0.81,OK,0.83,OK,0.85,OK,0.85,OK,0.87,OK,0.89,OK,0,,0,,,,83.09,OK,,,,81.73,OK,,,,158.6,OK,,,,158.87,OK,,,,37.87,OK,,,,37.97,OK,,,,,,,,,,,,,,,,,
2410120133C,NEW KAPPAEX1.0,CM2P1,2024-10-12 02:35:16,18.679,27.37,OK,24.34,24.06,OK,24.13,23.85,OK,24.13,23.85,OK,23.57,23.22,OK,23.59,23.5,OK,23.22,23.03,OK,23.52,23.24,OK,0,0,,0,0,,15.36,OK,15.36,OK,15.36,OK,15.36,OK,15.36,OK,15.36,OK,15.36,OK,0,,0,,15.36,OK,15.36,OK,15.36,OK,15.36,OK,15.36,OK,15.36,OK,15.36,OK,0,,0,,,,52.82,OK,,,,53.28,OK,,,,-293.56,OK,,,,-292.24,OK,,,,173.16,OK,,,,172.16,OK,,,,,,,,,,,,,,,,,
2410120152D,ATKINSON 3.8 OCV,DM1P7,2024-10-12 02:35:31,18.995,22.67,OK,26.68,26.47,OK,28.52,28.39,OK,25.69,25.48,OK,25.6,25.53,OK,25.37,25.37,OK,24.61,24.43,OK,25.39,25.3,OK,0,0,,0,0,,11.46,OK,11.35,OK,11.37,OK,11.39,OK,11.42,OK,11.78,OK,11.44,OK,0,,0,,9.91,OK,10,OK,10.09,OK,9.85,OK,10.13,OK,10.13,OK,10.14,OK,0,,0,,,,82.64,OK,,,,83.13,OK,,,,158.56,OK,,,,157.79,OK,,,,36.85,OK,,,,37.03,OK,,,,,,,,,,,,,,,,,
2410120134C,NEW KAPPAEX1.0,CM3P3,2024-10-12 02:36:05,18.684,26.76,OK,25.52,25.12,OK,24.05,23.58,OK,23.1,22.76,OK,24.19,23.65,OK,23.33,23.17,OK,24.3,23.17,OK,23.13,22.42,OK,0,0,,0,0,,0,OK,0,OK,0,OK,0,OK,0,OK,0,OK,0,OK,0,,0,,0,OK,0,OK,0,OK,0,OK,0,OK,0,OK,0,OK,0,,0,,,,53.11,OK,,,,53.87,OK,,,,-292.77,OK,,,,-292.53,OK,,,,171.87,OK,,,,172.5,OK,,,,,,,,,,,,,,,,,
2410120153D,ATKINSON 3.8 OCV,DM2P5,2024-10-12 02:36:23,18.995,24.43,OK,26.83,26.76,OK,25.81,25.77,OK,24.55,24.38,OK,26.03,26.01,OK,25.45,25.4,OK,24.17,24.12,OK,23.92,23.85,OK,0,0,,0,0,,10.82,OK,11.18,OK,10.74,OK,10.77,OK,10.75,OK,10.79,OK,10.83,OK,0,,0,,10.51,OK,10.34,OK,10.31,OK,10.34,OK,10.31,OK,10.31,OK,10.33,OK,0,,0,,,,82.18,OK,,,,82.07,OK,,,,158.14,OK,,,,158.28,OK,,,,38.04,OK,,,,38.26,OK,,,,,,,,,,,,,,,,,
2410120135C,NEW KAPPAEX1.0,CM4P4,2024-10-12 02:37:13,18.69,27.02,OK,26.92,26.19,OK,24.21,23.84,OK,25,24.52,OK,23.4,23.16,OK,24.5,24.3,OK,23.2,22.91,OK,22.65,22.36,OK,0,0,,0,0,,0,OK,0,OK,0,OK,0,OK,0,OK,0,OK,0,OK,0,,0,,0,OK,0,OK,0,OK,0,OK,0,OK,0,OK,0,OK,0,,0,,,,54.06,OK,,,,53.43,OK,,,,-293.29,OK,,,,-292.06,OK,,,,172.52,OK,,,,173.65,OK,,,,,,,,,,,,,,,,,
2410120151D,ATKINSON 3.8 OCV,DM3P1,2024-10-12 02:37:15,18.99,24.06,OK,26.17,26.12,OK,26.31,26.24,OK,25.38,25.03,OK,25.7,25.66,OK,27.14,27.12,OK,27.81,27.7,OK,25.49,25.47,OK,0,0,,0,0,,11.38,OK,11.62,OK,11.73,OK,11.65,OK,11.68,OK,11.62,OK,11.71,OK,0,,0,,12.79,OK,12.77,OK,12.8,OK,12.77,OK,12.78,OK,12.76,OK,12.83,OK,0,,0,,,,82.11,OK,,,,82.42,OK,,,,157.07,OK,,,,158.02,OK,,,,37.09,OK,,,,37.37,OK,,,,,,,,,,,,,,,,,
2410120136C,NEW KAPPAEX1.0,CM1P7,2024-10-12 02:38:02,18.684,27.26,OK,22.95,22.81,OK,21.03,20.59,OK,22.81,22.62,OK,21.17,20.68,OK,21.92,21.76,OK,21.36,20.8,OK,22.41,21.92,OK,0,0,,0,0,,5.68,OK,6.31,OK,6.53,OK,6.53,OK,6.61,OK,6.56,OK,7.03,OK,0,,0,,6.23,OK,6.18,OK,6.29,OK,6.35,OK,6.49,OK,6.73,OK,6.28,OK,0,,0,,,,54.58,OK,,,,54.24,OK,,,,-292.77,OK,,,,-293.8,OK,,,,172.42,OK,,,,172.62,OK,,,,,,,,,,,,,,,,,
2410120154D,ATKINSON 3.8 OCV,DM4P6,2024-10-12 02:38:07,18.984,23.45,OK,24.47,24.38,OK,23.78,23.73,OK,25.52,25.08,OK,26.1,26.05,OK,26.07,25.98,OK,26.17,26.14,OK,25.47,25.4,OK,0,0,,0,0,,11.61,OK,11.71,OK,11.95,OK,11.95,OK,12.11,OK,12,OK,11.98,OK,0,,0,,12.47,OK,12.45,OK,12.42,OK,12.39,OK,12.43,OK,12.42,OK,12.4,OK,0,,0,,,,82.54,OK,,,,82.28,OK,,,,157.8,OK,,,,157.5,OK,,,,37.61,OK,,,,37.83,OK,,,,,,,,,,,,,,,,,
2410120137C,NEW KAPPAEX1.0,CM2P2,2024-10-12 02:38:47,18.688,27.57,OK,23.83,23.69,OK,22.38,22.1,OK,23.15,22.8,OK,23.48,23.31,OK,23.41,23.31,OK,22.29,22.01,OK,22.94,22.78,OK,0,0,,0,0,,15.36,OK,15.36,OK,15.36,OK,15.36,OK,15.36,OK,15.36,OK,15.36,OK,0,,0,,15.36,OK,15.36,OK,15.36,OK,15.36,OK,15.36,OK,15.36,OK,15.36,OK,0,,0,,,,54.79,OK,,,,54.91,OK,,,,-292.3,OK,,,,-292.62,OK,,,,173.54,OK,,,,172.55,OK,,,,,,,,,,,,,,,,,
2410120156D,ATKINSON 3.8 OCV,DM1P9,2024-10-12 02:39:02,18.996,23.46,OK,28.66,28.54,OK,26.07,26.02,OK,26.5,26.29,OK,25.96,25.93,OK,25.46,25.44,OK,26.5,26.41,OK,24.76,24.74,OK,0,0,,0,0,,11.41,OK,11.35,OK,11.46,OK,11.38,OK,11.5,OK,11.45,OK,11.51,OK,0,,0,,10.05,OK,10.08,OK,10.01,OK,10.3,OK,9.93,OK,10.01,OK,10.17,OK,0,,0,,,,81.99,OK,,,,82.14,OK,,,,157.92,OK,,,,158.05,OK,,,,38.23,OK,,,,37.72,OK,,,,,,,,,,,,,,,,,
2410120138C,NEW KAPPAEX1.0,CM3P9,2024-10-12 02:39:36,18.691,26.63,OK,23.08,22.81,OK,21.97,21.7,OK,23.42,23.13,OK,22.49,21.93,OK,21.86,21.59,OK,22.47,21.68,OK,23.15,22.27,OK,0,0,,0,0,,0,OK,0,OK,0,OK,0,OK,0,OK,0,OK,0,OK,0,,0,,0,OK,0,OK,0,OK,0,OK,0,OK,0,OK,0,OK,0,,0,,,,53.56,OK,,,,53.07,OK,,,,-294.07,OK,,,,-292.77,OK,,,,171.8,OK,,,,171.67,OK,,,,,,,,,,,,,,,,,
2410120157D,ATKINSON 3.8 OCV,DM2P4,2024-10-12 02:39:57,18.99,23.66,OK,28.26,28.19,OK,24.24,24.19,OK,24.43,24.12,OK,26.18,26.08,OK,26.9,26.86,OK,28.19,28.07,OK,24.26,24.19,OK,0,0,,0,0,,11.01,OK,11.33,OK,10.81,OK,11.49,OK,11,OK,11.02,OK,10.83,OK,0,,0,,10.4,OK,10.44,OK,10.36,OK,10.36,OK,10.32,OK,10.34,OK,10.36,OK,0,,0,,,,81.76,OK,,,,82.07,OK,,,,157.9,OK,,,,158.24,OK,,,,37.82,OK,,,,37.87,OK,,,,,,,,,,,,,,,,,
2410120139C,,C,2024-10-12 02:40:47,18.692,26.96,OK,,,,,,,,,,,,,,,,,,,,,,,,,,,,,,,,,,,,,,,,,,,,,,,,,,,,,,,,,,,,,,,,,,54.3,OK,,,,54.56,OK,,,,-293.22,OK,,,,-292.06,OK,,,,171.41,OK,,,,173.12,OK,,,,,,,,,,,,,,,,,
2410120158D,ATKINSON 3.8 OCV,DM3P8,2024-10-12 02:40:49,18.986,24.76,OK,28.02,27.93,OK,26.47,26.38,OK,25.54,25.22,OK,24.45,24.45,OK,27.05,27.03,OK,27,26.96,OK,26.65,26.56,OK,0,0,,0,0,,11.74,OK,11.74,OK,11.66,OK,11.76,OK,11.79,OK,11.25,OK,11.56,OK,0,,0,,12.86,OK,12.79,OK,12.76,OK,12.73,OK,12.79,OK,12.81,OK,12.81,OK,0,,0,,,,81.16,OK,,,,81.61,OK,,,,157.75,OK,,,,158.28,OK,,,,37.14,OK,,,,37.49,OK,,,,,,,,,,,,,,,,,
2410120140C,NEW KAPPAEX1.0,CM1P6,2024-10-12 02:41:36,18.696,26.38,OK,22.5,22.25,OK,22.39,21.85,OK,23.23,23.04,OK,21.13,20.43,OK,22.39,22.06,OK,21.92,21.2,OK,22.92,22.67,OK,0,0,,0,0,,5.7,OK,6.78,OK,6.37,OK,6.4,OK,6.52,OK,6.69,OK,6.67,OK,0,,0,,6.34,OK,6.17,OK,6.27,OK,6.52,OK,6.73,OK,6.37,OK,6.24,OK,0,,0,,,,52.36,OK,,,,54.72,OK,,,,-291.18,OK,,,,-293,OK,,,,174.36,OK,,,,173.56,OK,,,,,,,,,,,,,,,,,
2410120159D,ATKINSON 3.8 OCV,DM4P3,2024-10-12 02:41:44,18.99,22.93,OK,25.1,25.1,OK,24.13,24.03,OK,25.22,24.89,OK,26.82,26.52,OK,26.42,26.21,OK,26.96,26.79,OK,26.45,26.19,OK,0,0,,0,0,,11.59,OK,11.79,OK,11.79,OK,11.91,OK,11.93,OK,11.94,OK,11.96,OK,0,,0,,11.7,OK,11.6,OK,12.5,OK,12.31,OK,12.39,OK,12.41,OK,11.81,OK,0,,0,,,,82.54,OK,,,,81.91,OK,,,,158.08,OK,,,,158.1,OK,,,,37.52,OK,,,,37.36,OK,,,,,,,,,,,,,,,,,
2410120141C,NEW KAPPAEX1.0,CM2P1,2024-10-12 02:42:22,18.695,26.65,OK,24.53,24.29,OK,21.59,21.31,OK,24.15,23.83,OK,22.33,22.1,OK,22.19,22.19,OK,21.89,21.77,OK,22.85,22.64,OK,0,0,,0,0,,15.36,OK,15.36,OK,15.36,OK,15.36,OK,15.36,OK,15.36,OK,15.36,OK,0,,0,,15.36,OK,15.36,OK,15.36,OK,15.36,OK,15.36,OK,15.36,OK,15.36,OK,0,,0,,,,53.84,OK,,,,51.82,OK,,,,-292.81,OK,,,,-291.34,OK,,,,172.6,OK,,,,171.33,OK,,,,,,,,,,,,,,,,,
2410120160D,ATKINSON 3.8 OCV,DM1P7,2024-10-12 02:42:40,18.998,23.93,OK,24.74,24.61,OK,26.99,26.88,OK,25.93,25.71,OK,26.61,26.56,OK,26.63,26.56,OK,26.29,26.29,OK,25.08,25.01,OK,0,0,,0,0,,11.4,OK,11.4,OK,11.42,OK,11.4,OK,11.43,OK,11.78,OK,11.84,OK,0,,0,,9.89,OK,10.04,OK,10.08,OK,10.09,OK,10.2,OK,10.18,OK,10.13,OK,0,,0,,,,82.12,OK,,,,82.65,OK,,,,157.59,OK,,,,157.92,OK,,,,37.26,OK,,,,37.48,OK,,,,,,,,,,,,,,,,,
2410120142C,NEW KAPPAEX1.0,CM3P3,2024-10-12 02:43:23,18.694,27.41,OK,24.3,23.85,OK,24.21,23.89,OK,24.03,23.76,OK,21.99,21.5,OK,22.7,22.47,OK,22.31,21.86,OK,23.35,22.7,OK,0,0,,0,0,,0,OK,0,OK,0,OK,0,OK,0,OK,0,OK,0,OK,0,,0,,0,OK,0,OK,0,OK,0,OK,0,OK,0,OK,0,OK,0,,0,,,,53.8,OK,,,,53.3,OK,,,,-293.38,OK,,,,-292.95,OK,,,,172.87,OK,,,,172.71,OK,,,,,,,,,,,,,,,,,
2410120161D,ATKINSON 3.8 OCV,DM2P5,2024-10-12 02:43:32,18.998,24.51,OK,27.19,27.12,OK,24.77,24.75,OK,23.95,23.88,OK,26.27,26.25,OK,26.23,26.23,OK,25.57,25.45,OK,24.46,24.41,OK,0,0,,0,0,,10.79,OK,10.8,OK,10.79,OK,10.78,OK,10.83,OK,10.7,OK,10.95,OK,0,,0,,10.51,OK,10.39,OK,10.34,OK,10.37,OK,10.37,OK,10.3,OK,10.36,OK,0,,0,,,,81.96,OK,,,,81.81,OK,,,,157.97,OK,,,,158.21,OK,,,,38.22,OK,,,,38.04,OK,,,,,,,,,,,,,,,,,
2410120143C,NEW KAPPAEX1.0,CM4P4,2024-10-12 02:44:22,18.684,27.41,OK,26.41,25.99,OK,23.05,22.74,OK,25.03,24.28,OK,24.39,24.01,OK,24.3,24.1,OK,22.98,22.74,OK,23.24,22.67,OK,0,0,,0,0,,0,OK,0,OK,0,OK,0,OK,0,OK,0,OK,0,OK,0,,0,,0,OK,0,OK,0,OK,0,OK,0,OK,0,OK,0,OK,0,,0,,,,53.94,OK,,,,53.38,OK,,,,-293.47,OK,,,,-292.92,OK,,,,171.71,OK,,,,173.39,OK,,,,,,,,,,,,,,,,,
2410120162D,ATKINSON 3.8 OCV,DM3P6,2024-10-12 02:44:27,18.987,23.58,OK,25.19,25.17,OK,25.24,25.12,OK,24.61,24.36,OK,23.2,23.1,OK,25.22,25.12,OK,26.26,26.24,OK,24.24,24.2,OK,0,0,,0,0,,11.74,OK,11.92,OK,11.67,OK,11.66,OK,11.73,OK,11.76,OK,11.98,OK,0,,0,,12.86,OK,12.78,OK,12.58,OK,12.63,OK,12.6,OK,12.7,OK,12.89,OK,0,,0,,,,82.9,OK,,,,83.05,OK,,,,157.22,OK,,,,157.02,OK,,,,37.23,OK,,,,37.67,OK,,,,,,,,,,,,,,,,,
2410120144C,NEW KAPPAEX1.0,CM1P7,2024-10-12 02:45:07,18.694,27.9,OK,23.2,23.11,OK,23.74,23.11,OK,22.57,22.39,OK,21.08,20.59,OK,21.66,21.62,OK,22.01,21.73,OK,22.41,22.15,OK,0,0,,0,0,,5.69,OK,6.55,OK,6.4,OK,6.41,OK,6.92,OK,6.71,OK,6.69,OK,0,,0,,5.88,OK,6.2,OK,6.43,OK,6.69,OK,6.5,OK,6.44,OK,6.6,OK,0,,0,,,,54.8,OK,,,,55.98,NG,,,,-292.53,OK,,,,-293.83,OK,,,,172.76,OK,,,,173.2,OK,,,,,,,,,,,,,,,,,
2410120155D,ATKINSON 3.8 OCV,DM5P2,2024-10-12 02:45:19,18.994,23.83,OK,22.88,22.81,OK,26.04,25.99,OK,23.69,23.55,OK,23.44,23.21,OK,23.93,23.81,OK,22.09,21.98,OK,23.23,23.21,OK,0,0,,0,0,,2.07,OK,2.64,OK,2.59,OK,2.64,OK,2.64,OK,2.62,OK,2.58,OK,0,,0,,0.78,OK,0.83,OK,0.81,OK,0.81,OK,0.81,OK,0.82,OK,0.81,OK,0,,0,,,,81.22,OK,,,,81.44,OK,,,,158.14,OK,,,,158.81,OK,,,,38.37,OK,,,,37.95,OK,,,,,,,,,,,,,,,,,
2410120145C,NEW KAPPAEX1.0,CM2P2,2024-10-12 02:45:56,18.699,27.75,OK,23.71,23.48,OK,23.1,22.92,OK,23.48,23.2,OK,22.73,22.43,OK,22.73,22.73,OK,22.54,22.4,OK,23.87,23.64,OK,0,0,,0,0,,15.36,OK,15.36,OK,15.36,OK,15.36,OK,15.36,OK,15.36,OK,15.36,OK,0,,0,,15.36,OK,15.36,OK,15.36,OK,15.36,OK,15.36,OK,15.36,OK,15.36,OK,0,,0,,,,53.98,OK,,,,55.23,OK,,,,-291.55,OK,,,,-292.5,OK,,,,173.2,OK,,,,172.6,OK,,,,,,,,,,,,,,,,,
2410120164D,ATKINSON 3.8 OCV,DM1P9,2024-10-12 02:46:11,18.99,23.47,OK,25.17,25.03,OK,28.52,28.43,OK,24.85,24.63,OK,27.06,26.92,OK,26.77,26.72,OK,26.83,26.74,OK,25.21,25.19,OK,0,0,,0,0,,11.44,OK,11.39,OK,11.44,OK,11.39,OK,11.43,OK,11.5,OK,11.52,OK,0,,0,,9.93,OK,10.14,OK,10.14,OK,10.14,OK,10.21,OK,10.17,OK,10.06,OK,0,,0,,,,82.11,OK,,,,82.33,OK,,,,157.88,OK,,,,157.98,OK,,,,37.88,OK,,,,37.57,OK,,,,,,,,,,,,,,,,,
2410120146C,NEW KAPPAEX1.0,CM3P9,2024-10-12 02:46:42,18.684,27.1,OK,22.97,22.83,OK,24.08,23.6,OK,23.19,22.79,OK,23.08,22.54,OK,22.74,22.42,OK,22.15,21.36,OK,22.15,21.52,OK,0,0,,0,0,,0,OK,0,OK,0,OK,0,OK,0,OK,0,OK,0,OK,0,,0,,0,OK,0,OK,0,OK,0,OK,0,OK,0,OK,0,OK,0,,0,,,,53.34,OK,,,,52.29,OK,,,,-292.76,OK,,,,-292.44,OK,,,,172.59,OK,,,,172.93,OK,,,,,,,,,,,,,,,,,
2410120163D,ATKINSON 3.8 OCV,DM4P2,2024-10-12 02:47:06,18.992,23.58,OK,25.05,24.91,OK,23.5,23.45,OK,25.33,24.94,OK,26.26,26.21,OK,27.14,27.05,OK,25.22,25.12,OK,25.66,25.61,OK,0,0,,0,0,,11.43,OK,11.79,OK,11.68,OK,11.9,OK,11.75,OK,11.99,OK,11.98,OK,0,,0,,12.4,OK,12.45,OK,12.46,OK,12.48,OK,12.43,OK,12.41,OK,12.47,OK,0,,0,,,,81.71,OK,,,,81.92,OK,,,,157.84,OK,,,,157.95,OK,,,,37.59,OK,,,,37.31,OK,,,,,,,,,,,,,,,,,
2410120147C,NEW KAPPAEX1.0,CM4P8,2024-10-12 02:47:53,18.684,27.1,OK,25.2,24.85,OK,22.39,22.1,OK,24.96,24.26,OK,22.45,22.23,OK,24.56,24.48,OK,22.78,22.25,OK,23.02,22.69,OK,0,0,,0,0,,0,OK,0,OK,0,OK,0,OK,0,OK,0,OK,0,OK,0,,0,,0,OK,0,OK,0,OK,0,OK,0,OK,0,OK,0,OK,0,,0,,,,54.29,OK,,,,53.5,OK,,,,-292,OK,,,,-291.87,OK,,,,172.13,OK,,,,173.3,OK,,,,,,,,,,,,,,,,,
2410120166D,ATKINSON 3.8 OCV,DM3P8,2024-10-12 02:47:58,18.992,25.21,OK,29.14,29.09,OK,25.77,25.77,OK,25.61,25.33,OK,25.08,25.05,OK,26.77,26.72,OK,26.89,26.84,OK,26.49,26.45,OK,0,0,,0,0,,11.38,OK,11.8,OK,11.65,OK,11.77,OK,11.67,OK,11.78,OK,11.65,OK,0,,0,,12.91,OK,12.8,OK,12.8,OK,12.79,OK,12.79,OK,12.76,OK,12.9,OK,0,,0,,,,81.4,OK,,,,81.85,OK,,,,158.2,OK,,,,158.32,OK,,,,37.2,OK,,,,37.46,OK,,,,,,,,,,,,,,,,,
2410120148C,NEW KAPPAEX1.0,CM1P6,2024-10-12 02:48:42,18.672,27,OK,24.09,23.86,OK,22.15,21.62,OK,23.06,22.88,OK,21.64,21.15,OK,23.25,23.04,OK,21.64,21.06,OK,21.43,21.06,OK,0,0,,0,0,,5.93,OK,6.4,OK,6.4,OK,6.81,OK,6.75,OK,6.67,OK,6.63,OK,0,,0,,6.09,OK,6.43,OK,6.98,OK,6.42,OK,6.52,OK,6.72,OK,6.2,OK,0,,0,,,,52.61,OK,,,,54.65,OK,,,,-292.45,OK,,,,-293.33,OK,,,,174.18,OK,,,,173.41,OK,,,,,,,,,,,,,,,,,
2410120167D,ATKINSON 3.8 OCV,DM5P1,2024-10-12 02:48:53,18.994,22.46,OK,22.05,22,OK,25.39,25.27,OK,24.69,24.46,OK,24.3,24.09,OK,24.18,24.04,OK,23.32,23.23,OK,23.86,23.74,OK,0,0,,0,0,,2.06,OK,2.67,OK,2.63,OK,2.7,OK,2.68,OK,2.66,OK,2.63,OK,0,,0,,0.78,OK,0.82,OK,0.83,OK,0.81,OK,0.81,OK,0.84,OK,0.85,OK,0,,0,,,,81.28,OK,,,,82.44,OK,,,,158.08,OK,,,,158.74,OK,,,,37.81,OK,,,,37.9,OK,,,,,,,,,,,,,,,,,
2410120149C,NEW KAPPAEX1.0,CM2P1,2024-10-12 02:49:31,18.69,26.5,OK,23.2,22.78,OK,22.8,22.43,OK,23.2,22.73,OK,21.56,21,OK,22.96,22.92,OK,22.22,21.94,OK,23.13,22.75,OK,0,0,,0,0,,15.36,OK,15.36,OK,15.36,OK,15.36,OK,15.36,OK,15.36,OK,15.36,OK,0,,0,,15.36,OK,15.36,OK,15.36,OK,15.36,OK,15.36,OK,15.36,OK,15.36,OK,0,,0,,,,52.97,OK,,,,53.67,OK,,,,-293.19,OK,,,,-292.53,OK,,,,172.96,OK,,,,172.75,OK,,,,,,,,,,,,,,,,,
2410120168D,ATKINSON 3.8 OCV,DM1P7,2024-10-12 02:49:45,18.986,24.38,OK,26.81,26.65,OK,27.17,27.06,OK,27.85,27.53,OK,27.78,27.62,OK,25.91,25.78,OK,26.52,26.34,OK,26.38,26.29,OK,0,0,,0,0,,11.36,OK,11.33,OK,11.36,OK,11.37,OK,11.47,OK,11.53,OK,11.52,OK,0,,0,,9.97,OK,10.09,OK,10.14,OK,10.11,OK,10.23,OK,10.23,OK,10.23,OK,0,,0,,,,82.28,OK,,,,82.86,OK,,,,157.55,OK,,,,157.99,OK,,,,37.2,OK,,,,37.49,OK,,,,,,,,,,,,,,,,,
2410120150C,NEW KAPPAEX1.0,CM3P3,2024-10-12 02:50:19,18.685,26.66,OK,24.05,23.6,OK,24.23,23.87,OK,23.62,23.26,OK,22.83,22.36,OK,23.24,22.94,OK,21.88,21.25,OK,22.17,21.5,OK,0,0,,0,0,,0,OK,0,OK,0,OK,0,OK,0,OK,0,OK,0,OK,0,,0,,0,OK,0,OK,0,OK,0,OK,0,OK,0,OK,0,OK,0,,0,,,,53.39,OK,,,,54.07,OK,,,,-292.03,OK,,,,-292.42,OK,,,,172.07,OK,,,,173.61,OK,,,,,,,,,,,,,,,,,
2410120169D,ATKINSON 3.8 OCV,DM4P3,2024-10-12 02:50:44,18.99,23.63,OK,25.33,25.29,OK,25.36,25.22,OK,25.91,25.7,OK,28.32,28.21,OK,26.68,26.58,OK,27.19,27.12,OK,27.3,27.23,OK,0,0,,0,0,,11.52,OK,11.61,OK,11.96,OK,11.77,OK,11.78,OK,11.8,OK,11.79,OK,0,,0,,12.45,OK,12.4,OK,12.43,OK,12.42,OK,12.47,OK,12.23,OK,12.45,OK,0,,0,,,,82.42,OK,,,,82.17,OK,,,,158.26,OK,,,,158.36,OK,,,,37.67,OK,,,,37.87,OK,,,,,,,,,,,,,,,,,
2410120151C,NEW KAPPAEX1.0,CM4P4,2024-10-12 02:51:28,18.686,27.01,OK,26.57,26.21,OK,25.38,24.96,OK,25.33,24.83,OK,23.55,23.35,OK,25.31,25.25,OK,24.1,23.82,OK,23.46,22.65,OK,0,0,,0,0,,0,OK,0,OK,0,OK,0,OK,0,OK,0,OK,0,OK,0,,0,,0,OK,0,OK,0,OK,0,OK,0,OK,0,OK,0,OK,0,,0,,,,53.74,OK,,,,53.62,OK,,,,-294.08,OK,,,,-292.28,OK,,,,172.58,OK,,,,173.58,OK,,,,,,,,,,,,,,,,,
2410120170D,ATKINSON 3.8 OCV,DM3P5,2024-10-12 02:51:36,18.993,24.01,OK,26.21,26.17,OK,26.26,26.17,OK,24.75,24.52,OK,24.15,24.06,OK,26.91,26.91,OK,27,26.89,OK,25.56,25.52,OK,0,0,,0,0,,11.48,OK,11.5,OK,11.49,OK,11.54,OK,11.63,OK,11.71,OK,11.79,OK,0,,0,,12.76,OK,12.93,OK,12.84,OK,12.72,OK,12.89,OK,12.78,OK,12.76,OK,0,,0,,,,81.83,OK,,,,81.82,OK,,,,157.96,OK,,,,158.18,OK,,,,37.44,OK,,,,37.21,OK,,,,,,,,,,,,,,,,,
2410120152C,NEW KAPPAEX1.0,CM1P7,2024-10-12 02:52:13,18.69,26.97,OK,24.02,23.95,OK,22.36,21.9,OK,23.55,23.39,OK,21.66,21.43,OK,22.39,22.25,OK,21.41,20.75,OK,21.99,21.57,OK,0,0,,0,0,,5.68,OK,6.38,OK,6.67,OK,6.46,OK,6.56,OK,6.65,OK,6.76,OK,0,,0,,6.22,OK,6.24,OK,6.32,OK,6.39,OK,6.95,OK,6.42,OK,6.29,OK,0,,0,,,,54.65,OK,,,,55.89,NG,,,,-291.95,OK,,,,-294.58,OK,,,,172.78,OK,,,,172.83,OK,,,,,,,,,,,,,,,,,
2410120171D,ATKINSON 3.8 OCV,DM5P6,2024-10-12 02:52:31,18.998,23.96,OK,23.39,23.3,OK,23.79,23.74,OK,24.51,24.27,OK,24.18,23.88,OK,24.39,24.25,OK,24.51,24.27,OK,23.35,23.3,OK,0,0,,0,0,,2.1,OK,2.6,OK,2.56,OK,2.59,OK,2.61,OK,2.75,OK,2.66,OK,0,,0,,0.81,OK,0.8,OK,0.82,OK,0.82,OK,0.78,OK,0.83,OK,0.78,OK,0,,0,,,,82.22,OK,,,,83.13,OK,,,,158.06,OK,,,,157.91,OK,,,,38.17,OK,,,,38.47,OK,,,,,,,,,,,,,,,,,
2410120153C,NEW KAPPAEX1.0,CM2P2,2024-10-12 02:53:02,18.695,26.66,OK,24.78,24.48,OK,23.43,23.27,OK,23.03,22.71,OK,23.55,23.38,OK,23.15,23.03,OK,22.17,21.91,OK,22.96,22.8,OK,0,0,,0,0,,15.36,OK,15.36,OK,15.36,OK,15.36,OK,15.36,OK,15.36,OK,15.36,OK,0,,0,,15.36,OK,15.36,OK,15.36,OK,15.36,OK,15.36,OK,15.36,OK,15.36,OK,0,,0,,,,54.05,OK,,,,54.85,OK,,,,-292,OK,,,,-295.32,NG,,,,171.75,OK,,,,173.22,OK,,,,,,,,,,,,,,,,,
2410120172D,ATKINSON 3.8 OCV,DM1P2,2024-10-12 02:53:23,18.99,23.03,OK,25.37,25.24,OK,27.1,27.01,OK,26.25,26.02,OK,25.87,25.73,OK,25.87,25.69,OK,26.25,26.16,OK,24.63,24.52,OK,0,0,,0,0,,11.29,OK,11.44,OK,11.44,OK,11.44,OK,11.45,OK,11.49,OK,11.51,OK,0,,0,,9.88,OK,10.07,OK,10.09,OK,10.14,OK,10.09,OK,10.14,OK,10,OK,0,,0,,,,81.94,OK,,,,82.31,OK,,,,157.89,OK,,,,157.89,OK,,,,37.54,OK,,,,37.18,OK,,,,,,,,,,,,,,,,,
2410120154C,NEW KAPPAEX1.0,CM3P9,2024-10-12 02:53:51,18.695,27.13,OK,24.85,24.6,OK,22.81,22.38,OK,23.51,23.19,OK,22.9,22.24,OK,22.83,22.6,OK,22.94,22.6,OK,22.45,21.93,OK,0,0,,0,0,,0,OK,0,OK,0,OK,0,OK,0,OK,0,OK,0,OK,0,,0,,0,OK,0,OK,0,OK,0,OK,0,OK,0,OK,0,OK,0,,0,,,,52.7,OK,,,,53.11,OK,,,,-293.04,OK,,,,-292.3,OK,,,,172.46,OK,,,,173.23,OK,,,,,,,,,,,,,,,,,
2410120173D,ATKINSON 3.8 OCV,DM4P9,2024-10-12 02:54:15,18.986,23.2,OK,28.51,28.42,OK,25.01,24.89,OK,25.24,24.98,OK,26.58,26.49,OK,27.14,27.12,OK,26.7,26.7,OK,26.84,26.82,OK,0,0,,0,0,,11.62,OK,11.85,OK,11.86,OK,11.84,OK,11.86,OK,11.75,OK,11.93,OK,0,,0,,12.22,OK,12.39,OK,12.25,OK,12,OK,12.64,OK,12.44,OK,12.58,OK,0,,0,,,,81.96,OK,,,,82.01,OK,,,,158.42,OK,,,,158.42,OK,,,,38.25,OK,,,,37.73,OK,,,,,,,,,,,,,,,,,
2410120155C,NEW KAPPAEX1.0,CM4P8,2024-10-12 02:55:06,18.698,26.88,OK,28.02,27.38,OK,23.13,22.94,OK,24.45,24.12,OK,23.55,23.24,OK,25.69,25.64,OK,23.31,22.78,OK,22.34,21.84,OK,0,0,,0,0,,0,OK,0,OK,0,OK,0,OK,0,OK,0,OK,0,OK,0,,0,,0,OK,0,OK,0,OK,0,OK,0,OK,0,OK,0,OK,0,,0,,,,54.29,OK,,,,54.55,OK,,,,-291.98,OK,,,,-291.91,OK,,,,171.7,OK,,,,172.5,OK,,,,,,,,,,,,,,,,,
2410120174D,ATKINSON 3.8 OCV,DM3P8,2024-10-12 02:55:10,18.988,24.22,OK,26.42,26.33,OK,25.47,25.42,OK,26.03,25.84,OK,22.73,22.66,OK,26.03,25.96,OK,26.14,26.07,OK,25.22,25.19,OK,0,0,,0,0,,11.38,OK,11.79,OK,11.8,OK,11.65,OK,11.78,OK,11.67,OK,11.66,OK,0,,0,,12.72,OK,12.83,OK,12.86,OK,12.77,OK,12.87,OK,12.78,OK,12.78,OK,0,,0,,,,81.33,OK,,,,81.67,OK,,,,158.22,OK,,,,158.39,OK,,,,36.99,OK,,,,37.36,OK,,,,,,,,,,,,,,,,,
2410120156C,NEW KAPPAEX1.0,CM1P6,2024-10-12 02:55:51,18.692,26.97,OK,24.58,24.39,OK,22.5,21.85,OK,23.86,23.6,OK,21.76,21.2,OK,21.36,21.15,OK,21.41,20.94,OK,21.52,21.29,OK,0,0,,0,0,,5.71,OK,6.59,OK,6.44,OK,6.36,OK,6.51,OK,6.67,OK,6.59,OK,0,,0,,5.98,OK,6.16,OK,6.54,OK,6.56,OK,6.42,OK,6.63,OK,6.38,OK,0,,0,,,,53.67,OK,,,,55.03,OK,,,,-292.49,OK,,,,-293,OK,,,,174.47,OK,,,,173.52,OK,,,,,,,,,,,,,,,,,
2410120175D,ATKINSON 3.8 OCV,DM5P1,2024-10-12 02:56:02,18.986,23.35,OK,26.45,26.41,OK,27.54,27.5,OK,24.92,24.55,OK,24.83,24.71,OK,24.71,24.55,OK,24.78,24.71,OK,24.39,24.27,OK,0,0,,0,0,,2.09,OK,2.61,OK,2.68,OK,2.63,OK,2.73,OK,2.67,OK,2.65,OK,0,,0,,0.84,OK,0.84,OK,0.85,OK,0.84,OK,0.85,OK,0.85,OK,0.83,OK,0,,0,,,,81.56,OK,,,,81.91,OK,,,,157.93,OK,,,,158.78,OK,,,,37.83,OK,,,,37.93,OK,,,,,,,,,,,,,,,,,
2410120157C,NEW KAPPAEX1.0,CM2P1,2024-10-12 02:56:40,18.69,26.91,OK,24.99,24.81,OK,23.34,23.1,OK,23.36,22.92,OK,23.38,23.17,OK,23.45,23.43,OK,23.41,23.1,OK,23.45,23.38,OK,0,0,,0,0,,15.36,OK,15.36,OK,15.36,OK,15.36,OK,15.36,OK,15.36,OK,15.36,OK,0,,0,,15.36,OK,15.36,OK,15.36,OK,15.36,OK,15.36,OK,15.36,OK,15.36,OK,0,,0,,,,53.87,OK,,,,52.54,OK,,,,-292.92,OK,,,,-292.2,OK,,,,172.74,OK,,,,171.31,OK,,,,,,,,,,,,,,,,,
2410120176D,ATKINSON 3.8 OCV,DM1P7,2024-10-12 02:56:58,18.986,23.72,OK,27.28,26.97,OK,28.21,28.12,OK,26.5,26.27,OK,27.35,27.35,OK,24.76,24.65,OK,25.6,25.53,OK,27.62,27.55,OK,0,0,,0,0,,11.4,OK,11.43,OK,11.43,OK,11.66,OK,11.43,OK,11.43,OK,11.41,OK,0,,0,,10.08,OK,10.07,OK,10.26,OK,10.18,OK,10.08,OK,10.23,OK,10.16,OK,0,,0,,,,82.49,OK,,,,82.86,OK,,,,157.28,OK,,,,157.56,OK,,,,36.96,OK,,,,37.16,OK,,,,,,,,,,,,,,,,,
2410120158C,NEW KAPPAEX1.0,CM3P3,2024-10-12 02:57:25,18.688,27.46,OK,24.71,24.35,OK,23.46,23.1,OK,24.14,23.85,OK,24.17,23.49,OK,22.79,22.65,OK,21.99,21.45,OK,22.4,21.79,OK,0,0,,0,0,,0,OK,0,OK,0,OK,0,OK,0,OK,0,OK,0,OK,0,,0,,0,OK,0,OK,0,OK,0,OK,0,OK,0,OK,0,OK,0,,0,,,,53.24,OK,,,,52.81,OK,,,,-292.98,OK,,,,-292.78,OK,,,,172.09,OK,,,,172.47,OK,,,,,,,,,,,,,,,,,
2410120165D,ATKINSON 3.8 OCV,DM2P4,2024-10-12 02:57:50,18.996,24.36,OK,29.5,29.45,OK,25.79,25.69,OK,25.43,25.28,OK,27.03,26.9,OK,28.77,28.72,OK,26.37,26.25,OK,25.77,25.67,OK,0,0,,0,0,,10.69,OK,11.14,OK,10.8,OK,10.79,OK,10.81,OK,10.81,OK,10.83,OK,0,,0,,10.44,OK,10.37,OK,10.39,OK,10.4,OK,10.43,OK,10.49,OK,10.33,OK,0,,0,,,,81.58,OK,,,,82.15,OK,,,,157.82,OK,,,,158.36,OK,,,,37.66,OK,,,,37.9,OK,,,,,,,,,,,,,,,,,
2410120159C,NEW KAPPAEX1.0,CM4P4,2024-10-12 02:58:37,18.687,27.07,OK,25.53,25.16,OK,22.91,22.74,OK,25.71,25.05,OK,23,22.69,OK,24.5,24.41,OK,23.66,23.18,OK,24.5,24.08,OK,0,0,,0,0,,0,OK,0,OK,0,OK,0,OK,0,OK,0,OK,0,OK,0,,0,,0,OK,0,OK,0,OK,0,OK,0,OK,0,OK,0,OK,0,,0,,,,53.51,OK,,,,53.32,OK,,,,-293.33,OK,,,,-292.95,OK,,,,172.34,OK,,,,172.98,OK,,,,,,,,,,,,,,,,,
2410120177D,ATKINSON 3.8 OCV,DM4P3,2024-10-12 02:58:45,18.997,24.47,OK,26.33,26.26,OK,24.61,24.61,OK,25.87,25.42,OK,27.1,26.91,OK,25.38,25.31,OK,25.84,25.8,OK,27.1,27.03,OK,0,0,,0,0,,11.63,OK,11.91,OK,11.68,OK,11.9,OK,11.83,OK,11.83,OK,11.81,OK,0,,0,,12.33,OK,12.4,OK,12.55,OK,12.52,OK,12.05,OK,11.69,OK,12.21,OK,0,,0,,,,82.33,OK,,,,81.79,OK,,,,158.33,OK,,,,158.44,OK,,,,37.72,OK,,,,37.73,OK,,,,,,,,,,,,,,,,,
2410120160C,NEW KAPPAEX1.0,CM1P7,2024-10-12 02:59:22,18.694,27.28,OK,24.09,23.69,OK,21.99,21.29,OK,23.25,23.09,OK,21.57,21.03,OK,22.67,22.53,OK,22.92,22.5,OK,22.95,22.41,OK,0,0,,0,0,,5.95,OK,6.47,OK,6.33,OK,6.76,OK,6.63,OK,6.59,OK,6.65,OK,0,,0,,6.13,OK,6.42,OK,7.11,OK,6.4,OK,6.47,OK,6.85,OK,6.24,OK,0,,0,,,,54.69,OK,,,,54.43,OK,,,,-292.64,OK,,,,-294.24,OK,,,,172.98,OK,,,,172.86,OK,,,,,,,,,,,,,,,,,
2410120178D,ATKINSON 3.8 OCV,DM3P5,2024-10-12 02:59:40,18.982,23.18,OK,26.07,25.98,OK,27.19,27.1,OK,25.84,25.42,OK,24.8,24.68,OK,26.56,26.54,OK,27.28,27.23,OK,26.21,26.12,OK,0,0,,0,0,,11.72,OK,11.14,OK,11.39,OK,11.8,OK,11.76,OK,11.81,OK,11.8,OK,0,,0,,12.8,OK,12.86,OK,12.84,OK,12.75,OK,12.74,OK,12.79,OK,12.78,OK,0,,0,,,,82.17,OK,,,,81.84,OK,,,,157.84,OK,,,,158.29,OK,,,,37.93,OK,,,,37.82,OK,,,,,,,,,,,,,,,,,
2410120161C,NEW KAPPAEX1.0,CM2P2,2024-10-12 03:00:11,18.686,27.65,OK,25.48,25.25,OK,22.99,22.8,OK,23.78,23.5,OK,23.29,23.13,OK,23.76,23.76,OK,23.24,22.92,OK,23.13,23.01,OK,0,0,,0,0,,15.36,OK,15.36,OK,15.36,OK,15.36,OK,15.36,OK,15.36,OK,15.36,OK,0,,0,,15.36,OK,15.36,OK,15.36,OK,15.36,OK,15.36,OK,15.36,OK,15.36,OK,0,,0,,,,54.63,OK,,,,55.01,OK,,,,-292.75,OK,,,,-292.65,OK,,,,173.37,OK,,,,173.09,OK,,,,,,,,,,,,,,,,,
2410120179D,ATKINSON 3.8 OCV,DM5P6,2024-10-12 03:00:32,18.985,23.45,OK,24.69,24.58,OK,23.72,23.65,OK,23.67,23.42,OK,25.46,25.27,OK,24.04,23.86,OK,23.74,23.65,OK,23,22.95,OK,0,0,,0,0,,2.06,OK,2.68,OK,2.61,OK,2.68,OK,2.71,OK,2.63,OK,2.61,OK,0,,0,,0.82,OK,0.78,OK,0.81,OK,0.83,OK,0.82,OK,0.79,OK,0.82,OK,0,,0,,,,82.22,OK,,,,82.52,OK,,,,158.12,OK,,,,157.95,OK,,,,37.85,OK,,,,38.44,OK,,,,,,,,,,,,,,,,,
2410120180D,ATKINSON 3.8 OCV,DM1P9,2024-10-12 03:01:27,18.985,24.55,OK,24.47,24.25,OK,28.88,28.72,OK,25.28,24.99,OK,26.61,26.54,OK,26.05,25.91,OK,26.9,26.81,OK,24.94,24.88,OK,0,0,,0,0,,11.39,OK,11.8,OK,11.37,OK,11.37,OK,11.45,OK,11.52,OK,11.49,OK,0,,0,,9.88,OK,10.11,OK,9.94,OK,10.08,OK,10.12,OK,10.17,OK,10.08,OK,0,,0,,,,81.95,OK,,,,82.42,OK,,,,157.87,OK,,,,158.04,OK,,,,37.81,OK,,,,37.51,OK,,,,,,,,,,,,,,,,,
2410120162C,NEW KAPPAEX1.0,CM3P9,2024-10-12 03:01:58,18.699,26.88,OK,24.44,23.85,OK,22.99,22.74,OK,22.85,22.49,OK,23.4,22.76,OK,22.45,22.22,OK,21.84,21.13,OK,22.38,21.81,OK,0,0,,0,0,,0,OK,0,OK,0,OK,0,OK,0,OK,0,OK,0,OK,0,,0,,0,OK,0,OK,0,OK,0,OK,0,OK,0,OK,0,OK,0,,0,,,,52.33,OK,,,,52.87,OK,,,,-293.14,OK,,,,-292.55,OK,,,,173.15,OK,,,,173.4,OK,,,,,,,,,,,,,,,,,
2410120181D,ATKINSON 3.8 OCV,DM2P2,2024-10-12 03:02:23,18.99,24.83,OK,27.8,27.75,OK,24.53,24.43,OK,24.72,24.63,OK,24.48,24.38,OK,25.62,25.62,OK,24.68,24.51,OK,25.72,25.69,OK,0,0,,0,0,,11.12,OK,10.74,OK,10.7,OK,11.1,OK,11.46,OK,10.74,OK,11,OK,0,,0,,10.4,OK,10.36,OK,10.34,OK,10.37,OK,10.37,OK,10.4,OK,10.42,OK,0,,0,,,,81.56,OK,,,,82.2,OK,,,,157.75,OK,,,,158.23,OK,,,,37.81,OK,,,,38.03,OK,,,,,,,,,,,,,,,,,
2410120163C,NEW KAPPAEX1.0,CM4P8,2024-10-12 03:02:54,18.682,26.97,OK,25.4,24.72,OK,23.35,23,OK,24.74,24.12,OK,22.32,22.06,OK,23.38,23.35,OK,23.75,23.46,OK,22.69,22.21,OK,0,0,,0,0,,0,OK,0,OK,0,OK,0,OK,0,OK,0,OK,0,OK,0,,0,,0,OK,0,OK,0,OK,0,OK,0,OK,0,OK,0,OK,0,,0,,,,54.61,OK,,,,53.73,OK,,,,-292.24,OK,,,,-291.64,OK,,,,172.11,OK,,,,173.18,OK,,,,,,,,,,,,,,,,,
2410120183D,ATKINSON 3.8 OCV,DM3P1,2024-10-12 03:03:18,18.989,25.5,OK,26.86,26.86,OK,26.17,26.12,OK,25.66,25.36,OK,25.03,24.91,OK,27.21,27.16,OK,24.33,24.29,OK,26.03,25.96,OK,0,0,,0,0,,11.72,OK,11.42,OK,11.57,OK,11.57,OK,11.31,OK,12.14,OK,11.77,OK,0,,0,,12.8,OK,12.84,OK,12.85,OK,12.84,OK,12.82,OK,12.77,OK,12.77,OK,0,,0,,,,81.9,OK,,,,82.49,OK,,,,157.49,OK,,,,158.21,OK,,,,37.4,OK,,,,37.54,OK,,,,,,,,,,,,,,,,,
2410120164C,NEW KAPPAEX1.0,CM1P6,2024-10-12 03:03:55,18.687,28.22,OK,21.73,21.5,OK,23.27,22.43,OK,23.02,22.9,OK,21.41,20.85,OK,21.64,21.34,OK,21.71,21.27,OK,22.67,22.27,OK,0,0,,0,0,,5.57,OK,6.97,OK,6.52,OK,6.47,OK,6.54,OK,6.55,OK,6.76,OK,0,,0,,6.53,OK,6.46,OK,6.38,OK,6.59,OK,6.82,OK,6.55,OK,6.6,OK,0,,0,,,,52.55,OK,,,,55.16,OK,,,,-292.21,OK,,,,-293.59,OK,,,,174.3,OK,,,,173.69,OK,,,,,,,,,,,,,,,,,
2410120182D,ATKINSON 3.8 OCV,DM4P8,2024-10-12 03:04:10,18.994,24.08,OK,25.31,25.17,OK,24.38,24.38,OK,25.56,25.19,OK,26.4,26.31,OK,24.89,24.84,OK,26.17,26.07,OK,24.31,24.26,OK,0,0,,0,0,,11.62,OK,11.98,OK,11.91,OK,11.98,OK,11.95,OK,11.93,OK,11.89,OK,0,,0,,12.37,OK,12.42,OK,12.4,OK,12.31,OK,12.33,OK,12.51,OK,12.36,OK,0,,0,,,,81.52,OK,,,,81.62,OK,,,,158.11,OK,,,,158.32,OK,,,,37.36,OK,,,,37.8,OK,,,,,,,,,,,,,,,,,
2410120165C,NEW KAPPAEX1.0,CM2P1,2024-10-12 03:04:44,18.689,26.86,OK,24.83,24.57,OK,23.27,23.1,OK,24.78,24.43,OK,22.4,22.29,OK,23.83,23.76,OK,21.14,20.86,OK,23.38,22.89,OK,0,0,,0,0,,15.36,OK,15.36,OK,15.36,OK,15.36,OK,15.36,OK,15.36,OK,15.36,OK,0,,0,,15.36,OK,15.36,OK,15.36,OK,15.36,OK,15.36,OK,15.36,OK,15.36,OK,0,,0,,,,53.53,OK,,,,52.01,OK,,,,-292.83,OK,,,,-291.91,OK,,,,172.55,OK,,,,172.9,OK,,,,,,,,,,,,,,,,,
2410120184D,ATKINSON 3.8 OCV,DM5P4,2024-10-12 03:05:02,18.985,23.33,OK,22.79,22.6,OK,24.25,24.11,OK,23.37,22.9,OK,23.74,23.6,OK,22.93,22.84,OK,22.37,22.21,OK,22.79,22.58,OK,0,0,,0,0,,2.04,OK,2.6,OK,2.59,OK,2.63,OK,2.63,OK,2.62,OK,2.6,OK,0,,0,,0.76,OK,0.79,OK,0.82,OK,0.82,OK,0.76,OK,0.79,OK,0.8,OK,0,,0,,,,80.61,OK,,,,81.31,OK,,,,158.05,OK,,,,159,OK,,,,38.05,OK,,,,38.76,OK,,,,,,,,,,,,,,,,,
2410120166C,NEW KAPPAEX1.0,CM3P3,2024-10-12 03:05:33,18.684,27.01,OK,23.89,23.62,OK,24.01,23.56,OK,23.58,23.35,OK,24.35,23.99,OK,23.94,23.67,OK,23.19,22.33,OK,23.58,23.03,OK,0,0,,0,0,,0,OK,0,OK,0,OK,0,OK,0,OK,0,OK,0,OK,0,,0,,0,OK,0,OK,0,OK,0,OK,0,OK,0,OK,0,OK,0,,0,,,,53.82,OK,,,,53.17,OK,,,,-292.62,OK,,,,-293.22,OK,,,,172.14,OK,,,,173.75,OK,,,,,,,,,,,,,,,,,
2410120185D,ATKINSON 3.8 OCV,DM1P3,2024-10-12 03:05:54,18.993,23.02,OK,23.77,23.48,OK,27.04,26.97,OK,26.43,26,OK,25.19,25.08,OK,24.22,24.2,OK,25.78,25.73,OK,24.85,24.81,OK,0,0,,0,0,,11.35,OK,11.39,OK,11.37,OK,11.33,OK,11.62,OK,11.6,OK,11.44,OK,0,,0,,9.83,OK,9.95,OK,10.15,OK,10.07,OK,10.08,OK,9.92,OK,9.97,OK,0,,0,,,,82.7,OK,,,,82.24,OK,,,,157.9,OK,,,,158.16,OK,,,,37.35,OK,,,,37.54,OK,,,,,,,,,,,,,,,,,
2410120167C,NEW KAPPAEX1.0,CM4P4,2024-10-12 03:06:22,18.695,27.33,OK,25.05,24.37,OK,23.27,22.78,OK,24.41,23.93,OK,23.11,22.8,OK,24.92,24.89,OK,22.78,22.54,OK,23.2,22.74,OK,0,0,,0,0,,0,OK,0,OK,0,OK,0,OK,0,OK,0,OK,0,OK,0,,0,,0,OK,0,OK,0,OK,0,OK,0,OK,0,OK,0,OK,0,,0,,,,53.39,OK,,,,51.81,OK,,,,-293.76,OK,,,,-293.34,OK,,,,172.07,OK,,,,173.7,OK,,,,,,,,,,,,,,,,,
2410120186D,ATKINSON 3.8 OCV,DM2P7,2024-10-12 03:06:49,18.993,23.31,OK,24.99,24.92,OK,23.76,23.68,OK,24.68,24.43,OK,24.19,24.19,OK,24.8,24.77,OK,25.74,25.69,OK,23.78,23.71,OK,0,0,,0,0,,10.81,OK,11.08,OK,10.72,OK,10.75,OK,10.75,OK,11.02,OK,10.74,OK,0,,0,,10.35,OK,10.38,OK,10.69,OK,10.3,OK,10.35,OK,10.31,OK,10.35,OK,0,,0,,,,82.16,OK,,,,82.15,OK,,,,158.05,OK,,,,158.25,OK,,,,37.89,OK,,,,38.36,OK,,,,,,,,,,,,,,,,,
2410120168C,NEW KAPPAEX1.0,CM1P7,2024-10-12 03:07:10,18.69,27.96,OK,23.67,23.53,OK,22.48,21.92,OK,23.3,23.2,OK,21.62,21.06,OK,22.67,22.43,OK,22.2,21.55,OK,23.53,22.74,OK,0,0,,0,0,,5.68,OK,6.57,OK,6.44,OK,6.43,OK,7.28,OK,6.77,OK,6.76,OK,0,,0,,5.99,OK,6.45,OK,6.62,OK,6.99,OK,6.73,OK,6.7,OK,7.47,OK,0,,0,,,,54.49,OK,,,,55.57,OK,,,,-291.52,OK,,,,-294.9,OK,,,,172.1,OK,,,,172.97,OK,,,,,,,,,,,,,,,,,
2410120187D,ATKINSON 3.8 OCV,DM3P6,2024-10-12 03:07:44,18.994,22.96,OK,26.26,26.21,OK,25.29,25.22,OK,25.45,25.08,OK,25.03,24.91,OK,26.77,26.68,OK,26.45,26.38,OK,25.87,25.82,OK,0,0,,0,0,,11.39,OK,11.81,OK,11.64,OK,11.67,OK,11.64,OK,11.78,OK,11.76,OK,0,,0,,12.77,OK,12.77,OK,12.64,OK,12.49,OK,12.79,OK,12.64,OK,12.81,OK,0,,0,,,,83.11,OK,,,,83.18,OK,,,,157.27,OK,,,,157.07,OK,,,,37.02,OK,,,,37.47,OK,,,,,,,,,,,,,,,,,
2410120169C,NEW KAPPAEX1.0,CM2P2,2024-10-12 03:07:59,18.692,27.12,OK,23.99,23.8,OK,24.97,24.69,OK,25.11,24.78,OK,22.47,22.24,OK,22.71,22.61,OK,22.54,22.1,OK,22.78,22.64,OK,0,0,,0,0,,15.36,OK,15.36,OK,15.36,OK,15.36,OK,15.36,OK,15.36,OK,15.36,OK,0,,0,,15.36,OK,15.36,OK,15.36,OK,15.36,OK,15.36,OK,15.36,OK,15.36,OK,0,,0,,,,54.1,OK,,,,54.18,OK,,,,-292.56,OK,,,,-291.83,OK,,,,172.79,OK,,,,171.56,OK,,,,,,,,,,,,,,,,,
2410120188D,ATKINSON 3.8 OCV,DM4P5,2024-10-12 03:08:40,18.986,24.37,OK,27.81,27.7,OK,24.91,24.87,OK,26.47,26.28,OK,26.28,26.19,OK,26.75,26.65,OK,25.96,25.94,OK,25.36,25.24,OK,0,0,,0,0,,11.59,OK,11.87,OK,11.86,OK,11.83,OK,11.82,OK,11.71,OK,12.07,OK,0,,0,,12.39,OK,12.37,OK,12.44,OK,12.44,OK,12.46,OK,12.41,OK,12.4,OK,0,,0,,,,82.3,OK,,,,81.64,OK,,,,158.31,OK,,,,158.31,OK,,,,37.86,OK,,,,37.75,OK,,,,,,,,,,,,,,,,,
2410120170C,NEW KAPPAEX1.0,CM3P9,2024-10-12 03:08:48,18.689,27.07,OK,25.39,25.05,OK,23.53,23.26,OK,23.13,22.79,OK,24.23,23.71,OK,23.76,23.42,OK,22.81,22.04,OK,22.85,22.15,OK,0,0,,0,0,,0,OK,0,OK,0,OK,0,OK,0,OK,0,OK,0,OK,0,,0,,0,OK,0,OK,0,OK,0,OK,0,OK,0,OK,0,OK,0,,0,,,,52.62,OK,,,,52.11,OK,,,,-293.12,OK,,,,-292,OK,,,,171.51,OK,,,,171.86,OK,,,,,,,,,,,,,,,,,
2410120190D,ATKINSON 3.8 OCV,DM1P9,2024-10-12 03:09:32,18.995,23.3,OK,25.17,25.08,OK,26.92,26.86,OK,24.65,24.4,OK,26.16,26.11,OK,24.9,24.9,OK,24.83,24.7,OK,23.8,23.73,OK,0,0,,0,0,,11.4,OK,11.39,OK,11.4,OK,11.44,OK,11.43,OK,11.43,OK,11.43,OK,0,,0,,9.9,OK,10.07,OK,10.15,OK,9.93,OK,9.87,OK,10.02,OK,9.95,OK,0,,0,,,,81.79,OK,,,,82.36,OK,,,,157.78,OK,,,,158.06,OK,,,,37.98,OK,,,,37.65,OK,,,,,,,,,,,,,,,,,
2410120171C,NEW KAPPAEX1.0,CM4P8,2024-10-12 03:09:56,18.698,27.9,OK,28.13,27.12,OK,23.84,23.46,OK,24.54,24.01,OK,22.94,22.69,OK,25.55,25.47,OK,22.03,21.55,OK,23.6,23.07,OK,0,0,,0,0,,0,OK,0,OK,0,OK,0,OK,0,OK,0,OK,0,OK,0,,0,,0,OK,0,OK,0,OK,0,OK,0,OK,0,OK,0,OK,0,,0,,,,54.65,OK,,,,54.17,OK,,,,-292.87,OK,,,,-292.44,OK,,,,171.99,OK,,,,172.55,OK,,,,,,,,,,,,,,,,,
2410120191D,ATKINSON 3.8 OCV,DM2P8,2024-10-12 03:10:27,18.988,23.37,OK,26.76,26.69,OK,24.55,24.46,OK,24.09,24,OK,28.09,28.04,OK,25.72,25.64,OK,24.07,24.05,OK,24.85,24.77,OK,0,0,,0,0,,10.83,OK,10.74,OK,10.99,OK,10.73,OK,10.91,OK,10.74,OK,10.82,OK,0,,0,,10.39,OK,10.37,OK,10.32,OK,10.51,OK,10.33,OK,10.34,OK,10.35,OK,0,,0,,,,81.22,OK,,,,81.8,OK,,,,158.28,OK,,,,158.58,OK,,,,38.02,OK,,,,38.36,OK,,,,,,,,,,,,,,,,,
2410120172C,NEW KAPPAEX1.0,CM1P6,2024-10-12 03:10:45,18.687,27.17,OK,22.95,22.88,OK,23.18,22.46,OK,22.78,22.69,OK,22.25,21.73,OK,22.9,22.67,OK,21.97,21.41,OK,23.69,23.34,OK,0,0,,0,0,,5.72,OK,6.36,OK,6.85,OK,6.53,OK,6.64,OK,6.57,OK,7.06,OK,0,,0,,6.24,OK,6.93,OK,6.7,OK,6.56,OK,6.68,OK,7.11,OK,6.4,OK,0,,0,,,,53.36,OK,,,,54.95,OK,,,,-292.76,OK,,,,-292.71,OK,,,,174.2,OK,,,,173.76,OK,,,,,,,,,,,,,,,,,
2410120192D,ATKINSON 3.8 OCV,DM3P1,2024-10-12 03:11:22,18.986,24.36,OK,27.12,27.03,OK,25.96,25.94,OK,25.89,25.63,OK,24.89,24.84,OK,27.35,27.3,OK,24.82,24.71,OK,24.61,24.61,OK,0,0,,0,0,,11.65,OK,11.88,OK,11.64,OK,11.73,OK,11.73,OK,11.6,OK,11.9,OK,0,,0,,12.86,OK,12.79,OK,12.82,OK,12.81,OK,12.78,OK,12.78,OK,12.75,OK,0,,0,,,,82.25,OK,,,,82.57,OK,,,,157.58,OK,,,,158.1,OK,,,,37.1,OK,,,,37.41,OK,,,,,,,,,,,,,,,,,
2410120173C,NEW KAPPAEX1.0,CM2P1,2024-10-12 03:11:34,18.685,27.1,OK,23.71,23.48,OK,22.66,22.5,OK,23.69,23.38,OK,22.68,22.54,OK,23.2,22.99,OK,22.05,21.66,OK,23.62,23.08,OK,0,0,,0,0,,15.36,OK,15.36,OK,15.36,OK,15.36,OK,15.36,OK,15.36,OK,15.36,OK,0,,0,,15.36,OK,15.36,OK,15.36,OK,15.36,OK,15.36,OK,15.36,OK,15.36,OK,0,,0,,,,53.71,OK,,,,53.35,OK,,,,-292.85,OK,,,,-291.88,OK,,,,173.25,OK,,,,172.44,OK,,,,,,,,,,,,,,,,,
2410120189D,ATKINSON 3.8 OCV,DM5P2,2024-10-12 03:12:14,18.985,23.12,OK,23.23,23.16,OK,24.13,24.04,OK,22.9,22.6,OK,24.64,24.53,OK,23.11,23.04,OK,23.48,23.39,OK,23.6,23.51,OK,0,0,,0,0,,2.03,OK,2.62,OK,2.6,OK,2.61,OK,2.65,OK,2.62,OK,2.62,OK,0,,0,,0.81,OK,0.81,OK,0.84,OK,0.83,OK,0.82,OK,0.82,OK,0.83,OK,0,,0,,,,81.97,OK,,,,81.93,OK,,,,157.76,OK,,,,158.91,OK,,,,38.15,OK,,,,38.09,OK,,,,,,,,,,,,,,,,,
2410120174C,NEW KAPPAEX1.0,CM3P3,2024-10-12 03:12:39,18.694,27.08,OK,25.03,24.51,OK,23.96,23.65,OK,24.73,24.37,OK,24.35,23.51,OK,23.26,22.85,OK,22.31,21.43,OK,22.94,22.06,OK,0,0,,0,0,,0,OK,0,OK,0,OK,0,OK,0,OK,0,OK,0,OK,0,,0,,0,OK,0,OK,0,OK,0,OK,0,OK,0,OK,0,OK,0,,0,,,,53.46,OK,,,,54.06,OK,,,,-292.3,OK,,,,-291.82,OK,,,,173.13,OK,,,,172.6,OK,,,,,,,,,,,,,,,,,
2410120193D,ATKINSON 3.8 OCV,DM4P4,2024-10-12 03:13:09,18.991,23.28,OK,25.91,25.77,OK,24.84,24.82,OK,27.1,26.84,OK,26.89,26.82,OK,25.8,25.75,OK,26.19,26.12,OK,25.4,25.33,OK,0,0,,0,0,,11.64,OK,11.86,OK,11.85,OK,11.98,OK,11.92,OK,11.96,OK,12.02,OK,0,,0,,12.48,OK,12.33,OK,12.27,OK,12.34,OK,12.42,OK,12.34,OK,12.36,OK,0,,0,,,,81.92,OK,,,,82.13,OK,,,,157.9,OK,,,,158.37,OK,,,,37.65,OK,,,,37.86,OK,,,,,,,,,,,,,,,,,
2410120175C,NEW KAPPAEX1.0,CM4P4,2024-10-12 03:13:34,18.686,26.88,OK,25.95,25.49,OK,23.86,23.57,OK,23.99,23.53,OK,22.58,22.36,OK,25.03,25.03,OK,22.98,22.63,OK,23.55,23,OK,0,0,,0,0,,0,OK,0,OK,0,OK,0,OK,0,OK,0,OK,0,OK,0,,0,,0,OK,0,OK,0,OK,0,OK,0,OK,0,OK,0,OK,0,,0,,,,54.29,OK,,,,53.43,OK,,,,-293.4,OK,,,,-293.62,OK,,,,172.55,OK,,,,173.76,OK,,,,,,,,,,,,,,,,,
2410120194D,ATKINSON 3.8 OCV,DM1P7,2024-10-12 03:14:01,18.995,24.36,OK,25.69,25.51,OK,27.15,27.08,OK,24.74,24.43,OK,26.59,26.47,OK,26.36,26.29,OK,25.82,25.55,OK,25.44,25.39,OK,0,0,,0,0,,11.49,OK,11.4,OK,11.39,OK,11.42,OK,11.45,OK,11.45,OK,11.45,OK,0,,0,,9.92,OK,10.05,OK,10.01,OK,10.14,OK,10.03,OK,10.14,OK,10.2,OK,0,,0,,,,82.39,OK,,,,83,OK,,,,157.53,OK,,,,157.48,OK,,,,37.26,OK,,,,37.98,OK,,,,,,,,,,,,,,,,,
2410120176C,NEW KAPPAEX1.0,CM1P7,2024-10-12 03:14:19,18.683,26.71,OK,24.16,24.07,OK,21.99,21.13,OK,23.46,23.32,OK,21.99,21.38,OK,21.57,21.38,OK,23.23,22.64,OK,22.32,21.78,OK,0,0,,0,0,,5.69,OK,6.64,OK,6.54,OK,6.51,OK,6.6,OK,7.12,OK,6.74,OK,0,,0,,6.11,OK,6.41,OK,6.57,OK,6.8,OK,6.52,OK,6.75,OK,6.52,OK,0,,0,,,,54.71,OK,,,,54.83,OK,,,,-292.56,OK,,,,-294.08,OK,,,,172.98,OK,,,,173,OK,,,,,,,,,,,,,,,,,
2410120195D,ATKINSON 3.8 OCV,DM2P6,2024-10-12 03:14:57,18.993,23.13,OK,26.13,26.1,OK,24.8,24.68,OK,23.68,23.49,OK,25.52,25.45,OK,26.95,26.9,OK,26.1,25.96,OK,23.49,23.42,OK,0,0,,0,0,,10.74,OK,10.8,OK,10.72,OK,11.42,OK,10.74,OK,10.78,OK,10.81,OK,0,,0,,10.39,OK,10.4,OK,10.35,OK,10.38,OK,10.39,OK,10.36,OK,10.4,OK,0,,0,,,,82.86,OK,,,,82.98,OK,,,,157.66,OK,,,,157.24,OK,,,,37.59,OK,,,,38.02,OK,,,,,,,,,,,,,,,,,
2410120177C,NEW KAPPAEX1.0,CM2P2,2024-10-12 03:15:08,18.684,26.53,OK,25.3,25.13,OK,23.78,23.57,OK,24.69,24.34,OK,23.01,22.87,OK,24.34,24.18,OK,21.52,21.28,OK,25.06,24.9,OK,0,0,,0,0,,15.36,OK,15.36,OK,15.36,OK,15.36,OK,15.36,OK,15.36,OK,15.36,OK,0,,0,,15.36,OK,15.36,OK,15.36,OK,15.36,OK,15.36,OK,15.36,OK,15.36,OK,0,,0,,,,54.29,OK,,,,53.93,OK,,,,-292.57,OK,,,,-292.28,OK,,,,173.16,OK,,,,172.75,OK,,,,,,,,,,,,,,,,,
2410120196D,ATKINSON 3.8 OCV,DM3P5,2024-10-12 03:15:49,18.986,24.28,OK,28.51,28.39,OK,25.42,25.42,OK,26.24,26,OK,23.75,23.66,OK,26.79,26.75,OK,27.81,27.77,OK,26.35,26.26,OK,0,0,,0,0,,11.61,OK,11.81,OK,11.7,OK,11.65,OK,11.63,OK,11.72,OK,11.74,OK,0,,0,,12.81,OK,12.78,OK,12.81,OK,12.78,OK,12.75,OK,12.78,OK,12.8,OK,0,,0,,,,82.09,OK,,,,81.87,OK,,,,157.71,OK,,,,158.18,OK,,,,37.48,OK,,,,37.35,OK,,,,,,,,,,,,,,,,,
2410120178C,NEW KAPPAEX1.0,CM3P9,2024-10-12 03:15:54,18.694,27.3,OK,23.67,23.46,OK,23.44,22.99,OK,24.12,23.76,OK,24.03,23.58,OK,22.79,22.65,OK,23.08,22.56,OK,22.67,21.74,OK,0,0,,0,0,,0,OK,0,OK,0,OK,0,OK,0,OK,0,OK,0,OK,0,,0,,0,OK,0,OK,0,OK,0,OK,0,OK,0,OK,0,OK,0,,0,,,,52.92,OK,,,,52.56,OK,,,,-292.89,OK,,,,-292.15,OK,,,,173.33,OK,,,,173.33,OK,,,,,,,,,,,,,,,,,
2410120198D,ATKINSON 3.8 OCV,DM4P2,2024-10-12 03:16:44,18.995,24.97,OK,27.77,27.63,OK,24.26,24.22,OK,25.7,25.45,OK,26.38,26.35,OK,25.87,25.75,OK,26.4,26.38,OK,26.19,26.12,OK,0,0,,0,0,,11.63,OK,11.7,OK,11.72,OK,12.01,OK,12.12,OK,12.09,OK,12,OK,0,,0,,12.51,OK,12.52,OK,12.36,OK,12.42,OK,12.39,OK,12.37,OK,12.36,OK,0,,0,,,,81.91,OK,,,,82.3,OK,,,,158.07,OK,,,,157.98,OK,,,,37.79,OK,,,,37.45,OK,,,,,,,,,,,,,,,,,
2410120179C,NEW KAPPAEX1.0,CM4P8,2024-10-12 03:17:05,18.685,27.45,OK,24.39,23.73,OK,23.09,22.87,OK,24.48,24.04,OK,23.51,23.35,OK,25.88,25.86,OK,23.84,23.16,OK,22.85,22.36,OK,0,0,,0,0,,0,OK,0,OK,0,OK,0,OK,0,OK,0,OK,0,OK,0,,0,,0,OK,0,OK,0,OK,0,OK,0,OK,0,OK,0,OK,0,,0,,,,54.35,OK,,,,54.75,OK,,,,-292.45,OK,,,,-292.29,OK,,,,172.44,OK,,,,173.17,OK,,,,,,,,,,,,,,,,,
2410120199D,ATKINSON 3.8 OCV,DM1P9,2024-10-12 03:17:39,18.994,23.42,OK,26.32,26.16,OK,25.71,25.62,OK,25.3,25.01,OK,27.19,27.06,OK,24.63,24.54,OK,24.99,24.9,OK,24.63,24.61,OK,0,0,,0,0,,11.36,OK,11.41,OK,11.48,OK,11.38,OK,11.44,OK,11.63,OK,11.45,OK,0,,0,,9.95,OK,10.08,OK,10.09,OK,9.94,OK,10.05,OK,9.88,OK,10.06,OK,0,,0,,,,82,OK,,,,82.28,OK,,,,157.55,OK,,,,158.21,OK,,,,38.14,OK,,,,37.54,OK,,,,,,,,,,,,,,,,,
2410120180C,NEW KAPPAEX1.0,CM1P6,2024-10-12 03:17:54,18.684,26.31,OK,23.06,22.76,OK,23.41,22.88,OK,24,23.81,OK,22.57,21.99,OK,22.13,21.92,OK,22.46,21.85,OK,22.55,22.08,OK,0,0,,0,0,,5.73,OK,6.37,OK,6.84,OK,6.6,OK,6.66,OK,6.64,OK,7.15,OK,0,,0,,6.09,OK,6.73,OK,6.51,OK,6.8,OK,6.58,OK,7.2,OK,6.22,OK,0,,0,,,,52.35,OK,,,,54.85,OK,,,,-292.79,OK,,,,-293.5,OK,,,,174.23,OK,,,,173.49,OK,,,,,,,,,,,,,,,,,
2410120200D,ATKINSON 3.8 OCV,DM2P8,2024-10-12 03:18:34,18.984,24.47,OK,28.67,28.58,OK,25.21,25.09,OK,23.71,23.54,OK,25.28,25.21,OK,26.06,26.01,OK,24.19,24.12,OK,23.59,23.54,OK,0,0,,0,0,,10.81,OK,10.73,OK,10.96,OK,10.75,OK,11.02,OK,10.78,OK,10.8,OK,0,,0,,10.4,OK,10.31,OK,10.59,OK,10.36,OK,10.37,OK,10.43,OK,10.38,OK,0,,0,,,,81.35,OK,,,,81.66,OK,,,,158.47,OK,,,,158.43,OK,,,,37.96,OK,,,,38.34,OK,,,,,,,,,,,,,,,,,
2410120181C,NEW KAPPAEX1.0,CM2P1,2024-10-12 03:18:43,18.691,26.68,OK,26,25.76,OK,24.13,23.85,OK,23.97,23.69,OK,23.15,23.01,OK,23.57,23.57,OK,23.17,22.78,OK,24.36,23.97,OK,0,0,,0,0,,15.36,OK,15.36,OK,15.36,OK,15.36,OK,15.36,OK,15.36,OK,15.36,OK,0,,0,,15.36,OK,15.36,OK,15.36,OK,15.36,OK,15.36,OK,15.36,OK,15.36,OK,0,,0,,,,52.91,OK,,,,52.72,OK,,,,-292.57,OK,,,,-292.27,OK,,,,173.33,OK,,,,172.31,OK,,,,,,,,,,,,,,,,,
2410120201D,ATKINSON 3.8 OCV,DM3P1,2024-10-12 03:19:27,18.984,23.26,OK,28.42,28.3,OK,25.59,25.49,OK,26.31,26.05,OK,24.33,24.33,OK,27.72,27.7,OK,27.1,27.05,OK,26.54,26.45,OK,0,0,,0,0,,11.07,OK,11.42,OK,11.67,OK,11.63,OK,11.61,OK,11.62,OK,11.6,OK,0,,0,,12.78,OK,12.79,OK,12.78,OK,12.83,OK,12.78,OK,12.75,OK,12.6,OK,0,,0,,,,81.95,OK,,,,82.42,OK,,,,157.16,OK,,,,158.07,OK,,,,37.3,OK,,,,37.66,OK,,,,,,,,,,,,,,,,,
2410120182C,NEW KAPPAEX1.0,CM3P3,2024-10-12 03:19:28,18.693,26.87,OK,24.85,24.53,OK,23.24,23.08,OK,24.35,24.03,OK,23.22,22.81,OK,23.28,23.15,OK,24.14,23.65,OK,23.46,22.94,OK,0,0,,0,0,,0,OK,0,OK,0,OK,0,OK,0,OK,0,OK,0,OK,0,,0,,0,OK,0,OK,0,OK,0,OK,0,OK,0,OK,0,OK,0,,0,,,,53.53,OK,,,,53.75,OK,,,,-292.74,OK,,,,-291.7,OK,,,,172.15,OK,,,,172.76,OK,,,,,,,,,,,,,,,,,
2410120197D,ATKINSON 3.8 OCV,DM5P3,2024-10-12 03:20:22,18.996,23.08,OK,22.42,22.16,OK,24.39,24.3,OK,25.06,24.67,OK,23.37,23.32,OK,24.41,24.27,OK,24,23.83,OK,24.78,24.62,OK,0,0,,0,0,,2.1,OK,2.61,OK,2.58,OK,2.58,OK,2.6,OK,2.69,OK,2.62,OK,0,,0,,0.8,OK,0.8,OK,0.83,OK,0.79,OK,0.77,OK,0.81,OK,0.8,OK,0,,0,,,,81.22,OK,,,,81.01,OK,,,,158.87,OK,,,,159.25,OK,,,,38.42,OK,,,,38.51,OK,,,,,,,,,,,,,,,,,
2410120183C,NEW KAPPAEX1.0,CM4P4,2024-10-12 03:20:39,18.698,27.32,OK,27.23,26.5,OK,23.99,23.64,OK,26.26,25.62,OK,23.93,23.57,OK,24.39,24.37,OK,23.05,22.76,OK,24.04,23.44,OK,0,0,,0,0,,0,OK,0,OK,0,OK,0,OK,0,OK,0,OK,0,OK,0,,0,,0,OK,0,OK,0,OK,0,OK,0,OK,0,OK,0,OK,0,,0,,,,53.53,OK,,,,53.39,OK,,,,-293.8,OK,,,,-292.88,OK,,,,172.78,OK,,,,173.58,OK,,,,,,,,,,,,,,,,,
2410120202D,ATKINSON 3.8 OCV,DM4P7,2024-10-12 03:21:14,18.996,23.51,OK,26.21,26.17,OK,24.54,24.5,OK,25.66,25.52,OK,27.16,27.1,OK,26.79,26.7,OK,27.7,27.68,OK,26.7,26.63,OK,0,0,,0,0,,11.69,OK,11.94,OK,11.93,OK,11.95,OK,11.61,OK,12.05,OK,11.99,OK,0,,0,,12.32,OK,12.35,OK,12.51,OK,12.49,OK,12.48,OK,12.36,OK,12.4,OK,0,,0,,,,82.31,OK,,,,82.85,OK,,,,158.09,OK,,,,158,OK,,,,37.58,OK,,,,37.76,OK,,,,,,,,,,,,,,,,,
2410120184C,NEW KAPPAEX1.0,CM1P7,2024-10-12 03:21:25,18.688,27.02,OK,23.62,23.51,OK,21.62,21.03,OK,22.34,22.2,OK,22.69,22.08,OK,20.99,20.78,OK,21.73,21.17,OK,22.83,22.5,OK,0,0,,0,0,,5.71,OK,6.62,OK,6.52,OK,6.47,OK,6.6,OK,6.94,OK,6.65,OK,0,,0,,6.11,OK,6.29,OK,6.56,OK,7.38,OK,6.51,OK,6.42,OK,6.48,OK,0,,0,,,,54.65,OK,,,,55.62,OK,,,,-292.38,OK,,,,-292.52,OK,,,,173.78,OK,,,,172.83,OK,,,,,,,,,,,,,,,,,
2410120203D,ATKINSON 3.8 OCV,DM1P6,2024-10-12 03:22:06,18.995,23.65,OK,25.19,25.01,OK,26.36,26.34,OK,26.74,26.63,OK,25.84,25.75,OK,24.72,24.67,OK,24.72,24.67,OK,24.22,24.16,OK,0,0,,0,0,,11.34,OK,11.41,OK,11.41,OK,11.64,OK,11.41,OK,11.61,OK,11.42,OK,0,,0,,9.92,OK,10.04,OK,10.11,OK,9.91,OK,10.13,OK,9.94,OK,10.09,OK,0,,0,,,,82.9,OK,,,,83,OK,,,,157.37,OK,,,,157.38,OK,,,,37.43,OK,,,,37.9,OK,,,,,,,,,,,,,,,,,
2410120185C,NEW KAPPAEX1.0,CM2P2,2024-10-12 03:22:10,18.668,26.71,OK,26.67,26.46,OK,23.36,23.13,OK,24.27,23.87,OK,23.97,23.71,OK,22.99,22.94,OK,22.31,21.98,OK,23.52,23.22,OK,0,0,,0,0,,15.36,OK,15.36,OK,15.36,OK,15.36,OK,15.36,OK,15.36,OK,15.36,OK,0,,0,,15.36,OK,15.36,OK,15.36,OK,15.36,OK,15.36,OK,15.36,OK,15.36,OK,0,,0,,,,54.5,OK,,,,54.53,OK,,,,-292.88,OK,,,,-292.03,OK,,,,173.18,OK,,,,171.56,OK,,,,,,,,,,,,,,,,,
2410120204D,ATKINSON 3.8 OCV,DM2P5,2024-10-12 03:23:01,18.996,24.73,OK,27.12,27.07,OK,23.95,23.85,OK,24.14,23.97,OK,26.1,26.06,OK,26.44,26.44,OK,25.31,25.21,OK,25.14,25.06,OK,0,0,,0,0,,10.79,OK,10.72,OK,10.95,OK,10.74,OK,11,OK,10.76,OK,10.81,OK,0,,0,,10.43,OK,10.35,OK,10.44,OK,10.34,OK,10.36,OK,10.38,OK,10.35,OK,0,,0,,,,81.65,OK,,,,81.43,OK,,,,158.35,OK,,,,158.74,OK,,,,38.32,OK,,,,38.33,OK,,,,,,,,,,,,,,,,,
2410120186C,,C,2024-10-12 03:23:02,18.695,26.85,OK,,,,,,,,,,,,,,,,,,,,,,,,,,,,,,,,,,,,,,,,,,,,,,,,,,,,,,,,,,,,,,,,,,52.64,OK,,,,52.32,OK,,,,-293.35,OK,,,,-291.8,OK,,,,173.14,OK,,,,172.53,OK,,,,,,,,,,,,,,,,,
2410120205D,ATKINSON 3.8 OCV,DM3P3,2024-10-12 03:23:53,18.992,23.58,OK,28.28,28.14,OK,24.82,24.78,OK,26.26,25.98,OK,24.06,24.01,OK,25.84,25.77,OK,26.45,26.4,OK,27.23,27.23,OK,0,0,,0,0,,11.46,OK,11.45,OK,11.75,OK,11.64,OK,11.82,OK,11.68,OK,11.7,OK,0,,0,,12.61,OK,12.79,OK,12.77,OK,12.76,OK,12.89,OK,12.92,OK,12.8,OK,0,,0,,,,82.6,OK,,,,82.14,OK,,,,158.05,OK,,,,158.5,OK,,,,37.71,OK,,,,37.79,OK,,,,,,,,,,,,,,,,,
2410120187C,NEW KAPPAEX1.0,CM4P8,2024-10-12 03:24:14,18.69,26.6,OK,26.74,26.15,OK,23,22.83,OK,24.32,23.88,OK,23.57,23.29,OK,24.32,24.23,OK,23.05,22.47,OK,21.84,21.37,OK,0,0,,0,0,,0,OK,0,OK,0,OK,0,OK,0,OK,0,OK,0,OK,0,,0,,0,OK,0,OK,0,OK,0,OK,0,OK,0,OK,0,OK,0,,0,,,,54.16,OK,,,,53.83,OK,,,,-294.27,OK,,,,-292.53,OK,,,,171.74,OK,,,,172.39,OK,,,,,,,,,,,,,,,,,
2410120207D,ATKINSON 3.8 OCV,DM4P2,2024-10-12 03:24:51,18.992,22.93,OK,25.4,25.33,OK,24.89,24.89,OK,26.24,25.89,OK,25.68,25.66,OK,25.15,25.05,OK,26.7,26.68,OK,25.49,25.45,OK,0,0,,0,0,,11.74,OK,11.75,OK,11.74,OK,12.13,OK,12.15,OK,12.1,OK,12.12,OK,0,,0,,12.66,OK,12.69,OK,12.36,OK,12.42,OK,12.39,OK,12.4,OK,12.36,OK,0,,0,,,,81.63,OK,,,,81.86,OK,,,,158.09,OK,,,,158.1,OK,,,,37.79,OK,,,,37.5,OK,,,,,,,,,,,,,,,,,
2410120188C,NEW KAPPAEX1.0,CM1P6,2024-10-12 03:24:59,18.684,26.68,OK,24.18,23.93,OK,22.2,21.78,OK,23.13,22.99,OK,22.39,22.01,OK,22.39,22.22,OK,22.55,22.08,OK,21.85,21.5,OK,0,0,,0,0,,5.93,OK,6.45,OK,6.43,OK,7.13,OK,6.92,OK,6.79,OK,6.74,OK,0,,0,,6.07,OK,6.6,OK,7.34,OK,6.39,OK,6.8,OK,7.07,OK,6.5,OK,0,,0,,,,52.73,OK,,,,54.97,OK,,,,-293.74,OK,,,,-293.72,OK,,,,174.31,OK,,,,173.6,OK,,,,,,,,,,,,,,,,,
2410120208D,ATKINSON 3.8 OCV,DM1P9,2024-10-12 03:25:47,18.998,24.46,OK,25.35,25.33,OK,26.52,26.43,OK,26.43,26.2,OK,26.7,26.65,OK,25.6,25.6,OK,24.85,24.76,OK,26.29,26.23,OK,0,0,,0,0,,11.37,OK,11.39,OK,11.45,OK,11.37,OK,11.41,OK,11.42,OK,11.45,OK,0,,0,,9.98,OK,10.1,OK,10.15,OK,9.95,OK,10.28,OK,10.01,OK,9.94,OK,0,,0,,,,82.67,OK,,,,82.84,OK,,,,157.47,OK,,,,157.99,OK,,,,37.44,OK,,,,37.02,OK,,,,,,,,,,,,,,,,,
2410120209D,ATKINSON 3.8 OCV,DM2P8,2024-10-12 03:26:39,18.988,22.76,OK,24.94,24.87,OK,23.92,23.88,OK,24.09,23.88,OK,25.26,25.21,OK,24.02,23.97,OK,23.51,23.42,OK,22.42,22.42,OK,0,0,,0,0,,10.79,OK,10.71,OK,11.02,OK,10.72,OK,11.12,OK,10.73,OK,10.8,OK,0,,0,,10.36,OK,10.35,OK,10.35,OK,10.48,OK,10.36,OK,10.38,OK,10.37,OK,0,,0,,,,82.49,OK,,,,82.77,OK,,,,157.56,OK,,,,157.73,OK,,,,37.07,OK,,,,37.53,OK,,,,,,,,,,,,,,,,,
2410120210D,ATKINSON 3.8 OCV,DM3P1,2024-10-12 03:27:34,18.995,23.51,OK,27.4,27.3,OK,26.65,26.56,OK,25.01,24.8,OK,24.75,24.73,OK,27.4,27.28,OK,26.93,26.93,OK,25.31,25.22,OK,0,0,,0,0,,11.27,OK,11.62,OK,11.63,OK,11.38,OK,11.42,OK,11.68,OK,11.71,OK,0,,0,,12.76,OK,12.82,OK,12.56,OK,12.78,OK,12.72,OK,12.63,OK,12.57,OK,0,,0,,,,82.64,OK,,,,82.85,OK,,,,156.57,OK,,,,157.15,OK,,,,36.91,OK,,,,37.11,OK,,,,,,,,,,,,,,,,,
2410120206D,ATKINSON 3.8 OCV,DM5P4,2024-10-12 03:28:29,18.992,22.93,OK,23.97,23.9,OK,23.76,23.67,OK,24.81,24.53,OK,23.83,23.69,OK,23.79,23.62,OK,24.95,24.85,OK,23.65,23.58,OK,0,0,,0,0,,2.06,OK,2.58,OK,2.59,OK,2.59,OK,2.61,OK,2.71,OK,2.63,OK,0,,0,,0.79,OK,0.79,OK,0.81,OK,0.8,OK,0.79,OK,0.84,OK,0.82,OK,0,,0,,,,81.4,OK,,,,82.09,OK,,,,157.31,OK,,,,158.39,OK,,,,37.44,OK,,,,37.78,OK,,,,,,,,,,,,,,,,,
2410120212D,ATKINSON 3.8 OCV,DM1P5,2024-10-12 03:29:24,18.998,23.18,OK,26.09,25.87,OK,27.42,27.31,OK,26.02,25.73,OK,28.34,28.23,OK,24.9,24.83,OK,27.44,27.4,OK,24.56,24.49,OK,0,0,,0,0,,11.38,OK,11.44,OK,11.41,OK,11.77,OK,11.43,OK,11.39,OK,11.49,OK,0,,0,,9.89,OK,10.05,OK,10.15,OK,10.18,OK,10.11,OK,10.02,OK,9.89,OK,0,,0,,,,82.75,OK,,,,82.19,OK,,,,157.31,OK,,,,157.78,OK,,,,37.44,OK,,,,37.39,OK,,,,,,,,,,,,,,,,,
2410120213D,ATKINSON 3.8 OCV,DM2P3,2024-10-12 03:30:16,18.987,23.05,OK,26.35,26.32,OK,25.5,25.4,OK,24.97,24.72,OK,28.87,28.82,OK,26.54,26.47,OK,25.23,25.18,OK,24.7,24.63,OK,0,0,,0,0,,10.82,OK,10.73,OK,10.71,OK,10.78,OK,10.75,OK,10.79,OK,10.8,OK,0,,0,,10.66,OK,10.37,OK,10.37,OK,10.37,OK,10.38,OK,10.36,OK,10.38,OK,0,,0,,,,83.42,OK,,,,82.86,OK,,,,157.33,OK,,,,157.56,OK,,,,36.89,OK,,,,37.13,OK,,,,,,,,,,,,,,,,,
2410120189C,NEW KAPPAEX1.0,CM2P1,2024-10-12 03:31:00,18.688,27.08,OK,24.18,24.01,OK,23.52,23.41,OK,24.81,24.48,OK,22.38,22.24,OK,23.76,23.66,OK,22.5,22.17,OK,23.83,23.55,OK,0,0,,0,0,,15.36,OK,15.36,OK,15.36,OK,15.36,OK,15.36,OK,15.36,OK,15.36,OK,0,,0,,15.36,OK,15.36,OK,15.36,OK,15.36,OK,15.36,OK,15.36,OK,15.36,OK,0,,0,,,,53.07,OK,,,,53.15,OK,,,,-292.6,OK,,,,-292.04,OK,,,,172.25,OK,,,,171.94,OK,,,,,,,,,,,,,,,,,
2410120214D,ATKINSON 3.8 OCV,DM3P4,2024-10-12 03:31:12,18.986,24.87,OK,25.94,25.89,OK,25.75,25.68,OK,25.63,25.31,OK,24.2,24.15,OK,27,26.96,OK,25.63,25.63,OK,25.96,25.91,OK,0,0,,0,0,,11.25,OK,11.75,OK,11.67,OK,11.64,OK,11.71,OK,11.66,OK,11.76,OK,0,,0,,12.55,OK,12.78,OK,12.8,OK,12.79,OK,12.78,OK,12.77,OK,12.78,OK,0,,0,,,,81.7,OK,,,,82.31,OK,,,,157.04,OK,,,,157.62,OK,,,,36.81,OK,,,,36.91,OK,,,,,,,,,,,,,,,,,
2410120211D,ATKINSON 3.8 OCV,DM4P6,2024-10-12 03:32:07,18.995,23.51,OK,24.17,24.13,OK,24.26,24.26,OK,25.54,25.1,OK,26.21,26.1,OK,25.82,25.77,OK,25.8,25.68,OK,26.77,26.7,OK,0,0,,0,0,,11.38,OK,11.98,OK,11.97,OK,11.96,OK,11.93,OK,12.1,OK,11.92,OK,0,,0,,12.28,OK,12.53,OK,12.42,OK,12.37,OK,12.45,OK,12.43,OK,12.53,OK,0,,0,,,,83.43,OK,,,,83.44,OK,,,,157.02,OK,,,,156.48,OK,,,,37.07,OK,,,,37.16,OK,,,,,,,,,,,,,,,,,
2410120215D,ATKINSON 3.8 OCV,DM5P7,2024-10-12 03:33:02,18.99,23.8,OK,23.18,23.16,OK,23.83,23.69,OK,23.44,23.04,OK,23.69,23.53,OK,23.18,23.04,OK,23.09,23,OK,23.58,23.39,OK,0,0,,0,0,,2.06,OK,2.65,OK,2.57,OK,2.64,OK,2.65,OK,2.6,OK,2.6,OK,0,,0,,0.75,OK,0.77,OK,0.8,OK,0.82,OK,0.8,OK,0.83,OK,0.81,OK,0,,0,,,,81.82,OK,,,,82.32,OK,,,,157.87,OK,,,,158.14,OK,,,,37.78,OK,,,,37.94,OK,,,,,,,,,,,,,,,,,
2410120216D,ATKINSON 3.8 OCV,DM1P9,2024-10-12 03:33:54,18.993,22.8,OK,23.73,23.55,OK,25.87,25.82,OK,24.85,24.67,OK,25.87,25.73,OK,25.42,25.21,OK,23.98,23.8,OK,24.88,24.83,OK,0,0,,0,0,,11.45,OK,11.41,OK,11.37,OK,11.36,OK,11.47,OK,11.47,OK,11.47,OK,0,,0,,9.88,OK,9.79,OK,10,OK,10.09,OK,10.13,OK,10.09,OK,10.18,OK,0,,0,,,,82.36,OK,,,,82.77,OK,,,,157.31,OK,,,,157.53,OK,,,,37.39,OK,,,,37.06,OK,,,,,,,,,,,,,,,,,
2410120217D,ATKINSON 3.8 OCV,DM2P8,2024-10-12 03:34:49,18.989,23.82,OK,27.39,27.34,OK,24.38,24.31,OK,24.05,24,OK,26.69,26.64,OK,25.86,25.79,OK,24.97,24.92,OK,24.12,24.05,OK,0,0,,0,0,,10.71,OK,11.08,OK,11.05,OK,10.73,OK,11.06,OK,11.07,OK,10.81,OK,0,,0,,10.42,OK,10.45,OK,10.44,OK,10.5,OK,10.45,OK,10.46,OK,10.43,OK,0,,0,,,,82.24,OK,,,,82.01,OK,,,,157.5,OK,,,,157.67,OK,,,,36.85,OK,,,,37.17,OK,,,,,,,,,,,,,,,,,
2410120190C,NEW KAPPAEX1.0,CM3P3,2024-10-12 03:34:51,18.685,26.01,OK,23.67,23.19,OK,22.9,22.56,OK,23.85,23.51,OK,23.08,22.83,OK,21.97,21.68,OK,22.56,22.08,OK,22.67,22.04,OK,0,0,,0,0,,0,OK,0,OK,0,OK,0,OK,0,OK,0,OK,0,OK,0,,0,,0,OK,0,OK,0,OK,0,OK,0,OK,0,OK,0,OK,0,,0,,,,53.81,OK,,,,54.65,OK,,,,-291.85,OK,,,,-292.17,OK,,,,173.42,OK,,,,173.04,OK,,,,,,,,,,,,,,,,,
2410120191C,NEW KAPPAEX1.0,CM4P4,2024-10-12 03:35:36,18.683,26.58,OK,27.31,26.68,OK,22.89,22.65,OK,25.44,24.76,OK,22.34,22.03,OK,23.82,23.79,OK,24.3,23.38,OK,22.63,22.17,OK,0,0,,0,0,,0,OK,0,OK,0,OK,0,OK,0,OK,0,OK,0,OK,0,,0,,0,OK,0,OK,0,OK,0,OK,0,OK,0,OK,0,OK,0,,0,,,,54.35,OK,,,,53.22,OK,,,,-293.19,OK,,,,-292.3,OK,,,,172.02,OK,,,,173.4,OK,,,,,,,,,,,,,,,,,
2410120218D,ATKINSON 3.8 OCV,DM3P1,2024-10-12 03:35:45,18.984,23.91,OK,27.3,27.26,OK,25.89,25.87,OK,26.49,26.19,OK,24.8,24.78,OK,25.56,25.52,OK,26.82,26.79,OK,26.07,26,OK,0,0,,0,0,,11.38,OK,11.64,OK,11.77,OK,11.76,OK,11.67,OK,11.87,OK,11.81,OK,0,,0,,12.76,OK,12.79,OK,12.91,OK,12.92,OK,12.74,OK,12.77,OK,12.79,OK,0,,0,,,,82.88,OK,,,,82.94,OK,,,,156.95,OK,,,,157.66,OK,,,,36.61,OK,,,,36.76,OK,,,,,,,,,,,,,,,,,
2410120192C,NEW KAPPAEX1.0,CM1P7,2024-10-12 03:36:28,18.696,27.53,OK,23.02,22.92,OK,22.39,21.9,OK,23.27,23.09,OK,22.48,21.97,OK,22.04,21.76,OK,23.02,22.5,OK,23.81,23.34,OK,0,0,,0,0,,5.83,OK,6.45,OK,6.77,OK,6.6,OK,6.61,OK,6.65,OK,6.77,OK,0,,0,,6.45,OK,6.66,OK,6.48,OK,6.55,OK,6.73,OK,6.57,OK,6.88,OK,0,,0,,,,54.67,OK,,,,55.27,OK,,,,-292.55,OK,,,,-294.03,OK,,,,173.01,OK,,,,172.76,OK,,,,,,,,,,,,,,,,,
2410120219D,ATKINSON 3.8 OCV,DM4P2,2024-10-12 03:36:40,18.999,24.17,OK,24.87,24.82,OK,23.64,23.59,OK,25.8,25.47,OK,25.15,25.12,OK,25.68,25.59,OK,25.94,25.87,OK,24.82,24.75,OK,0,0,,0,0,,11.88,OK,11.94,OK,11.98,OK,11.94,OK,11.98,OK,12.08,OK,12.17,OK,0,,0,,12.54,OK,12.47,OK,12.3,OK,12.54,OK,12.27,OK,12.42,OK,12.43,OK,0,,0,,,,81.85,OK,,,,82.39,OK,,,,157.48,OK,,,,157.58,OK,,,,37.28,OK,,,,37.02,OK,,,,,,,,,,,,,,,,,
2410120193C,NEW KAPPAEX1.0,CM2P2,2024-10-12 03:37:17,18.684,27.63,OK,24.48,24.25,OK,23.1,22.68,OK,23.97,23.59,OK,24.36,24.22,OK,22.85,22.59,OK,22.59,22.24,OK,22.61,22.31,OK,0,0,,0,0,,15.36,OK,15.36,OK,15.36,OK,15.36,OK,15.36,OK,15.36,OK,15.36,OK,0,,0,,15.36,OK,15.36,OK,15.36,OK,15.36,OK,15.36,OK,15.36,OK,15.36,OK,0,,0,,,,54.3,OK,,,,55.35,OK,,,,-292.73,OK,,,,-292.18,OK,,,,173.07,OK,,,,172.66,OK,,,,,,,,,,,,,,,,,
2410120221D,ATKINSON 3.8 OCV,DM1P5,2024-10-12 03:37:35,18.998,25.03,OK,25.98,25.69,OK,25.8,25.75,OK,24.85,24.63,OK,26.27,26.14,OK,25.53,25.44,OK,24.81,24.72,OK,24.61,24.49,OK,0,0,,0,0,,11.32,OK,11.42,OK,11.43,OK,11.38,OK,11.43,OK,11.45,OK,11.4,OK,0,,0,,9.88,OK,9.97,OK,10.09,OK,10.09,OK,10.02,OK,10.15,OK,10.08,OK,0,,0,,,,82.37,OK,,,,82.07,OK,,,,157.57,OK,,,,157.58,OK,,,,37.51,OK,,,,37.33,OK,,,,,,,,,,,,,,,,,
2410120194C,NEW KAPPAEX1.0,CM3P9,2024-10-12 03:38:25,18.695,26.45,OK,25.57,25.37,OK,23.01,22.54,OK,23.01,22.56,OK,22.67,22.02,OK,23.17,22.85,OK,22.06,21.18,OK,22.58,21.84,OK,0,0,,0,0,,0,OK,0,OK,0,OK,0,OK,0,OK,0,OK,0,OK,0,,0,,0,OK,0,OK,0,OK,0,OK,0,OK,0,OK,0,OK,0,,0,,,,52.71,OK,,,,53.22,OK,,,,-293.21,OK,,,,-291.54,OK,,,,173.19,OK,,,,172.81,OK,,,,,,,,,,,,,,,,,
2410120222D,ATKINSON 3.8 OCV,DM2P3,2024-10-12 03:38:30,18.992,23.12,OK,27.68,27.56,OK,24.36,24.26,OK,23.42,23.17,OK,26.44,26.37,OK,26.25,26.18,OK,24.34,24.29,OK,24.92,24.8,OK,0,0,,0,0,,10.84,OK,10.74,OK,10.86,OK,11.1,OK,10.88,OK,10.8,OK,10.95,OK,0,,0,,10.43,OK,10.63,OK,10.41,OK,10.55,OK,10.37,OK,10.42,OK,10.53,OK,0,,0,,,,83.15,OK,,,,82.82,OK,,,,157.24,OK,,,,157.6,OK,,,,37.14,OK,,,,37.38,OK,,,,,,,,,,,,,,,,,
2410120195C,NEW KAPPAEX1.0,CM4P8,2024-10-12 03:39:14,18.695,27.31,OK,26.3,25.47,OK,23.24,22.91,OK,23.84,23.35,OK,22.76,22.47,OK,25.36,25.29,OK,23.46,23.05,OK,23.49,23.11,OK,0,0,,0,0,,0,OK,0,OK,0,OK,0,OK,0,OK,0,OK,0,OK,0,,0,,0,OK,0,OK,0,OK,0,OK,0,OK,0,OK,0,OK,0,,0,,,,54.56,OK,,,,54.92,OK,,,,-292.78,OK,,,,-292.03,OK,,,,170.84,OK,,,,171.79,OK,,,,,,,,,,,,,,,,,
2410120223D,ATKINSON 3.8 OCV,DM3P5,2024-10-12 03:39:22,18.999,24.43,OK,28.77,28.74,OK,27.58,27.54,OK,25.54,25.15,OK,25.45,25.4,OK,26.84,26.79,OK,26.38,26.31,OK,27.51,27.42,OK,0,0,,0,0,,11.68,OK,11.67,OK,11.64,OK,11.81,OK,12.09,OK,11.53,OK,11.62,OK,0,,0,,12.84,OK,12.8,OK,12.77,OK,12.83,OK,12.79,OK,12.79,OK,12.8,OK,0,,0,,,,81.97,OK,,,,82.39,OK,,,,156.83,OK,,,,157.59,OK,,,,36.38,OK,,,,37.04,OK,,,,,,,,,,,,,,,,,
2410120196C,NEW KAPPAEX1.0,CM1P6,2024-10-12 03:40:03,18.694,27.07,OK,23.16,22.85,OK,23.41,22.97,OK,23.16,22.99,OK,22.53,21.85,OK,23.48,23.27,OK,21.71,21.1,OK,23.06,22.76,OK,0,0,,0,0,,5.54,OK,6.56,OK,6.39,OK,6.37,OK,6.91,OK,6.73,OK,6.67,OK,0,,0,,6.09,OK,6.51,OK,6.56,OK,6.93,OK,6.51,OK,6.88,OK,6.7,OK,0,,0,,,,52.31,OK,,,,54.69,OK,,,,-292.27,OK,,,,-294.02,OK,,,,174.36,OK,,,,173.73,OK,,,,,,,,,,,,,,,,,
2410120220D,ATKINSON 3.8 OCV,DM5P6,2024-10-12 03:40:18,18.989,23.81,OK,24.34,24.3,OK,24.85,24.81,OK,23.32,22.88,OK,24.53,24.41,OK,26.04,25.94,OK,24.04,23.95,OK,24.39,24.2,OK,0,0,,0,0,,2.07,OK,2.63,OK,2.6,OK,2.63,OK,2.69,OK,2.64,OK,2.6,OK,0,,0,,0.8,OK,0.8,OK,0.8,OK,0.82,OK,0.81,OK,0.85,OK,0.82,OK,0,,0,,,,82.56,OK,,,,82.48,OK,,,,157.04,OK,,,,157.44,OK,,,,37.48,OK,,,,37.78,OK,,,,,,,,,,,,,,,,,
2410120197C,NEW KAPPAEX1.0,CM2P1,2024-10-12 03:40:48,18.689,27.21,OK,25.62,25.41,OK,23.45,23.15,OK,24.2,23.8,OK,24.18,23.66,OK,22.59,22.5,OK,23.01,22.75,OK,22.61,22.43,OK,0,0,,0,0,,15.36,OK,15.36,OK,15.36,OK,15.36,OK,15.36,OK,15.36,OK,15.36,OK,0,,0,,15.36,OK,15.36,OK,15.36,OK,15.36,OK,15.36,OK,15.36,OK,15.36,OK,0,,0,,,,54.05,OK,,,,53.96,OK,,,,-293.7,OK,,,,-292.22,OK,,,,173.08,OK,,,,171.57,OK,,,,,,,,,,,,,,,,,
2410120225D,ATKINSON 3.8 OCV,DM1P8,2024-10-12 03:41:10,18.991,24.28,OK,25.91,25.78,OK,26.02,25.91,OK,24.94,24.74,OK,25.3,25.21,OK,24.58,24.54,OK,24.94,24.92,OK,25.17,25.06,OK,0,0,,0,0,,11.35,OK,11.47,OK,11.4,OK,11.35,OK,11.51,OK,11.44,OK,11.47,OK,0,,0,,9.89,OK,10.08,OK,10.03,OK,10.06,OK,9.94,OK,10.19,OK,10.02,OK,0,,0,,,,82.02,OK,,,,82.43,OK,,,,157.38,OK,,,,157.61,OK,,,,36.92,OK,,,,37.25,OK,,,,,,,,,,,,,,,,,
2410120198C,,C,2024-10-12 03:42:00,18.684,27.5,OK,,,,,,,,,,,,,,,,,,,,,,,,,,,,,,,,,,,,,,,,,,,,,,,,,,,,,,,,,,,,,,,,,,53.55,OK,,,,52.32,OK,,,,-291.86,OK,,,,-292.61,OK,,,,172.48,OK,,,,173.86,OK,,,,,,,,,,,,,,,,,
2410120226D,ATKINSON 3.8 OCV,DM2P1,2024-10-12 03:42:05,18.991,24.1,OK,27.17,27.15,OK,25.06,25.06,OK,25.38,25.23,OK,26.4,26.37,OK,28.12,28.09,OK,25.21,25.04,OK,25.23,25.16,OK,0,0,,0,0,,10.75,OK,11.47,OK,10.73,OK,11.42,OK,10.76,OK,11.25,OK,10.81,OK,0,,0,,10.49,OK,10.49,OK,10.42,OK,10.52,OK,10.5,OK,10.44,OK,10.44,OK,0,,0,,,,82.61,OK,,,,82.91,OK,,,,156.94,OK,,,,157.71,OK,,,,37.15,OK,,,,37.29,OK,,,,,,,,,,,,,,,,,
2410120199C,NEW KAPPAEX1.0,CM4P4,2024-10-12 03:42:46,18.695,27.45,OK,26.08,25.51,OK,23.82,23.6,OK,23.77,23.38,OK,23.42,23.22,OK,25.27,25.2,OK,23.97,23.29,OK,23.09,22.45,OK,0,0,,0,0,,0,OK,0,OK,0,OK,0,OK,0,OK,0,OK,0,OK,0,,0,,0,OK,0,OK,0,OK,0,OK,0,OK,0,OK,0,OK,0,,0,,,,54.12,OK,,,,53.2,OK,,,,-293.7,OK,,,,-292.64,OK,,,,172.23,OK,,,,173.67,OK,,,,,,,,,,,,,,,,,
2410120224D,ATKINSON 3.8 OCV,DM4P7,2024-10-12 03:42:57,18.991,24.28,OK,25.17,25.08,OK,25.77,25.66,OK,27,26.72,OK,26.77,26.65,OK,27.14,27.12,OK,26.52,26.49,OK,27.21,27.16,OK,0,0,,0,0,,11.96,OK,11.98,OK,12.09,OK,12.09,OK,12.14,OK,12.1,OK,12.11,OK,0,,0,,12.22,OK,11.87,OK,12.34,OK,12.35,OK,12.43,OK,11.59,OK,12.4,OK,0,,0,,,,82.68,OK,,,,83.28,OK,,,,157.31,OK,,,,157.44,OK,,,,37.05,OK,,,,37.12,OK,,,,,,,,,,,,,,,,,
2410120200C,NEW KAPPAEX1.0,CM1P7,2024-10-12 03:43:34,18.685,26.22,OK,23.37,23.13,OK,22.27,21.71,OK,22.74,22.55,OK,21.99,21.48,OK,22.9,22.76,OK,22.55,22.08,OK,22.6,22.08,OK,0,0,,0,0,,5.83,OK,6.4,OK,6.37,OK,6.77,OK,6.71,OK,6.71,OK,6.85,OK,0,,0,,6.27,OK,6.87,OK,6.81,OK,6.41,OK,6.51,OK,7.17,OK,6.21,OK,0,,0,,,,54.69,OK,,,,55.91,NG,,,,-292.15,OK,,,,-293.91,OK,,,,173.06,OK,,,,172.89,OK,,,,,,,,,,,,,,,,,
2410120227D,ATKINSON 3.8 OCV,DM3P2,2024-10-12 03:43:52,18.991,24.1,OK,27.28,27.26,OK,27,26.93,OK,26.75,26.52,OK,25.56,25.54,OK,27.42,27.4,OK,26.89,26.89,OK,26.03,25.98,OK,0,0,,0,0,,11.49,OK,11.79,OK,11.66,OK,11.65,OK,11.78,OK,11.76,OK,11.74,OK,0,,0,,12.79,OK,12.78,OK,12.8,OK,12.77,OK,12.8,OK,12.79,OK,12.78,OK,0,,0,,,,82.29,OK,,,,82.85,OK,,,,156.93,OK,,,,157.54,OK,,,,36.87,OK,,,,36.64,OK,,,,,,,,,,,,,,,,,
2410120201C,NEW KAPPAEX1.0,CM2P2,2024-10-12 03:44:20,18.691,25.73,OK,23.08,22.89,OK,24.43,24.08,OK,24.06,23.48,OK,23.34,23.22,OK,23.59,23.5,OK,22.24,22.08,OK,22.8,22.66,OK,0,0,,0,0,,15.36,OK,15.36,OK,15.36,OK,15.36,OK,15.36,OK,15.36,OK,15.36,OK,0,,0,,15.36,OK,15.36,OK,15.36,OK,15.36,OK,15.36,OK,15.36,OK,15.36,OK,0,,0,,,,54.5,OK,,,,54.22,OK,,,,-292.18,OK,,,,-292.35,OK,,,,173.58,OK,,,,173.89,OK,,,,,,,,,,,,,,,,,
2410120229D,ATKINSON 3.8 OCV,DM1P5,2024-10-12 03:44:47,18.99,22.9,OK,25.6,25.46,OK,27.13,27.06,OK,24.2,23.95,OK,25.15,25.03,OK,25.55,25.46,OK,26.41,26.34,OK,23.89,23.8,OK,0,0,,0,0,,11.4,OK,11.38,OK,11.35,OK,11.36,OK,11.46,OK,11.42,OK,11.43,OK,0,,0,,9.93,OK,10.07,OK,10,OK,10.23,OK,10.07,OK,10.12,OK,10.11,OK,0,,0,,,,82.66,OK,,,,82.44,OK,,,,157.21,OK,,,,157.59,OK,,,,37.28,OK,,,,37.01,OK,,,,,,,,,,,,,,,,,
2410120202C,NEW KAPPAEX1.0,CM3P9,2024-10-12 03:45:31,18.697,27.63,OK,23.37,23.13,OK,22.36,22.04,OK,22.06,21.79,OK,23.31,22.63,OK,23.13,22.83,OK,22.33,21.63,OK,21.88,21.13,OK,0,0,,0,0,,0,OK,0,OK,0,OK,0,OK,0,OK,0,OK,0,OK,0,,0,,0,OK,0,OK,0,OK,0,OK,0,OK,0,OK,0,OK,0,,0,,,,52.94,OK,,,,53.5,OK,,,,-293.18,OK,,,,-292.14,OK,,,,173.67,OK,,,,172.07,OK,,,,,,,,,,,,,,,,,
2410120230D,ATKINSON 3.8 OCV,DM2P3,2024-10-12 03:45:39,18.996,23.02,OK,26.95,26.93,OK,25.43,25.38,OK,24.65,24.43,OK,27.87,27.87,OK,26.42,26.37,OK,25.6,25.52,OK,25.11,25.09,OK,0,0,,0,0,,10.99,OK,11.29,OK,10.79,OK,11.39,OK,11.03,OK,11.06,OK,10.8,OK,0,,0,,10.54,OK,10.49,OK,10.45,OK,10.47,OK,10.46,OK,10.43,OK,10.45,OK,0,,0,,,,82.89,OK,,,,82.93,OK,,,,157.32,OK,,,,157.73,OK,,,,37.06,OK,,,,37.28,OK,,,,,,,,,,,,,,,,,
2410120204C,NEW KAPPAEX1.0,CM1P8,2024-10-12 03:46:20,18.683,26.9,OK,23.69,23.48,OK,22.08,21.64,OK,22.88,22.69,OK,21.55,21.1,OK,21.99,21.85,OK,22.74,22.18,OK,22.34,22.11,OK,0,0,,0,0,,5.66,OK,6.94,OK,6.52,OK,6.52,OK,6.63,OK,7.26,OK,6.69,OK,0,,0,,6.78,OK,6.25,OK,6.5,OK,7.01,OK,7.33,OK,6.81,OK,6.55,OK,0,,0,,,,53.43,OK,,,,54.21,OK,,,,-293.19,OK,,,,-294.51,OK,,,,173.24,OK,,,,173.42,OK,,,,,,,,,,,,,,,,,
2410120231D,ATKINSON 3.8 OCV,DM4P6,2024-10-12 03:46:35,18.994,23.51,OK,27.95,27.93,OK,23.59,23.5,OK,25.26,25.08,OK,26.33,26.24,OK,26.49,26.45,OK,26.07,25.98,OK,25.8,25.77,OK,0,0,,0,0,,11.79,OK,12.13,OK,12.1,OK,12.19,OK,12.22,OK,12.1,OK,12.11,OK,0,,0,,12.37,OK,12.37,OK,12.37,OK,12.38,OK,11.75,OK,12.42,OK,12.24,OK,0,,0,,,,83.36,OK,,,,83.29,OK,,,,157.47,OK,,,,156.85,OK,,,,37.01,OK,,,,37.31,OK,,,,,,,,,,,,,,,,,
2410120205C,NEW KAPPAEX1.0,CM2P6,2024-10-12 03:47:06,18.698,26.2,OK,23.38,23.29,OK,23.71,23.45,OK,23.92,23.59,OK,22.87,22.64,OK,23.24,23.15,OK,22.73,22.38,OK,22.03,21.75,OK,0,0,,0,0,,15.36,OK,15.36,OK,15.36,OK,15.36,OK,15.36,OK,15.36,OK,15.36,OK,0,,0,,15.36,OK,15.36,OK,15.36,OK,15.36,OK,15.36,OK,15.36,OK,15.36,OK,0,,0,,,,54.36,OK,,,,52.47,OK,,,,-292.54,OK,,,,-292.16,OK,,,,172.74,OK,,,,173.22,OK,,,,,,,,,,,,,,,,,
2410120232D,ATKINSON 3.8 OCV,DM3P4,2024-10-12 03:47:30,18.995,23.68,OK,27.93,27.93,OK,26.68,26.68,OK,26.86,26.63,OK,24.91,24.87,OK,28.6,28.53,OK,27.12,27.1,OK,27.58,27.51,OK,0,0,,0,0,,11.72,OK,11.38,OK,11.37,OK,11.8,OK,11.78,OK,11.92,OK,11.75,OK,0,,0,,12.77,OK,12.86,OK,12.78,OK,12.81,OK,12.79,OK,12.79,OK,12.76,OK,0,,0,,,,82.7,OK,,,,82.69,OK,,,,157.05,OK,,,,157.68,OK,,,,36.89,OK,,,,36.81,OK,,,,,,,,,,,,,,,,,
2410120206C,NEW KAPPAEX1.0,CM3P1,2024-10-12 03:47:54,18.682,25.85,OK,23.67,23.37,OK,23.03,22.72,OK,22.94,22.58,OK,22.2,21.84,OK,22.94,22.65,OK,23.67,23.06,OK,22.22,21.5,OK,0,0,,0,0,,0,OK,0,OK,0,OK,0,OK,0,OK,0,OK,0,OK,0,,0,,0,OK,0,OK,0,OK,0,OK,0,OK,0,OK,0,OK,0,,0,,,,53.69,OK,,,,52.58,OK,,,,-292.92,OK,,,,-290.85,OK,,,,173.18,OK,,,,172.67,OK,,,,,,,,,,,,,,,,,
2410120228D,ATKINSON 3.8 OCV,DM5P9,2024-10-12 03:48:22,18.994,22.81,OK,23.51,23.37,OK,24.39,24.32,OK,23.37,23.11,OK,24.39,24.3,OK,23.72,23.65,OK,24.2,24.09,OK,23.48,23.37,OK,0,0,,0,0,,2.04,OK,2.61,OK,2.63,OK,2.59,OK,2.6,OK,2.76,OK,2.63,OK,0,,0,,0.77,OK,0.79,OK,0.81,OK,0.81,OK,0.77,OK,0.82,OK,0.83,OK,0,,0,,,,82.71,OK,,,,81.46,OK,,,,158.28,OK,,,,158.48,OK,,,,38.28,OK,,,,37.53,OK,,,,,,,,,,,,,,,,,
2410120203C,NEW KAPPAEX1.0,CM4P3,2024-10-12 03:49:06,18.698,27.03,OK,25.33,24.63,OK,23.62,23.31,OK,24.92,24.43,OK,22.87,22.65,OK,23.93,23.86,OK,23.44,23.07,OK,23.64,23.02,OK,0,0,,0,0,,0,OK,0,OK,0,OK,0,OK,0,OK,0,OK,0,OK,0,,0,,0,OK,0,OK,0,OK,0,OK,0,OK,0,OK,0,OK,0,,0,,,,54.49,OK,,,,52.77,OK,,,,-292.97,OK,,,,-292.36,OK,,,,172.25,OK,,,,173.49,OK,,,,,,,,,,,,,,,,,
2410120233D,ATKINSON 3.8 OCV,DM1P8,2024-10-12 03:49:17,18.993,23.8,OK,26.16,25.98,OK,26.97,26.9,OK,25.64,25.46,OK,27.69,27.6,OK,25.28,25.28,OK,24.31,24.25,OK,24.97,24.97,OK,0,0,,0,0,,11.35,OK,11.35,OK,11.33,OK,11.4,OK,11.43,OK,11.46,OK,11.49,OK,0,,0,,9.96,OK,9.89,OK,10.03,OK,10.18,OK,10.13,OK,10.11,OK,10.2,OK,0,,0,,,,82.19,OK,,,,82.36,OK,,,,157.12,OK,,,,157.58,OK,,,,36.89,OK,,,,37.6,OK,,,,,,,,,,,,,,,,,
2410120207C,NEW KAPPAEX1.0,CM1P7,2024-10-12 03:49:55,18.686,26.98,OK,21.5,21.2,OK,22.83,22.29,OK,22.67,22.46,OK,21.24,20.89,OK,22.34,22.13,OK,22.11,21.52,OK,21.57,21.41,OK,0,0,,0,0,,5.83,OK,6.48,OK,6.48,OK,6.44,OK,6.67,OK,6.75,OK,6.68,OK,0,,0,,6.2,OK,6.69,OK,6.74,OK,6.61,OK,6.68,OK,6.86,OK,6.58,OK,0,,0,,,,54.13,OK,,,,55.86,NG,,,,-292.21,OK,,,,-294.17,OK,,,,172.68,OK,,,,172.85,OK,,,,,,,,,,,,,,,,,
2410120234D,ATKINSON 3.8 OCV,DM2P1,2024-10-12 03:50:09,18.997,24.17,OK,28.24,28.09,OK,25.09,24.97,OK,24.63,24.43,OK,26.15,26.1,OK,25.26,25.23,OK,24.72,24.68,OK,23.92,23.85,OK,0,0,,0,0,,10.72,OK,11.08,OK,10.91,OK,11.12,OK,10.8,OK,10.73,OK,10.83,OK,0,,0,,10.51,OK,10.48,OK,10.51,OK,10.43,OK,10.44,OK,10.41,OK,10.39,OK,0,,0,,,,82.01,OK,,,,82.73,OK,,,,157.1,OK,,,,157.79,OK,,,,37.41,OK,,,,37.52,OK,,,,,,,,,,,,,,,,,
2410120208C,NEW KAPPAEX1.0,CM2P2,2024-10-12 03:50:43,18.699,26.98,OK,24.78,24.5,OK,23.17,22.96,OK,23.27,22.99,OK,22.87,22.66,OK,22.75,22.68,OK,22.59,22.38,OK,23.97,23.85,OK,0,0,,0,0,,15.36,OK,15.36,OK,15.36,OK,15.36,OK,15.36,OK,15.36,OK,15.36,OK,0,,0,,15.36,OK,15.36,OK,15.36,OK,15.36,OK,15.36,OK,15.36,OK,15.36,OK,0,,0,,,,53.81,OK,,,,54.7,OK,,,,-292.46,OK,,,,-292.2,OK,,,,173.26,OK,,,,172.55,OK,,,,,,,,,,,,,,,,,
2410120235D,ATKINSON 3.8 OCV,DM4P2,2024-10-12 03:51:04,18.992,23.78,OK,25.59,25.52,OK,24.4,24.2,OK,24.98,24.82,OK,26,25.98,OK,25.4,25.36,OK,26.19,26.17,OK,25.03,24.96,OK,0,0,,0,0,,11.82,OK,12.1,OK,12.12,OK,12.14,OK,12.12,OK,12.03,OK,12.08,OK,0,,0,,12.39,OK,12.4,OK,12.37,OK,12.36,OK,12.24,OK,12.42,OK,12.21,OK,0,,0,,,,82.25,OK,,,,82.51,OK,,,,157.4,OK,,,,157.53,OK,,,,37.24,OK,,,,36.87,OK,,,,,,,,,,,,,,,,,
2410120209C,NEW KAPPAEX1.0,CM3P9,2024-10-12 03:51:29,18.685,27.73,OK,23.15,22.88,OK,22.67,22.08,OK,22.51,22.13,OK,22.04,21.47,OK,21.79,21.54,OK,23.89,23.17,OK,21.25,20.57,OK,0,0,,0,0,,0,OK,0,OK,0,OK,0,OK,0,OK,0,OK,0,OK,0,,0,,0,OK,0,OK,0,OK,0,OK,0,OK,0,OK,0,OK,0,,0,,,,52.39,OK,,,,51.96,OK,,,,-293.03,OK,,,,-292.05,OK,,,,172.11,OK,,,,171.92,OK,,,,,,,,,,,,,,,,,
2410120236D,ATKINSON 3.8 OCV,DM3P9,2024-10-12 03:52:00,18.991,22.53,OK,24.89,24.8,OK,26.03,25.98,OK,26.24,26.07,OK,24.2,24.17,OK,27,26.98,OK,28.02,27.98,OK,25.01,24.91,OK,0,0,,0,0,,11.64,OK,11.45,OK,11.41,OK,11.77,OK,11.79,OK,11.8,OK,11.78,OK,0,,0,,12.8,OK,12.82,OK,12.79,OK,12.77,OK,12.82,OK,12.79,OK,12.78,OK,0,,0,,,,81.81,OK,,,,82.53,OK,,,,157.67,OK,,,,157.73,OK,,,,37.37,OK,,,,37.04,OK,,,,,,,,,,,,,,,,,
2410120210C,,C,2024-10-12 03:52:40,18.698,26.86,OK,,,,,,,,,,,,,,,,,,,,,,,,,,,,,,,,,,,,,,,,,,,,,,,,,,,,,,,,,,,,,,,,,,54.09,OK,,,,53.07,OK,,,,-292.49,OK,,,,-292.72,OK,,,,172.05,OK,,,,174.04,OK,,,,,,,,,,,,,,,,,
2410120238D,ATKINSON 3.8 OCV,DM1P5,2024-10-12 03:52:52,18.995,24.18,OK,25.53,25.44,OK,27.96,27.71,OK,24.97,24.61,OK,28.09,28.05,OK,25.84,25.78,OK,24.79,24.65,OK,24.67,24.58,OK,0,0,,0,0,,11.33,OK,11.34,OK,11.36,OK,11.37,OK,11.46,OK,11.45,OK,11.51,OK,0,,0,,9.86,OK,10.08,OK,10.06,OK,10.08,OK,10.15,OK,10.14,OK,10.14,OK,0,,0,,,,82.31,OK,,,,81.98,OK,,,,157.4,OK,,,,157.71,OK,,,,37.47,OK,,,,37.47,OK,,,,,,,,,,,,,,,,,
2410120211C,NEW KAPPAEX1.0,CM1P8,2024-10-12 03:53:29,18.694,26.42,OK,21.92,21.87,OK,22.55,22.06,OK,23.16,22.99,OK,21.55,21.17,OK,21.52,21.27,OK,21.64,21.13,OK,22.41,22.08,OK,0,0,,0,0,,5.73,OK,6.41,OK,6.63,OK,6.55,OK,6.65,OK,6.62,OK,6.74,OK,0,,0,,6.51,OK,6.49,OK,6.61,OK,6.65,OK,7.11,OK,6.74,OK,6.45,OK,0,,0,,,,53.87,OK,,,,53.18,OK,,,,-293.75,OK,,,,-294.48,OK,,,,173.93,OK,,,,173.8,OK,,,,,,,,,,,,,,,,,
2410120237D,ATKINSON 3.8 OCV,DM5P7,2024-10-12 03:53:47,18.998,23.61,OK,21.88,21.72,OK,24.85,24.78,OK,23.48,23.25,OK,25.16,25.02,OK,22.81,22.74,OK,23.55,23.42,OK,22.7,22.67,OK,0,0,,0,0,,2.1,OK,2.62,OK,2.59,OK,2.61,OK,2.65,OK,2.63,OK,2.61,OK,0,,0,,0.78,OK,0.82,OK,0.83,OK,0.84,OK,0.81,OK,0.87,OK,0.84,OK,0,,0,,,,81.62,OK,,,,82.23,OK,,,,158.02,OK,,,,158.38,OK,,,,37.9,OK,,,,38.07,OK,,,,,,,,,,,,,,,,,
2410120212C,NEW KAPPAEX1.0,CM2P6,2024-10-12 03:54:15,18.698,26.03,OK,22.54,22.52,OK,22.75,22.47,OK,23.2,22.75,OK,23.1,22.92,OK,22.15,22.05,OK,22.45,22.12,OK,22.94,22.8,OK,0,0,,0,0,,15.36,OK,15.36,OK,15.36,OK,15.36,OK,15.36,OK,15.36,OK,15.36,OK,0,,0,,15.36,OK,15.36,OK,15.36,OK,15.36,OK,15.36,OK,15.36,OK,15.36,OK,0,,0,,,,54.47,OK,,,,53.75,OK,,,,-292.84,OK,,,,-291.93,OK,,,,173.27,OK,,,,173.3,OK,,,,,,,,,,,,,,,,,
2410120240D,ATKINSON 3.8 OCV,DM4P6,2024-10-12 03:54:39,18.998,24.61,OK,26.05,25.96,OK,24.52,24.45,OK,24.61,24.33,OK,26.4,26.33,OK,26.03,25.77,OK,27.51,27.51,OK,27.77,27.74,OK,0,0,,0,0,,11.76,OK,12.18,OK,12.13,OK,12.1,OK,12.14,OK,11.84,OK,11.93,OK,0,,0,,12.41,OK,12.42,OK,11.71,OK,12.25,OK,12.55,OK,12.53,OK,12.43,OK,0,,0,,,,82.99,OK,,,,82.8,OK,,,,157.42,OK,,,,156.82,OK,,,,37.41,OK,,,,37.63,OK,,,,,,,,,,,,,,,,,
2410120213C,NEW KAPPAEX1.0,CM3P1,2024-10-12 03:55:03,18.693,27.55,OK,22.4,22.02,OK,22.31,22.06,OK,22.11,21.79,OK,21.77,21.22,OK,23.17,22.92,OK,21.7,20.98,OK,22.4,21.61,OK,0,0,,0,0,,0,OK,0,OK,0,OK,0,OK,0,OK,0,OK,0,OK,0,,0,,0,OK,0,OK,0,OK,0,OK,0,OK,0,OK,0,OK,0,,0,,,,53.74,OK,,,,52.66,OK,,,,-292.39,OK,,,,-291.19,OK,,,,173.03,OK,,,,173.02,OK,,,,,,,,,,,,,,,,,
2410120241D,ATKINSON 3.8 OCV,DM3P4,2024-10-12 03:55:34,18.993,23.71,OK,27.44,27.42,OK,26.93,26.89,OK,26.91,26.49,OK,25.56,25.56,OK,26.7,26.58,OK,26.56,26.52,OK,26.49,26.47,OK,0,0,,0,0,,11.42,OK,11.72,OK,11.78,OK,11.68,OK,11.76,OK,11.69,OK,11.3,OK,0,,0,,12.7,OK,12.78,OK,12.94,OK,12.9,OK,12.92,OK,12.78,OK,12.83,OK,0,,0,,,,82.13,OK,,,,82.49,OK,,,,157.67,OK,,,,158.11,OK,,,,37.29,OK,,,,37.2,OK,,,,,,,,,,,,,,,,,
2410120214C,NEW KAPPAEX1.0,CM4P3,2024-10-12 03:56:15,18.693,27.05,OK,25.03,24.52,OK,21.81,21.44,OK,23.57,23,OK,20.52,20.1,OK,24.76,24.67,OK,22.25,21.33,OK,23.64,23.22,OK,0,0,,0,0,,0,OK,0,OK,0,OK,0,OK,0,OK,0,OK,0,OK,0,,0,,0,OK,0,OK,0,OK,0,OK,0,OK,0,OK,0,OK,0,,0,,,,53.93,OK,,,,53.21,OK,,,,-293.43,OK,,,,-292.68,OK,,,,172.37,OK,,,,173.02,OK,,,,,,,,,,,,,,,,,
2410120242D,ATKINSON 3.8 OCV,DM1P1,2024-10-12 03:56:29,18.996,19.98,OK,26.77,26.68,OK,27.08,26.95,OK,25.37,25.1,OK,26.97,26.92,OK,26.47,26.43,OK,26.47,26.41,OK,25.33,25.24,OK,0,0,,0,0,,11.33,OK,11.39,OK,11.4,OK,11.39,OK,11.48,OK,11.47,OK,11.46,OK,0,,0,,9.94,OK,10.12,OK,10.12,OK,10.11,OK,10.27,OK,10.16,OK,10.11,OK,0,,0,,,,82.45,OK,,,,82.62,OK,,,,157.23,OK,,,,157.4,OK,,,,37.26,OK,,,,37.29,OK,,,,,,,,,,,,,,,,,
2410120215C,NEW KAPPAEX1.0,CM1P7,2024-10-12 03:57:04,18.682,26.67,OK,22.62,22.53,OK,22.62,22.08,OK,22.25,22.13,OK,21.85,21.41,OK,21.94,21.62,OK,22.2,21.66,OK,21.45,21.13,OK,0,0,,0,0,,5.69,OK,6.6,OK,6.47,OK,6.55,OK,7.38,OK,6.85,OK,6.69,OK,0,,0,,6.19,OK,6.66,OK,6.65,OK,7.15,OK,6.72,OK,7.17,OK,7.04,OK,0,,0,,,,54.45,OK,,,,54.29,OK,,,,-293.41,OK,,,,-293.87,OK,,,,172.99,OK,,,,172.79,OK,,,,,,,,,,,,,,,,,
2410120243D,ATKINSON 3.8 OCV,DM5P8,2024-10-12 03:57:21,18.99,24.27,OK,24.85,24.74,OK,26.94,26.9,OK,23.69,23.37,OK,25.2,25.06,OK,25.18,25.09,OK,25.57,25.5,OK,25.85,25.74,OK,0,0,,0,0,,2.06,OK,2.64,OK,2.63,OK,2.66,OK,2.67,OK,2.67,OK,2.63,OK,0,,0,,0.84,OK,0.81,OK,0.81,OK,0.82,OK,0.81,OK,0.83,OK,0.85,OK,0,,0,,,,81.91,OK,,,,81.5,OK,,,,158.17,OK,,,,158.57,OK,,,,37.94,OK,,,,37.68,OK,,,,,,,,,,,,,,,,,
2410120216C,NEW KAPPAEX1.0,CM2P2,2024-10-12 03:57:49,18.692,27.06,OK,26.14,25.9,OK,20.68,20.49,OK,23.64,23.34,OK,22.43,22.17,OK,22.22,22.15,OK,23.29,22.96,OK,24.06,23.78,OK,0,0,,0,0,,15.36,OK,15.36,OK,15.36,OK,15.36,OK,15.36,OK,15.36,OK,15.36,OK,0,,0,,15.36,OK,15.36,OK,15.36,OK,15.36,OK,15.36,OK,15.36,OK,15.36,OK,0,,0,,,,54.01,OK,,,,54.6,OK,,,,-292.23,OK,,,,-292.5,OK,,,,173.52,OK,,,,173.37,OK,,,,,,,,,,,,,,,,,
2410120244D,ATKINSON 3.8 OCV,DM4P2,2024-10-12 03:58:17,18.992,20.31,OK,27.4,27.3,OK,24.98,24.94,OK,26.35,26.03,OK,26.35,26.28,OK,26.56,26.49,OK,27.28,27.23,OK,25.91,25.84,OK,0,0,,0,0,,11.97,OK,12.08,OK,12.14,OK,12.13,OK,12.13,OK,12.12,OK,12.09,OK,0,,0,,12.35,OK,12.38,OK,12.53,OK,12.42,OK,12.26,OK,12.2,OK,12.51,OK,0,,0,,,,82.25,OK,,,,82.41,OK,,,,157.56,OK,,,,157.7,OK,,,,37.26,OK,,,,36.99,OK,,,,,,,,,,,,,,,,,
2410120217C,NEW KAPPAEX1.0,CM3P9,2024-10-12 03:58:35,18.69,26.63,OK,23.92,23.67,OK,22.56,22.17,OK,21.68,21.29,OK,22.72,21.95,OK,22.45,22.22,OK,22.49,21.84,OK,19.98,19.41,OK,0,0,,0,0,,0,OK,0,OK,0,OK,0,OK,0,OK,0,OK,0,OK,0,,0,,0,OK,0,OK,0,OK,0,OK,0,OK,0,OK,0,OK,0,,0,,,,51.99,OK,,,,52.06,OK,,,,-293.4,OK,,,,-291.92,OK,,,,173.02,OK,,,,173.03,OK,,,,,,,,,,,,,,,,,
2410120245D,ATKINSON 3.8 OCV,DM3P9,2024-10-12 03:59:12,18.983,20.61,OK,26.49,26.4,OK,28.35,28.32,OK,26.79,26.42,OK,26.52,26.47,OK,28.93,28.9,OK,27.4,27.37,OK,27.12,27.07,OK,0,0,,0,0,,11.62,OK,11.44,OK,11.61,OK,11.82,OK,11.92,OK,11.8,OK,11.65,OK,0,,0,,12.78,OK,12.84,OK,12.78,OK,12.83,OK,12.77,OK,12.79,OK,12.8,OK,0,,0,,,,82.33,OK,,,,82.46,OK,,,,157.83,OK,,,,157.86,OK,,,,37.64,OK,,,,37.09,OK,,,,,,,,,,,,,,,,,
2410120218C,NEW KAPPAEX1.0,CM4P4,2024-10-12 03:59:46,18.688,27.31,OK,24.1,23.57,OK,23.07,22.85,OK,24.81,24.41,OK,22.83,22.58,OK,23.86,23.82,OK,22.83,22.52,OK,22.36,21.92,OK,0,0,,0,0,,0,OK,0,OK,0,OK,0,OK,0,OK,0,OK,0,OK,0,,0,,0,OK,0,OK,0,OK,0,OK,0,OK,0,OK,0,OK,0,,0,,,,53.71,OK,,,,53.14,OK,,,,-292.93,OK,,,,-292.16,OK,,,,170.85,OK,,,,171.71,OK,,,,,,,,,,,,,,,,,
2410120246D,ATKINSON 3.8 OCV,DM1P7,2024-10-12 04:00:04,18.986,22.27,OK,25.33,25.26,OK,28.57,28.34,OK,26.65,26.27,OK,27.87,27.78,OK,26.02,26,OK,26.47,26.43,OK,26.5,26.38,OK,0,0,,0,0,,11.26,OK,11.43,OK,11.42,OK,11.4,OK,11.48,OK,11.63,OK,11.46,OK,0,,0,,9.91,OK,10.1,OK,10.19,OK,10.17,OK,10.23,OK,10.15,OK,10.08,OK,0,,0,,,,82.64,OK,,,,83.26,OK,,,,157.31,OK,,,,157.47,OK,,,,36.98,OK,,,,37.21,OK,,,,,,,,,,,,,,,,,
2410120219C,NEW KAPPAEX1.0,CM1P8,2024-10-12 04:00:35,18.696,27.56,OK,22.41,22.41,OK,22.27,21.9,OK,22.11,21.94,OK,22.2,21.55,OK,21.5,21.38,OK,21.76,21.22,OK,23.13,22.53,OK,0,0,,0,0,,6.01,OK,6.51,OK,6.47,OK,6.8,OK,6.75,OK,6.68,OK,7.34,OK,0,,0,,6.04,OK,7.19,OK,6.45,OK,6.61,OK,6.85,OK,7.16,OK,6.3,OK,0,,0,,,,53.27,OK,,,,53.7,OK,,,,-292.58,OK,,,,-293.63,OK,,,,173.34,OK,,,,173.65,OK,,,,,,,,,,,,,,,,,
2410120247D,ATKINSON 3.8 OCV,DM5P5,2024-10-12 04:00:59,18.985,20.32,OK,23.21,23.18,OK,26.22,26.15,OK,22.79,22.42,OK,24.51,24.37,OK,23.65,23.58,OK,24.58,24.41,OK,24.48,24.23,OK,0,0,,0,0,,2.07,OK,2.63,OK,2.6,OK,2.73,OK,2.69,OK,2.65,OK,2.63,OK,0,,0,,0.8,OK,0.83,OK,0.82,OK,0.83,OK,0.85,OK,0.85,OK,0.84,OK,0,,0,,,,81.87,OK,,,,81.39,OK,,,,158.12,OK,,,,158.61,OK,,,,38.04,OK,,,,38.04,OK,,,,,,,,,,,,,,,,,
2410120220C,NEW KAPPAEX1.0,CM2P6,2024-10-12 04:01:20,18.687,26.26,OK,25.74,25.62,OK,22.57,22.19,OK,23.94,23.66,OK,22.33,22.19,OK,21.98,21.8,OK,23.66,23.48,OK,22.52,22.08,OK,0,0,,0,0,,15.36,OK,15.36,OK,15.36,OK,15.36,OK,15.36,OK,15.36,OK,15.36,OK,0,,0,,15.36,OK,15.36,OK,15.36,OK,15.36,OK,15.36,OK,15.36,OK,15.36,OK,0,,0,,,,53.84,OK,,,,53.88,OK,,,,-293.18,OK,,,,-292.08,OK,,,,173.34,OK,,,,173.45,OK,,,,,,,,,,,,,,,,,
2410120239D,ATKINSON 3.8 OCV,DM2P3,2024-10-12 04:01:54,18.998,23.91,OK,26.95,26.88,OK,26.86,26.73,OK,24.46,24.19,OK,27.53,27.46,OK,25.96,25.91,OK,25.11,25.09,OK,24.46,24.43,OK,0,0,,0,0,,10.74,OK,10.82,OK,10.81,OK,10.81,OK,10.8,OK,10.78,OK,10.77,OK,0,,0,,10.44,OK,10.61,OK,10.5,OK,10.49,OK,10.42,OK,10.42,OK,10.34,OK,0,,0,,,,82.63,OK,,,,82.75,OK,,,,157.62,OK,,,,158.16,OK,,,,37.44,OK,,,,37.63,OK,,,,,,,,,,,,,,,,,
2410120221C,NEW KAPPAEX1.0,CM3P1,2024-10-12 04:02:09,18.693,26.93,OK,24.66,24.28,OK,23.06,22.65,OK,23.06,22.72,OK,22.54,21.97,OK,22.17,21.88,OK,21.97,21.02,OK,22.76,22.02,OK,0,0,,0,0,,0,OK,0,OK,0,OK,0,OK,0,OK,0,OK,0,OK,0,,0,,0,OK,0,OK,0,OK,0,OK,0,OK,0,OK,0,OK,0,,0,,,,53.98,OK,,,,53.02,OK,,,,-293.24,OK,,,,-291.34,OK,,,,172.53,OK,,,,172.7,OK,,,,,,,,,,,,,,,,,
2410120248D,ATKINSON 3.8 OCV,DM4P6,2024-10-12 04:02:46,18.997,26.16,OK,29,28.9,OK,25.03,24.89,OK,26.58,26.35,OK,28.09,28.02,OK,26.33,26.31,OK,26.61,26.61,OK,27.4,27.3,OK,0,0,,0,0,,11.95,OK,12.09,OK,12.13,OK,12.15,OK,12.13,OK,12.16,OK,12.15,OK,0,,0,,12.35,OK,12.47,OK,12.55,OK,12.5,OK,12.21,OK,12.13,OK,12.49,OK,0,,0,,,,82.96,OK,,,,82.84,OK,,,,157.8,OK,,,,157.12,OK,,,,37.44,OK,,,,37.72,OK,,,,,,,,,,,,,,,,,
2410120222C,NEW KAPPAEX1.0,CM4P3,2024-10-12 04:03:20,18.673,27.06,OK,25.51,24.98,OK,22.1,21.88,OK,24.72,24.12,OK,22.41,22.06,OK,22.61,22.61,OK,21.79,21.02,OK,22.52,22.12,OK,0,0,,0,0,,0,OK,0,OK,0,OK,0,OK,0,OK,0,OK,0,OK,0,,0,,0,OK,0,OK,0,OK,0,OK,0,OK,0,OK,0,OK,0,,0,,,,53.99,OK,,,,54.16,OK,,,,-293.9,OK,,,,-292.37,OK,,,,171.15,OK,,,,173,OK,,,,,,,,,,,,,,,,,
2410120250D,ATKINSON 3.8 OCV,DM1P1,2024-10-12 04:03:42,18.999,24.06,OK,26.95,26.63,OK,27.37,27.31,OK,25.87,25.6,OK,26.97,26.86,OK,26.5,26.47,OK,27.78,27.67,OK,25.08,25.03,OK,0,0,,0,0,,11.65,OK,11.4,OK,11.71,OK,11.43,OK,11.66,OK,11.43,OK,11.39,OK,0,,0,,9.9,OK,10.07,OK,9.91,OK,10.13,OK,10.11,OK,10.31,OK,10.09,OK,0,,0,,,,82.31,OK,,,,82.36,OK,,,,157.43,OK,,,,157.92,OK,,,,37.4,OK,,,,37.4,OK,,,,,,,,,,,,,,,,,
2410120223C,NEW KAPPAEX1.0,CM1P7,2024-10-12 04:04:06,18.685,26.66,OK,22.55,22.46,OK,21.34,20.87,OK,22.97,22.81,OK,21.9,21.43,OK,22.22,22.04,OK,23.53,22.78,OK,21.85,21.24,OK,0,0,,0,0,,5.8,OK,6.77,OK,6.56,OK,6.49,OK,6.59,OK,7.36,OK,6.7,OK,0,,0,,6.74,OK,6.48,OK,6.53,OK,6.56,OK,7.15,OK,6.66,OK,6.61,OK,0,,0,,,,54.56,OK,,,,55.38,OK,,,,-292.41,OK,,,,-295.23,NG,,,,173.21,OK,,,,173.01,OK,,,,,,,,,,,,,,,,,
2410120249D,ATKINSON 3.8 OCV,DM3P4,2024-10-12 04:04:34,18.996,21.03,OK,28.67,28.58,OK,25.8,25.7,OK,26.49,26.17,OK,25.59,25.54,OK,28.12,28.02,OK,26.38,26.33,OK,26.49,26.45,OK,0,0,,0,0,,11.63,OK,11.18,OK,11.26,OK,11.79,OK,11.82,OK,11.79,OK,11.71,OK,0,,0,,12.77,OK,12.81,OK,12.8,OK,12.84,OK,12.75,OK,12.77,OK,12.79,OK,0,,0,,,,82.15,OK,,,,82.5,OK,,,,157.45,OK,,,,157.97,OK,,,,37.22,OK,,,,37.19,OK,,,,,,,,,,,,,,,,,
2410120224C,NEW KAPPAEX1.0,CM2P2,2024-10-12 04:04:58,18.69,27.7,OK,26.53,26.32,OK,23.15,22.89,OK,23.55,23.1,OK,23.94,23.78,OK,23.57,23.45,OK,22.57,22.31,OK,23.73,23.5,OK,0,0,,0,0,,15.36,OK,15.36,OK,15.36,OK,15.36,OK,15.36,OK,15.36,OK,15.36,OK,0,,0,,15.36,OK,15.36,OK,15.36,OK,15.36,OK,15.36,OK,15.36,OK,15.36,OK,0,,0,,,,54.65,OK,,,,54.06,OK,,,,-292.49,OK,,,,-292.54,OK,,,,173.57,OK,,,,172.73,OK,,,,,,,,,,,,,,,,,
2410120252D,ATKINSON 3.8 OCV,DM2P2,2024-10-12 04:05:29,18.999,22.92,OK,25.89,25.86,OK,24.22,24.19,OK,24.6,24.41,OK,27.65,27.63,OK,27.24,27.19,OK,26.27,26.15,OK,25.62,25.62,OK,0,0,,0,0,,10.71,OK,10.76,OK,10.71,OK,10.79,OK,10.82,OK,10.8,OK,10.8,OK,0,,0,,10.35,OK,10.38,OK,10.37,OK,10.35,OK,10.35,OK,10.35,OK,10.33,OK,0,,0,,,,81.86,OK,,,,82.64,OK,,,,157.51,OK,,,,157.92,OK,,,,37.5,OK,,,,37.55,OK,,,,,,,,,,,,,,,,,
2410120225C,NEW KAPPAEX1.0,CM3P9,2024-10-12 04:05:47,18.698,27.82,OK,25,24.71,OK,23.28,22.67,OK,23.78,23.37,OK,21.72,21.11,OK,21.77,21.56,OK,21.97,21.47,OK,23.24,22.65,OK,0,0,,0,0,,0,OK,0,OK,0,OK,0,OK,0,OK,0,OK,0,OK,0,,0,,0,OK,0,OK,0,OK,0,OK,0,OK,0,OK,0,OK,0,,0,,,,52.33,OK,,,,53.37,OK,,,,-293.02,OK,,,,-291.72,OK,,,,173.21,OK,,,,172.23,OK,,,,,,,,,,,,,,,,,
2410120253D,ATKINSON 3.8 OCV,DM4P9,2024-10-12 04:06:21,18.996,23.42,OK,24.87,24.82,OK,24.68,24.66,OK,25.33,25.1,OK,26.75,26.68,OK,25.68,25.59,OK,25.59,25.47,OK,26.77,26.7,OK,0,0,,0,0,,11.78,OK,12.15,OK,12.19,OK,12.23,OK,12.33,OK,12.18,OK,12.21,OK,0,,0,,12.38,OK,12.42,OK,12.38,OK,12.54,OK,12.38,OK,12.37,OK,12.2,OK,0,,0,,,,82.3,OK,,,,82.47,OK,,,,157.74,OK,,,,158.17,OK,,,,37.8,OK,,,,37.12,OK,,,,,,,,,,,,,,,,,
2410120226C,NEW KAPPAEX1.0,CM4P4,2024-10-12 04:06:55,18.688,26.45,OK,25.75,25.11,OK,22.45,22.17,OK,23.77,23.33,OK,20.87,20.47,OK,24.81,24.78,OK,22.74,22.19,OK,23.44,22.76,OK,0,0,,0,0,,0,OK,0,OK,0,OK,0,OK,0,OK,0,OK,0,OK,0,,0,,0,OK,0,OK,0,OK,0,OK,0,OK,0,OK,0,OK,0,,0,,,,54.05,OK,,,,52.73,OK,,,,-292.97,OK,,,,-292.69,OK,,,,171.14,OK,,,,173.61,OK,,,,,,,,,,,,,,,,,
2410120251D,ATKINSON 3.8 OCV,DM5P8,2024-10-12 04:07:16,18.986,21.82,OK,25.22,25.11,OK,26.11,25.99,OK,23.39,23.11,OK,24,23.83,OK,24.67,24.6,OK,24,23.88,OK,23.14,23.02,OK,0,0,,0,0,,2.1,OK,2.58,OK,2.56,OK,2.58,OK,2.59,OK,2.68,OK,2.63,OK,0,,0,,0.8,OK,0.8,OK,0.85,OK,0.81,OK,0.81,OK,0.83,OK,0.79,OK,0,,0,,,,81.21,OK,,,,80.51,OK,,,,158.49,OK,,,,159.1,OK,,,,38.06,OK,,,,38.39,OK,,,,,,,,,,,,,,,,,
2410120227C,NEW KAPPAEX1.0,CM1P8,2024-10-12 04:07:40,18.694,27.15,OK,23.48,23.41,OK,22.08,21.57,OK,24.02,23.86,OK,21.27,20.96,OK,22.69,22.48,OK,20.8,20.19,OK,22.27,21.85,OK,0,0,,0,0,,5.74,OK,6.57,OK,6.5,OK,6.43,OK,6.8,OK,6.77,OK,6.69,OK,0,,0,,6.09,OK,6.48,OK,6.74,OK,7.18,OK,6.69,OK,6.69,OK,7.12,OK,0,,0,,,,53.44,OK,,,,53.33,OK,,,,-294,OK,,,,-294.49,OK,,,,172.81,OK,,,,172.66,OK,,,,,,,,,,,,,,,,,
2410120254D,ATKINSON 3.8 OCV,DM1P5,2024-10-12 04:08:08,18.985,23.2,OK,24.83,24.7,OK,28.5,28.43,OK,26.32,26.05,OK,27.94,27.82,OK,27.46,27.4,OK,25.8,25.73,OK,26.27,26.23,OK,0,0,,0,0,,11.54,OK,11.55,OK,11.39,OK,11.43,OK,11.49,OK,11.44,OK,11.44,OK,0,,0,,9.99,OK,10.17,OK,10.08,OK,10.2,OK,10.25,OK,10.05,OK,10.02,OK,0,,0,,,,82.18,OK,,,,81.89,OK,,,,157.86,OK,,,,158.12,OK,,,,37.74,OK,,,,37.69,OK,,,,,,,,,,,,,,,,,
2410120228C,NEW KAPPAEX1.0,CM2P6,2024-10-12 04:08:29,18.681,27.8,OK,24.08,23.9,OK,22.92,22.59,OK,23.08,22.68,OK,24.11,23.87,OK,22.38,22.29,OK,22.68,22.36,OK,22.45,22.31,OK,0,0,,0,0,,15.36,OK,15.36,OK,15.36,OK,15.36,OK,15.36,OK,15.36,OK,15.36,OK,0,,0,,15.36,OK,15.36,OK,15.36,OK,15.36,OK,15.36,OK,15.36,OK,15.36,OK,0,,0,,,,54.45,OK,,,,54.22,OK,,,,-293.3,OK,,,,-293.12,OK,,,,173.04,OK,,,,173.52,OK,,,,,,,,,,,,,,,,,
2410120256D,ATKINSON 3.8 OCV,DM2P6,2024-10-12 04:09:03,18.992,25.51,OK,28.82,28.72,OK,24.72,24.68,OK,24.99,24.92,OK,27.17,27.12,OK,26.4,26.37,OK,27.05,27.03,OK,25.81,25.72,OK,0,0,,0,0,,10.8,OK,10.8,OK,10.81,OK,10.81,OK,10.79,OK,10.81,OK,10.76,OK,0,,0,,10.62,OK,10.6,OK,10.34,OK,10.35,OK,10.33,OK,10.35,OK,10.23,OK,0,,0,,,,82.97,OK,,,,83.09,OK,,,,157.6,OK,,,,157.05,OK,,,,37.71,OK,,,,38,OK,,,,,,,,,,,,,,,,,
2410120229C,NEW KAPPAEX1.0,CM3P1,2024-10-12 04:09:15,18.69,26.83,OK,22.31,22.11,OK,22.79,22.33,OK,22.08,21.79,OK,22.22,21.7,OK,22.65,22.31,OK,22.15,21.34,OK,20.39,19.64,OK,0,0,,0,0,,0,OK,0,OK,0,OK,0,OK,0,OK,0,OK,0,OK,0,,0,,0,OK,0,OK,0,OK,0,OK,0,OK,0,OK,0,OK,0,,0,,,,54.07,OK,,,,52.76,OK,,,,-293.67,OK,,,,-292.87,OK,,,,172.2,OK,,,,173.06,OK,,,,,,,,,,,,,,,,,
2410120255D,ATKINSON 3.8 OCV,DM3P7,2024-10-12 04:09:55,18.985,22.31,OK,27.26,27.26,OK,28.26,28.23,OK,27.12,26.68,OK,24.61,24.57,OK,27.58,27.51,OK,27.61,27.61,OK,26.49,26.45,OK,0,0,,0,0,,11.11,OK,11.41,OK,11.45,OK,11.84,OK,11.74,OK,11.51,OK,11.72,OK,0,,0,,12.81,OK,12.86,OK,12.85,OK,12.79,OK,12.77,OK,12.81,OK,12.81,OK,0,,0,,,,82.45,OK,,,,82.93,OK,,,,157.42,OK,,,,157.58,OK,,,,37.15,OK,,,,37.63,OK,,,,,,,,,,,,,,,,,
2410120230C,NEW KAPPAEX1.0,CM4P3,2024-10-12 04:10:30,18.69,26.91,OK,26.3,25.71,OK,23.82,23.51,OK,23.75,23.27,OK,21.11,20.74,OK,24.48,24.45,OK,22.47,22.08,OK,23.9,23.46,OK,0,0,,0,0,,0,OK,0,OK,0,OK,0,OK,0,OK,0,OK,0,OK,0,,0,,0,OK,0,OK,0,OK,0,OK,0,OK,0,OK,0,OK,0,,0,,,,55.12,OK,,,,54.61,OK,,,,-292.92,OK,,,,-292.72,OK,,,,172.17,OK,,,,172.06,OK,,,,,,,,,,,,,,,,,
2410120257D,ATKINSON 3.8 OCV,DM4P4,2024-10-12 04:10:47,18.992,25.51,OK,26.07,25.94,OK,26.33,26.31,OK,26.75,26.61,OK,26.7,26.63,OK,26.63,26.56,OK,26.17,26.17,OK,27.74,27.72,OK,0,0,,0,0,,11.91,OK,12.15,OK,12.15,OK,12.24,OK,12.3,OK,12.33,OK,12.27,OK,0,,0,,12.37,OK,12.36,OK,12.43,OK,12.42,OK,12.42,OK,12.41,OK,12.44,OK,0,,0,,,,81.61,OK,,,,81.84,OK,,,,157.9,OK,,,,158.26,OK,,,,37.74,OK,,,,37.8,OK,,,,,,,,,,,,,,,,,
2410120231C,NEW KAPPAEX1.0,CM1P7,2024-10-12 04:11:15,18.699,25.92,OK,21.9,21.85,OK,22.9,22.46,OK,24.3,24.18,OK,21.03,20.59,OK,22.81,22.6,OK,21.64,21.08,OK,21.9,21.57,OK,0,0,,0,0,,5.75,OK,6.47,OK,6.8,OK,6.68,OK,6.59,OK,6.6,OK,6.91,OK,0,,0,,6.25,OK,6.81,OK,6.45,OK,6.35,OK,6.74,OK,7.09,OK,6.29,OK,0,,0,,,,54.75,OK,,,,55.97,NG,,,,-292.37,OK,,,,-294.17,OK,,,,172.77,OK,,,,173.27,OK,,,,,,,,,,,,,,,,,
2410120259D,ATKINSON 3.8 OCV,DM1P1,2024-10-12 04:11:43,18.986,22.27,OK,25.3,25.12,OK,28.63,28.59,OK,25.33,24.92,OK,29.04,28.99,OK,26.77,26.7,OK,25.91,25.82,OK,26.68,26.65,OK,0,0,,0,0,,11.38,OK,11.4,OK,11.42,OK,11.36,OK,11.51,OK,11.44,OK,11.52,OK,0,,0,,9.88,OK,10.12,OK,10.11,OK,10.19,OK,10.2,OK,10.13,OK,10.1,OK,0,,0,,,,82.4,OK,,,,82.74,OK,,,,157.06,OK,,,,157.96,OK,,,,37.65,OK,,,,37.51,OK,,,,,,,,,,,,,,,,,
2410120232C,NEW KAPPAEX1.0,CM2P2,2024-10-12 04:12:04,18.683,26.88,OK,22.57,22.4,OK,21.28,20.98,OK,24.34,24.01,OK,24.2,24.04,OK,21.82,21.75,OK,21.14,20.93,OK,22.94,22.73,OK,0,0,,0,0,,15.36,OK,15.36,OK,15.36,OK,15.36,OK,15.36,OK,15.36,OK,15.36,OK,0,,0,,15.36,OK,15.36,OK,15.36,OK,15.36,OK,15.36,OK,15.36,OK,15.36,OK,0,,0,,,,54.23,OK,,,,54.86,OK,,,,-292.72,OK,,,,-291.82,OK,,,,172.5,OK,,,,173.08,OK,,,,,,,,,,,,,,,,,
2410120258D,ATKINSON 3.8 OCV,DM5P3,2024-10-12 04:12:35,18.997,23.7,OK,26.71,26.64,OK,25.41,25.25,OK,25.04,24.62,OK,25.78,25.55,OK,25.71,25.57,OK,24.71,24.48,OK,23.55,23.35,OK,0,0,,0,0,,2.05,OK,2.63,OK,2.64,OK,2.61,OK,2.65,OK,2.65,OK,2.63,OK,0,,0,,0.81,OK,0.78,OK,0.82,OK,0.82,OK,0.81,OK,0.83,OK,0.85,OK,0,,0,,,,81.87,OK,,,,82.71,OK,,,,158.15,OK,,,,158.73,OK,,,,38.11,OK,,,,38.26,OK,,,,,,,,,,,,,,,,,
2410120233C,NEW KAPPAEX1.0,CM3P9,2024-10-12 04:12:53,18.689,26.45,OK,23.01,22.81,OK,22.02,21.54,OK,22.88,22.45,OK,22.81,22.31,OK,22.42,22.15,OK,22.51,21.79,OK,22.45,21.72,OK,0,0,,0,0,,0,OK,0,OK,0,OK,0,OK,0,OK,0,OK,0,OK,0,,0,,0,OK,0,OK,0,OK,0,OK,0,OK,0,OK,0,OK,0,,0,,,,52.98,OK,,,,52.46,OK,,,,-293.03,OK,,,,-292.14,OK,,,,172.77,OK,,,,171.73,OK,,,,,,,,,,,,,,,,,
2410120260D,ATKINSON 3.8 OCV,DM2P2,2024-10-12 04:13:30,18.997,23.15,OK,28.04,27.92,OK,24.38,24.29,OK,24.92,24.68,OK,30.03,30,OK,26.27,26.2,OK,26.78,26.76,OK,26.25,26.15,OK,0,0,,0,0,,10.96,OK,10.72,OK,10.97,OK,11.08,OK,10.72,OK,10.82,OK,11.08,OK,0,,0,,10.34,OK,10.33,OK,10.33,OK,10.34,OK,10.32,OK,10.28,OK,10.33,OK,0,,0,,,,81.54,OK,,,,82.18,OK,,,,157.94,OK,,,,158.48,OK,,,,38.29,OK,,,,38,OK,,,,,,,,,,,,,,,,,
2410120234C,,C,2024-10-12 04:14:01,18.692,26.8,OK,,,,,,,,,,,,,,,,,,,,,,,,,,,,,,,,,,,,,,,,,,,,,,,,,,,,,,,,,,,,,,,,,,54.21,OK,,,,53.51,OK,,,,-293.55,OK,,,,-292.82,OK,,,,171.5,OK,,,,173.3,OK,,,,,,,,,,,,,,,,,
2410120261D,ATKINSON 3.8 OCV,DM3P8,2024-10-12 04:14:22,18.985,21.98,OK,24.43,24.38,OK,27.28,27.21,OK,27.21,27.03,OK,24.45,24.4,OK,28.49,28.49,OK,28.35,28.26,OK,25.61,25.56,OK,0,0,,0,0,,11.95,OK,11.65,OK,11.65,OK,11.32,OK,11.74,OK,11.48,OK,11.47,OK,0,,0,,12.87,OK,12.79,OK,12.84,OK,12.82,OK,12.79,OK,12.79,OK,12.82,OK,0,,0,,,,81.64,OK,,,,82.24,OK,,,,158,OK,,,,158.22,OK,,,,37.3,OK,,,,37.54,OK,,,,,,,,,,,,,,,,,
2410120263D,ATKINSON 3.8 OCV,DM1P7,2024-10-12 04:15:17,18.99,23.93,OK,26.56,26.41,OK,29.58,29.31,OK,25.91,25.53,OK,27.33,27.19,OK,26.2,25.93,OK,25.62,25.57,OK,24.61,24.58,OK,0,0,,0,0,,11.4,OK,11.39,OK,11.4,OK,11.41,OK,11.49,OK,11.47,OK,11.46,OK,0,,0,,9.85,OK,9.96,OK,10.09,OK,10.09,OK,10.09,OK,10.05,OK,9.98,OK,0,,0,,,,82.16,OK,,,,82.74,OK,,,,156.84,OK,,,,158.01,OK,,,,37.7,OK,,,,37.48,OK,,,,,,,,,,,,,,,,,
2410120235C,NEW KAPPAEX1.0,CM1P8,2024-10-12 04:15:55,18.688,26.27,OK,22.88,22.71,OK,21.99,21.57,OK,23.6,23.44,OK,21.41,20.78,OK,21.73,21.62,OK,21.94,21.55,OK,22.01,21.92,OK,0,0,,0,0,,5.62,OK,6.56,OK,6.45,OK,6.34,OK,6.58,OK,6.98,OK,6.67,OK,0,,0,,5.97,OK,6.18,OK,6.67,OK,6.58,OK,6.9,OK,6.78,OK,6.29,OK,0,,0,,,,54.13,OK,,,,53.8,OK,,,,-292.81,OK,,,,-294.04,OK,,,,172.8,OK,,,,173,OK,,,,,,,,,,,,,,,,,
2410120262D,ATKINSON 3.8 OCV,DM4P9,2024-10-12 04:16:12,18.992,22.25,OK,23.82,23.71,OK,24.64,24.64,OK,24.87,24.5,OK,26.61,26.54,OK,27.19,27.16,OK,27.05,27,OK,27.16,27.12,OK,0,0,,0,0,,11.95,OK,11.99,OK,12.16,OK,12.26,OK,12.15,OK,12.18,OK,12.29,OK,0,,0,,12.47,OK,12.41,OK,12.37,OK,12.53,OK,12.41,OK,12.42,OK,12.47,OK,0,,0,,,,81.9,OK,,,,81.92,OK,,,,158.39,OK,,,,158.32,OK,,,,38.44,OK,,,,37.76,OK,,,,,,,,,,,,,,,,,
2410120236C,NEW KAPPAEX1.0,CM2P6,2024-10-12 04:16:43,18.669,26.4,OK,24.34,24.15,OK,24.08,23.57,OK,23.69,23.36,OK,22.68,22.59,OK,23.76,23.71,OK,22.68,22.38,OK,23.97,23.73,OK,0,0,,0,0,,15.36,OK,15.36,OK,15.36,OK,15.36,OK,15.36,OK,15.36,OK,15.36,OK,0,,0,,15.36,OK,15.36,OK,15.36,OK,15.36,OK,15.36,OK,15.36,OK,15.36,OK,0,,0,,,,54.09,OK,,,,54.78,OK,,,,-292.73,OK,,,,-291.89,OK,,,,173.13,OK,,,,172.41,OK,,,,,,,,,,,,,,,,,
2410120264D,ATKINSON 3.8 OCV,DM5P5,2024-10-12 04:17:04,18.99,23.16,OK,26.34,26.25,OK,24.81,24.74,OK,22.7,22.26,OK,24.67,24.58,OK,23.44,23.32,OK,24.18,24.06,OK,24.25,24.11,OK,0,0,,0,0,,2.12,OK,2.58,OK,2.57,OK,2.59,OK,2.63,OK,2.6,OK,2.71,OK,0,,0,,0.8,OK,0.81,OK,0.82,OK,0.86,OK,0.79,OK,0.84,OK,0.85,OK,0,,0,,,,81.63,OK,,,,81.5,OK,,,,158.05,OK,,,,158.7,OK,,,,38.1,OK,,,,38.18,OK,,,,,,,,,,,,,,,,,
2410120237C,NEW KAPPAEX1.0,CM3P1,2024-10-12 04:17:29,18.686,26.6,OK,24.3,23.99,OK,23.65,23.08,OK,22.22,21.84,OK,23.42,22.63,OK,23.49,23.26,OK,22.27,21.59,OK,22.31,21.5,OK,0,0,,0,0,,0,OK,0,OK,0,OK,0,OK,0,OK,0,OK,0,OK,0,,0,,0,OK,0,OK,0,OK,0,OK,0,OK,0,OK,0,OK,0,,0,,,,54.13,OK,,,,53.28,OK,,,,-292.71,OK,,,,-291.8,OK,,,,171.81,OK,,,,172.58,OK,,,,,,,,,,,,,,,,,
2410120266D,ATKINSON 3.8 OCV,DM3P4,2024-10-12 04:18:00,18.984,22.25,OK,25.77,25.7,OK,25.8,25.73,OK,25.08,24.82,OK,24.91,24.82,OK,27.28,27.16,OK,25.54,25.47,OK,25.73,25.66,OK,0,0,,0,0,,11.67,OK,11.64,OK,11.65,OK,11.64,OK,11.59,OK,11.8,OK,11.8,OK,0,,0,,12.8,OK,12.82,OK,12.79,OK,12.77,OK,12.83,OK,12.72,OK,12.79,OK,0,,0,,,,81.75,OK,,,,82.27,OK,,,,157.57,OK,,,,158.07,OK,,,,37.49,OK,,,,37.47,OK,,,,,,,,,,,,,,,,,
2410120238C,NEW KAPPAEX1.0,CM4P3,2024-10-12 04:18:18,18.696,26.57,OK,24.28,23.68,OK,22.91,22.67,OK,24.15,23.75,OK,22.78,22.52,OK,24.72,24.61,OK,22.78,22.3,OK,23.29,22.8,OK,0,0,,0,0,,0,OK,0,OK,0,OK,0,OK,0,OK,0,OK,0,OK,0,,0,,0,OK,0,OK,0,OK,0,OK,0,OK,0,OK,0,OK,0,,0,,,,54.82,OK,,,,54.49,OK,,,,-294.37,OK,,,,-292.25,OK,,,,172.23,OK,,,,173.2,OK,,,,,,,,,,,,,,,,,
2410120267D,ATKINSON 3.8 OCV,DM1P1,2024-10-12 04:18:55,18.984,22.87,OK,27.06,26.97,OK,27.98,27.91,OK,26.2,26,OK,26.56,26.34,OK,26.09,26.09,OK,26.43,26.38,OK,26.34,26.32,OK,0,0,,0,0,,11.33,OK,11.4,OK,11.39,OK,11.42,OK,11.45,OK,11.51,OK,11.45,OK,0,,0,,9.82,OK,10.04,OK,10.09,OK,10.07,OK,10.1,OK,10.06,OK,9.97,OK,0,,0,,,,82.56,OK,,,,82.91,OK,,,,157.32,OK,,,,157.83,OK,,,,36.88,OK,,,,36.89,OK,,,,,,,,,,,,,,,,,
2410120239C,NEW KAPPAEX1.0,CM1P7,2024-10-12 04:19:03,18.691,25.27,OK,21.92,21.69,OK,22.27,21.76,OK,21.69,21.52,OK,21.66,21.31,OK,21.52,21.36,OK,22.01,21.55,OK,22.46,22.04,OK,0,0,,0,0,,5.62,OK,6.66,OK,6.56,OK,6.48,OK,7.04,OK,6.8,OK,6.75,OK,0,,0,,6.2,OK,6.44,OK,6.64,OK,6.48,OK,6.61,OK,6.79,OK,6.89,OK,0,,0,,,,54.82,OK,,,,55.18,OK,,,,-292.68,OK,,,,-293.29,OK,,,,172.7,OK,,,,173.16,OK,,,,,,,,,,,,,,,,,
2410120268D,ATKINSON 3.8 OCV,DM4P3,2024-10-12 04:19:47,18.991,24.23,OK,28.46,28.44,OK,25.75,25.7,OK,25.19,24.73,OK,27.54,27.35,OK,26.7,26.54,OK,27.93,27.81,OK,26.58,26.47,OK,0,0,,0,0,,11.86,OK,12.12,OK,12.09,OK,12.28,OK,12.29,OK,12.21,OK,12.21,OK,0,,0,,12.43,OK,11.64,OK,12.41,OK,12.39,OK,12.33,OK,12.32,OK,12.64,OK,0,,0,,,,82.49,OK,,,,82.04,OK,,,,158.13,OK,,,,158.25,OK,,,,37.72,OK,,,,37.81,OK,,,,,,,,,,,,,,,,,
2410120240C,NEW KAPPAEX1.0,CM2P2,2024-10-12 04:19:52,18.69,26.36,OK,24.55,24.27,OK,22.96,22.61,OK,24.34,23.97,OK,22.94,22.26,OK,22.5,22.36,OK,22.78,22.45,OK,23.06,22.85,OK,0,0,,0,0,,15.36,OK,15.36,OK,15.36,OK,15.36,OK,15.36,OK,15.36,OK,15.36,OK,0,,0,,15.36,OK,15.36,OK,15.36,OK,15.36,OK,15.36,OK,15.36,OK,15.36,OK,0,,0,,,,54.25,OK,,,,55.3,OK,,,,-292.24,OK,,,,-292.54,OK,,,,172.02,OK,,,,173.01,OK,,,,,,,,,,,,,,,,,
2410120269D,ATKINSON 3.8 OCV,DM5P2,2024-10-12 04:20:42,18.986,23.65,OK,22.19,22.14,OK,25.69,25.62,OK,23.42,23.14,OK,22.9,22.84,OK,23.35,23.21,OK,23.42,23.37,OK,24.27,24.09,OK,0,0,,0,0,,2.05,OK,2.6,OK,2.62,OK,2.6,OK,2.65,OK,2.64,OK,2.73,OK,0,,0,,0.79,OK,0.84,OK,0.83,OK,0.84,OK,0.81,OK,0.83,OK,0.83,OK,0,,0,,,,81.37,OK,,,,81.85,OK,,,,157.8,OK,,,,158.29,OK,,,,37.94,OK,,,,37.91,OK,,,,,,,,,,,,,,,,,
2410120270D,ATKINSON 3.8 OCV,DM3P8,2024-10-12 04:21:37,18.998,23.87,OK,28.09,28.02,OK,25.45,25.4,OK,25.17,25.03,OK,23.96,23.89,OK,26.42,26.42,OK,26.1,26.1,OK,25.33,25.31,OK,0,0,,0,0,,11.67,OK,11.7,OK,11.57,OK,11.68,OK,11.73,OK,11.79,OK,11.75,OK,0,,0,,12.82,OK,12.84,OK,12.95,OK,12.78,OK,12.81,OK,12.74,OK,12.8,OK,0,,0,,,,82.07,OK,,,,82.4,OK,,,,157.6,OK,,,,157.99,OK,,,,37,OK,,,,37.61,OK,,,,,,,,,,,,,,,,,
2410120271D,ATKINSON 3.8 OCV,DM1P9,2024-10-12 04:22:29,18.988,24.22,OK,26.45,26.34,OK,27.89,27.87,OK,27.22,26.9,OK,27.26,27.19,OK,25.26,25.19,OK,26.29,26.25,OK,26.56,26.52,OK,0,0,,0,0,,11.32,OK,11.37,OK,11.4,OK,11.42,OK,11.46,OK,11.49,OK,11.5,OK,0,,0,,9.79,OK,10.1,OK,10.1,OK,10.16,OK,10.12,OK,10.15,OK,10.07,OK,0,,0,,,,81.8,OK,,,,81.99,OK,,,,158.17,OK,,,,158.08,OK,,,,38.2,OK,,,,37.71,OK,,,,,,,,,,,,,,,,,
2410120272D,ATKINSON 3.8 OCV,DM4P7,2024-10-12 04:23:25,18.999,24.71,OK,27.44,27.33,OK,25.4,25.29,OK,24.66,24.31,OK,25.84,25.7,OK,24.89,24.82,OK,26.28,26.17,OK,26,25.96,OK,0,0,,0,0,,12.08,OK,12.14,OK,12.13,OK,12.21,OK,12.05,OK,12.2,OK,12.15,OK,0,,0,,12.56,OK,11.69,OK,12.37,OK,12.4,OK,11.8,OK,12.24,OK,12.6,OK,0,,0,,,,81.99,OK,,,,82.55,OK,,,,158.25,OK,,,,158.06,OK,,,,37.53,OK,,,,37.67,OK,,,,,,,,,,,,,,,,,
2410120273D,ATKINSON 3.8 OCV,DM5P5,2024-10-12 04:24:20,18.988,22.72,OK,23.09,22.97,OK,26.48,26.41,OK,23.6,23.23,OK,26.69,26.45,OK,24.85,24.76,OK,25.09,24.95,OK,25.06,24.88,OK,0,0,,0,0,,2.07,OK,2.65,OK,2.61,OK,2.7,OK,2.65,OK,2.62,OK,2.61,OK,0,,0,,0.77,OK,0.82,OK,0.8,OK,0.83,OK,0.82,OK,0.83,OK,0.81,OK,0,,0,,,,81.55,OK,,,,81.15,OK,,,,158.33,OK,,,,158.96,OK,,,,38.4,OK,,,,38.5,OK,,,,,,,,,,,,,,,,,
2410120274D,ATKINSON 3.8 OCV,DM3P4,2024-10-12 04:25:15,18.998,23.46,OK,27.19,27.12,OK,26.1,26.07,OK,26.61,26.35,OK,26.19,26.17,OK,29.74,29.72,OK,27.7,27.63,OK,26.96,26.86,OK,0,0,,0,0,,11.66,OK,11.79,OK,11.81,OK,11.66,OK,11.58,OK,11.77,OK,11.84,OK,0,,0,,12.81,OK,12.77,OK,12.89,OK,12.78,OK,12.77,OK,12.79,OK,12.8,OK,0,,0,,,,81.95,OK,,,,82.37,OK,,,,157.21,OK,,,,157.87,OK,,,,37.4,OK,,,,37.35,OK,,,,,,,,,,,,,,,,,
2410120275D,ATKINSON 3.8 OCV,DM1P1,2024-10-12 04:26:07,18.996,25.21,OK,26.07,25.78,OK,28.61,28.54,OK,26.07,25.82,OK,28.25,28.18,OK,26.52,26.5,OK,27.53,27.51,OK,26.41,26.23,OK,0,0,,0,0,,11.3,OK,11.42,OK,11.42,OK,11.39,OK,11.46,OK,11.5,OK,11.47,OK,0,,0,,9.86,OK,10.14,OK,10.13,OK,10.13,OK,10.17,OK,10.19,OK,10.15,OK,0,,0,,,,82.04,OK,,,,82.3,OK,,,,157.57,OK,,,,158,OK,,,,37.18,OK,,,,37.44,OK,,,,,,,,,,,,,,,,,
2410120276D,ATKINSON 3.8 OCV,DM4P3,2024-10-12 04:27:02,18.992,24.48,OK,25.01,24.89,OK,25.38,25.36,OK,25.8,25.56,OK,26.86,26.68,OK,25.87,25.8,OK,25.94,25.87,OK,25.49,25.49,OK,0,0,,0,0,,11.81,OK,12.13,OK,12.15,OK,12.23,OK,12.13,OK,12.24,OK,12.18,OK,0,,0,,11.73,OK,12.17,OK,12.4,OK,12.42,OK,12.17,OK,12.11,OK,12.51,OK,0,,0,,,,82.42,OK,,,,81.99,OK,,,,158.21,OK,,,,158.4,OK,,,,37.74,OK,,,,37.94,OK,,,,,,,,,,,,,,,,,
2410120277D,ATKINSON 3.8 OCV,DM5P2,2024-10-12 04:27:54,18.999,24.2,OK,23.32,23.23,OK,23.39,23.3,OK,23.76,23.55,OK,24.44,24.18,OK,22.84,22.7,OK,24.06,23.97,OK,23.09,23.02,OK,0,0,,0,0,,2.06,OK,2.63,OK,2.62,OK,2.64,OK,2.67,OK,2.65,OK,2.62,OK,0,,0,,0.81,OK,0.8,OK,0.83,OK,0.86,OK,0.79,OK,0.83,OK,0.82,OK,0,,0,,,,81.06,OK,,,,81.3,OK,,,,157.89,OK,,,,158.46,OK,,,,37.89,OK,,,,37.68,OK,,,,,,,,,,,,,,,,,
2410120278D,ATKINSON 3.8 OCV,DM3P8,2024-10-12 04:28:50,18.999,23.3,OK,29.53,29.46,OK,25.22,25.19,OK,26.38,26.14,OK,25.61,25.59,OK,25.91,25.8,OK,27,26.98,OK,24.89,24.89,OK,0,0,,0,0,,11.71,OK,11.79,OK,11.8,OK,11.66,OK,11.61,OK,11.92,OK,11.67,OK,0,,0,,12.78,OK,12.82,OK,12.91,OK,12.77,OK,12.75,OK,12.76,OK,12.8,OK,0,,0,,,,81.71,OK,,,,81.92,OK,,,,157.9,OK,,,,158.09,OK,,,,37.34,OK,,,,37.49,OK,,,,,,,,,,,,,,,,,
2410120279D,ATKINSON 3.8 OCV,DM1P9,2024-10-12 04:29:42,18.995,23.66,OK,25.71,25.66,OK,27.15,27.1,OK,25.87,25.51,OK,29.83,29.78,OK,27.6,27.58,OK,26.83,26.72,OK,28.12,28.03,OK,0,0,,0,0,,11.27,OK,11.4,OK,11.4,OK,11.39,OK,11.47,OK,11.51,OK,11.49,OK,0,,0,,9.98,OK,10.1,OK,10.12,OK,10.24,OK,10.14,OK,10.09,OK,10.14,OK,0,,0,,,,81.92,OK,,,,82.14,OK,,,,158.09,OK,,,,158.56,OK,,,,38.43,OK,,,,37.82,OK,,,,,,,,,,,,,,,,,
2410120280D,ATKINSON 3.8 OCV,DM4P7,2024-10-12 04:30:37,18.986,22.66,OK,26.12,26.03,OK,23.8,23.73,OK,27.98,27.61,OK,26.98,26.91,OK,27.54,27.54,OK,28.95,28.88,OK,26.91,26.84,OK,0,0,,0,0,,11.95,OK,12.11,OK,12,OK,12.26,OK,12.31,OK,12.3,OK,12.27,OK,0,,0,,12.21,OK,12.5,OK,12.36,OK,12.46,OK,12.22,OK,12.14,OK,12.54,OK,0,,0,,,,82.63,OK,,,,82.76,OK,,,,158.14,OK,,,,158.08,OK,,,,37.72,OK,,,,37.83,OK,,,,,,,,,,,,,,,,,
2410120281D,ATKINSON 3.8 OCV,DM5P5,2024-10-12 04:31:29,18.992,24.38,OK,26.06,25.99,OK,25.71,25.67,OK,24.25,23.95,OK,24.9,24.81,OK,23.23,23.21,OK,24.51,24.39,OK,24.3,24.16,OK,0,0,,0,0,,2.07,OK,2.65,OK,2.63,OK,2.67,OK,2.71,OK,2.68,OK,2.63,OK,0,,0,,0.83,OK,0.84,OK,0.84,OK,0.85,OK,0.89,OK,0.86,OK,0.85,OK,0,,0,,,,81.38,OK,,,,81.8,OK,,,,158.72,OK,,,,159.1,OK,,,,38.28,OK,,,,38.26,OK,,,,,,,,,,,,,,,,,
2410120241C,NEW KAPPAEX1.0,CM3P9,2024-10-12 07:14:46,18.688,26.48,OK,22.97,22.67,OK,22.76,22.27,OK,22.24,21.95,OK,22.85,22.17,OK,22.04,21.72,OK,21.68,20.88,OK,21.52,20.7,OK,0,0,,0,0,,0,OK,0,OK,0,OK,0,OK,0,OK,0,OK,0,OK,0,,0,,0,OK,0,OK,0,OK,0,OK,0,OK,0,OK,0,OK,0,,0,,,,52.26,OK,,,,52.55,OK,,,,-293.27,OK,,,,-292.4,OK,,,,172.9,OK,,,,172.29,OK,,,,,,,,,,,,,,,,,
2410120242C,NEW KAPPAEX1.0,CM4P4,2024-10-12 07:15:38,18.69,27.16,OK,25.86,25.25,OK,24.78,24.52,OK,24.37,23.73,OK,22.21,21.68,OK,23.22,23.18,OK,23.35,22.65,OK,22.56,21.77,OK,0,0,,0,0,,0,OK,0,OK,0,OK,0,OK,0,OK,0,OK,0,OK,0,,0,,0,OK,0,OK,0,OK,0,OK,0,OK,0,OK,0,OK,0,,0,,,,54.5,OK,,,,54.27,OK,,,,-293.23,OK,,,,-293.27,OK,,,,173.06,OK,,,,172.7,OK,,,,,,,,,,,,,,,,,
2410120243C,NEW KAPPAEX1.0,CM1P8,2024-10-12 07:16:27,18.687,25.33,OK,22.32,22.25,OK,20.96,20.31,OK,24.21,24.02,OK,22.06,21.48,OK,21.99,21.69,OK,22.57,22.04,OK,22.99,22.48,OK,0,0,,0,0,,5.59,OK,6.37,OK,6.81,OK,6.56,OK,6.61,OK,6.61,OK,7,OK,0,,0,,6.17,OK,6.73,OK,6.39,OK,6.39,OK,6.63,OK,7.44,OK,6.31,OK,0,,0,,,,54.12,OK,,,,54.05,OK,,,,-292.59,OK,,,,-293.82,OK,,,,174.59,OK,,,,173.61,OK,,,,,,,,,,,,,,,,,
2410120244C,NEW KAPPAEX1.0,CM2P6,2024-10-12 07:17:12,18.688,26.71,OK,23.78,23.57,OK,23.27,23.15,OK,23.87,23.45,OK,23.59,23.38,OK,23.03,22.96,OK,22.78,22.45,OK,24.18,23.9,OK,0,0,,0,0,,15.36,OK,15.36,OK,15.36,OK,15.36,OK,15.36,OK,15.36,OK,15.36,OK,0,,0,,15.36,OK,15.36,OK,15.36,OK,15.36,OK,15.36,OK,15.36,OK,15.36,OK,0,,0,,,,53.51,OK,,,,52.49,OK,,,,-293.06,OK,,,,-292,OK,,,,173.2,OK,,,,173.27,OK,,,,,,,,,,,,,,,,,
2410120245C,NEW KAPPAEX1.0,CM3P1,2024-10-12 07:18:11,18.698,26.88,OK,22.04,21.63,OK,23.46,23.15,OK,23.74,23.4,OK,22.7,22.11,OK,22.24,21.99,OK,21.74,20.95,OK,21.72,20.93,OK,0,0,,0,0,,0,OK,0,OK,0,OK,0,OK,0,OK,0,OK,0,OK,0,,0,,0,OK,0,OK,0,OK,0,OK,0,OK,0,OK,0,OK,0,,0,,,,53.98,OK,,,,53.16,OK,,,,-292.75,OK,,,,-291.4,OK,,,,173.49,OK,,,,173.16,OK,,,,,,,,,,,,,,,,,
2410120246C,NEW KAPPAEX1.0,CM4P3,2024-10-12 07:18:56,18.67,26.01,OK,25.47,24.98,OK,22.83,22.54,OK,24.72,24.01,OK,24.21,23.93,OK,23.88,23.88,OK,23.07,22.41,OK,22.41,21.88,OK,0,0,,0,0,,0,OK,0,OK,0,OK,0,OK,0,OK,0,OK,0,OK,0,,0,,0,OK,0,OK,0,OK,0,OK,0,OK,0,OK,0,OK,0,,0,,,,54.53,OK,,,,53.92,OK,,,,-294.09,OK,,,,-292.2,OK,,,,172.22,OK,,,,173.22,OK,,,,,,,,,,,,,,,,,
2410120282D,ATKINSON 3.8 OCV,DM3P5,2024-10-12 07:19:34,18.988,22.53,OK,24.75,24.64,OK,25.87,25.82,OK,25.42,25.19,OK,23.48,23.43,OK,27.63,27.51,OK,26.7,26.63,OK,26.24,26.21,OK,0,0,,0,0,,11.6,OK,11.82,OK,11.79,OK,11.62,OK,11.65,OK,11.86,OK,11.83,OK,0,,0,,12.77,OK,12.82,OK,12.91,OK,12.78,OK,12.8,OK,12.75,OK,12.81,OK,0,,0,,,,82.05,OK,,,,82.38,OK,,,,157.39,OK,,,,158.14,OK,,,,37.4,OK,,,,37.49,OK,,,,,,,,,,,,,,,,,
2410120247C,NEW KAPPAEX1.0,CM1P7,2024-10-12 07:20:27,18.685,25.33,OK,23.39,23.34,OK,21.43,20.75,OK,22.74,22.41,OK,21.99,21.64,OK,22.32,22.08,OK,22.95,22.41,OK,22.46,21.9,OK,0,0,,0,0,,5.59,OK,6.67,OK,6.51,OK,6.44,OK,6.56,OK,7.21,OK,6.7,OK,0,,0,,6.06,OK,6.5,OK,6.43,OK,7.05,OK,6.82,OK,6.53,OK,6.6,OK,0,,0,,,,54.26,OK,,,,55.73,OK,,,,-292.22,OK,,,,-293.96,OK,,,,173.77,OK,,,,173.23,OK,,,,,,,,,,,,,,,,,
2410120283D,ATKINSON 3.8 OCV,DM1P1,2024-10-12 07:20:29,18.994,25.4,OK,28.77,28.52,OK,27.44,27.37,OK,25.89,25.48,OK,26.16,26.09,OK,25.96,25.89,OK,25.24,25.15,OK,25.26,25.26,OK,0,0,,0,0,,11.34,OK,11.35,OK,11.37,OK,11.42,OK,11.47,OK,11.47,OK,11.46,OK,0,,0,,9.96,OK,10.09,OK,10.06,OK,10.04,OK,10.12,OK,10.09,OK,10.1,OK,0,,0,,,,82.31,OK,,,,82.41,OK,,,,157.55,OK,,,,157.89,OK,,,,37.09,OK,,,,37.31,OK,,,,,,,,,,,,,,,,,
2410120248C,NEW KAPPAEX1.0,CM2P2,2024-10-12 07:21:13,18.691,26.26,OK,24.76,24.5,OK,21.75,21.49,OK,24.13,23.83,OK,24.29,24.08,OK,23.27,23.17,OK,21.98,21.75,OK,23.85,23.62,OK,0,0,,0,0,,15.36,OK,15.36,OK,15.36,OK,15.36,OK,15.36,OK,15.36,OK,15.36,OK,0,,0,,15.36,OK,15.36,OK,15.36,OK,15.36,OK,15.36,OK,15.36,OK,15.36,OK,0,,0,,,,54.51,OK,,,,54.84,OK,,,,-292.43,OK,,,,-292.61,OK,,,,172.27,OK,,,,173.01,OK,,,,,,,,,,,,,,,,,
2410120284D,ATKINSON 3.8 OCV,DM4P3,2024-10-12 07:21:21,18.988,23.31,OK,26.61,26.52,OK,26.35,26.33,OK,25.63,25.29,OK,27.37,27.26,OK,28.32,28.21,OK,28.09,28.09,OK,27.23,27.23,OK,0,0,,0,0,,12,OK,12.14,OK,12.1,OK,12.26,OK,12.3,OK,12.31,OK,12.28,OK,0,,0,,12.26,OK,12.28,OK,12.35,OK,12.44,OK,12.28,OK,11.77,OK,12.48,OK,0,,0,,,,82.89,OK,,,,82.2,OK,,,,158.27,OK,,,,158.2,OK,,,,37.7,OK,,,,37.87,OK,,,,,,,,,,,,,,,,,
2410120249C,NEW KAPPAEX1.0,CM3P9,2024-10-12 07:21:58,18.695,25.87,OK,23.08,22.74,OK,23.19,22.65,OK,22.42,21.95,OK,23.19,22.74,OK,22.81,22.42,OK,22.24,21.45,OK,22.65,21.65,OK,0,0,,0,0,,0,OK,0,OK,0,OK,0,OK,0,OK,0,OK,0,OK,0,,0,,0,OK,0,OK,0,OK,0,OK,0,OK,0,OK,0,OK,0,,0,,,,53.12,OK,,,,52.38,OK,,,,-292.56,OK,,,,-292.51,OK,,,,172.9,OK,,,,171.98,OK,,,,,,,,,,,,,,,,,
2410120285D,ATKINSON 3.8 OCV,DM5P2,2024-10-12 07:22:16,18.986,24.63,OK,26.15,26.11,OK,25.53,25.46,OK,24.48,24.37,OK,24.46,24.37,OK,25.74,25.69,OK,23.74,23.65,OK,24.74,24.62,OK,0,0,,0,0,,2.05,OK,2.64,OK,2.63,OK,2.64,OK,2.66,OK,2.67,OK,2.65,OK,0,,0,,0.82,OK,0.81,OK,0.83,OK,0.85,OK,0.82,OK,0.82,OK,0.87,OK,0,,0,,,,81.26,OK,,,,82.67,OK,,,,157.97,OK,,,,158.54,OK,,,,37.89,OK,,,,37.86,OK,,,,,,,,,,,,,,,,,
2410120250C,NEW KAPPAEX1.0,CM4P4,2024-10-12 07:22:47,18.698,26.01,OK,24.28,23.86,OK,22.87,22.52,OK,24.39,23.99,OK,22.87,22.47,OK,24.06,23.97,OK,23.29,22.45,OK,22.58,22.14,OK,0,0,,0,0,,0,OK,0,OK,0,OK,0,OK,0,OK,0,OK,0,OK,0,,0,,0,OK,0,OK,0,OK,0,OK,0,OK,0,OK,0,OK,0,,0,,,,53.73,OK,,,,54.05,OK,,,,-294.07,OK,,,,-292.54,OK,,,,172.85,OK,,,,172.18,OK,,,,,,,,,,,,,,,,,
2410120286D,ATKINSON 3.8 OCV,DM3P8,2024-10-12 07:23:11,18.999,23.38,OK,25.68,25.63,OK,24.64,24.61,OK,26.17,26.03,OK,23.38,23.34,OK,26.35,26.33,OK,26.61,26.58,OK,26.93,26.93,OK,0,0,,0,0,,11.68,OK,12.07,OK,11.77,OK,11.66,OK,11.61,OK,11.82,OK,11.65,OK,0,,0,,12.77,OK,12.86,OK,12.91,OK,12.78,OK,12.78,OK,12.77,OK,12.8,OK,0,,0,,,,81.26,OK,,,,81.82,OK,,,,157.99,OK,,,,158.19,OK,,,,37.32,OK,,,,38.01,OK,,,,,,,,,,,,,,,,,
2410120251C,NEW KAPPAEX1.0,CM1P8,2024-10-12 07:23:33,18.693,26.51,OK,25.54,25.35,OK,21.85,21.24,OK,23.41,23.27,OK,21.71,21.45,OK,23.67,23.67,OK,22.64,22.32,OK,22.15,21.85,OK,0,0,,0,0,,5.77,OK,6.5,OK,6.47,OK,6.47,OK,7.11,OK,6.9,OK,6.66,OK,0,,0,,6.09,OK,6.59,OK,6.71,OK,7.26,OK,6.77,OK,6.75,OK,6.63,OK,0,,0,,,,53.69,OK,,,,53.71,OK,,,,-293.01,OK,,,,-294.74,OK,,,,173.28,OK,,,,174.09,OK,,,,,,,,,,,,,,,,,
2410120287D,ATKINSON 3.8 OCV,DM1P9,2024-10-12 07:24:03,18.993,23.25,OK,26.2,26.05,OK,27.78,27.73,OK,25.35,24.97,OK,25.82,25.64,OK,27.13,27.08,OK,25.19,25.01,OK,24.92,24.9,OK,0,0,,0,0,,11.33,OK,11.43,OK,11.43,OK,11.42,OK,11.53,OK,11.47,OK,11.43,OK,0,,0,,9.92,OK,10.1,OK,10.17,OK,10.1,OK,10.11,OK,10.12,OK,10.1,OK,0,,0,,,,81.79,OK,,,,82.02,OK,,,,158.16,OK,,,,158.28,OK,,,,38.42,OK,,,,38.01,OK,,,,,,,,,,,,,,,,,
2410120252C,NEW KAPPAEX1.0,CM2P6,2024-10-12 07:24:21,18.677,26.18,OK,23.06,22.96,OK,23.15,22.94,OK,23.8,23.45,OK,23.01,22.82,OK,22.94,22.92,OK,23.13,22.75,OK,22.68,22.36,OK,0,0,,0,0,,15.36,OK,15.36,OK,15.36,OK,15.36,OK,15.36,OK,15.36,OK,15.36,OK,0,,0,,15.36,OK,15.36,OK,15.36,OK,15.36,OK,15.36,OK,15.36,OK,15.36,OK,0,,0,,,,54.18,OK,,,,54.05,OK,,,,-293.04,OK,,,,-292,OK,,,,173.47,OK,,,,173.03,OK,,,,,,,,,,,,,,,,,
2410120288D,ATKINSON 3.8 OCV,DM4P7,2024-10-12 07:24:59,18.99,23.8,OK,24.94,24.78,OK,24.1,24.01,OK,25.03,24.75,OK,25.91,25.84,OK,26.52,26.47,OK,25.75,25.7,OK,24.94,24.87,OK,0,0,,0,0,,11.93,OK,12.13,OK,12.13,OK,12.24,OK,12.31,OK,12.31,OK,12.23,OK,0,,0,,12.23,OK,12.51,OK,12.38,OK,12.44,OK,12.42,OK,12.48,OK,12.22,OK,0,,0,,,,82.2,OK,,,,82.72,OK,,,,158.02,OK,,,,157.8,OK,,,,37.45,OK,,,,37.55,OK,,,,,,,,,,,,,,,,,
2410120253C,NEW KAPPAEX1.0,CM3P1,2024-10-12 07:25:07,18.677,26.18,OK,23.13,22.74,OK,21.93,21.65,OK,22.58,22.31,OK,22.97,22.27,OK,22.15,21.86,OK,21.65,20.98,OK,20.66,20.16,OK,0,0,,0,0,,0,OK,0,OK,0,OK,0,OK,0,OK,0,OK,0,OK,0,,0,,0,OK,0,OK,0,OK,0,OK,0,OK,0,OK,0,OK,0,,0,,,,53.74,OK,,,,54.03,OK,,,,-292.52,OK,,,,-290.96,OK,,,,172.25,OK,,,,171.78,OK,,,,,,,,,,,,,,,,,
2410120255C,NEW KAPPAEX1.0,CM1P7,2024-10-12 07:25:52,18.685,25.83,OK,21.59,21.27,OK,20.73,20.15,OK,22.25,22.11,OK,21.38,20.94,OK,22.08,21.87,OK,22.81,22.29,OK,23.81,23.32,OK,0,0,,0,0,,5.68,OK,6.5,OK,6.37,OK,6.71,OK,6.64,OK,6.58,OK,7.23,OK,0,,0,,6.13,OK,6.62,OK,6.38,OK,6.57,OK,7.04,OK,7.19,OK,6.37,OK,0,,0,,,,54.35,OK,,,,55.5,OK,,,,-292.79,OK,,,,-293.58,OK,,,,172.85,OK,,,,173.24,OK,,,,,,,,,,,,,,,,,
2410120289D,ATKINSON 3.8 OCV,DM5P5,2024-10-12 07:25:54,18.997,24.98,OK,24.95,24.85,OK,23.93,23.86,OK,24.02,23.76,OK,23.3,23.16,OK,23.51,23.37,OK,25.02,24.9,OK,24.27,24.16,OK,0,0,,0,0,,2.08,OK,2.58,OK,2.66,OK,2.56,OK,2.77,OK,2.67,OK,2.64,OK,0,,0,,0.82,OK,0.81,OK,0.85,OK,0.8,OK,0.8,OK,0.86,OK,0.83,OK,0,,0,,,,81.19,OK,,,,81.09,OK,,,,158.4,OK,,,,158.71,OK,,,,38.24,OK,,,,38.16,OK,,,,,,,,,,,,,,,,,
2410120256C,NEW KAPPAEX1.0,CM2P2,2024-10-12 07:26:41,18.697,25.96,OK,24.2,23.99,OK,23.27,22.78,OK,25.09,24.74,OK,23.34,23.13,OK,22.94,22.89,OK,21.12,20.86,OK,23.15,22.82,OK,0,0,,0,0,,15.36,OK,15.36,OK,15.36,OK,15.36,OK,15.36,OK,15.36,OK,15.36,OK,0,,0,,15.36,OK,15.36,OK,15.36,OK,15.36,OK,15.36,OK,15.36,OK,15.36,OK,0,,0,,,,54.08,OK,,,,54.37,OK,,,,-292.52,OK,,,,-292.13,OK,,,,173.57,OK,,,,172.63,OK,,,,,,,,,,,,,,,,,
2410120290D,ATKINSON 3.8 OCV,DM3P4,2024-10-12 07:26:46,18.996,23.88,OK,26.35,26.33,OK,25.89,25.82,OK,24.91,24.57,OK,25.17,25.12,OK,27.91,27.84,OK,26.54,26.49,OK,28.19,28.19,OK,0,0,,0,0,,11.62,OK,11.64,OK,11.8,OK,11.7,OK,11.66,OK,11.81,OK,11.62,OK,0,,0,,12.78,OK,12.82,OK,12.79,OK,12.79,OK,12.91,OK,12.89,OK,12.81,OK,0,,0,,,,82.46,OK,,,,82.09,OK,,,,157.56,OK,,,,158.11,OK,,,,37.38,OK,,,,37.39,OK,,,,,,,,,,,,,,,,,
2410120257C,NEW KAPPAEX1.0,CM3P9,2024-10-12 07:27:27,18.689,27.1,OK,21.54,21.27,OK,21.61,21.27,OK,22.63,22.22,OK,23.31,22.63,OK,21.74,21.5,OK,21.68,20.84,OK,22.79,21.86,OK,0,0,,0,0,,0,OK,0,OK,0,OK,0,OK,0,OK,0,OK,0,OK,0,,0,,0,OK,0,OK,0,OK,0,OK,0,OK,0,OK,0,OK,0,,0,,,,53.58,OK,,,,53.23,OK,,,,-293.04,OK,,,,-292.18,OK,,,,172.9,OK,,,,171.01,OK,,,,,,,,,,,,,,,,,
2410120291D,ATKINSON 3.8 OCV,DM1P1,2024-10-12 07:27:38,18.991,23.73,OK,29.4,29.15,OK,27.28,27.17,OK,26.59,26.2,OK,28.61,28.59,OK,26.27,26.2,OK,26.56,26.45,OK,25.75,25.64,OK,0,0,,0,0,,11.29,OK,11.4,OK,11.42,OK,11.38,OK,11.5,OK,11.51,OK,11.5,OK,0,,0,,10.05,OK,10.18,OK,10.16,OK,10.15,OK,10.11,OK,10.08,OK,10.11,OK,0,,0,,,,82.02,OK,,,,81.97,OK,,,,157.95,OK,,,,158.34,OK,,,,37.63,OK,,,,37.7,OK,,,,,,,,,,,,,,,,,
2410120254C,NEW KAPPAEX1.0,CM4P3,2024-10-12 07:28:12,18.694,26.82,OK,25.88,25.14,OK,23.82,23.64,OK,24.43,24.06,OK,22.23,21.99,OK,23.95,23.86,OK,23.31,22.74,OK,22.54,21.99,OK,0,0,,0,0,,0,OK,0,OK,0,OK,0,OK,0,OK,0,OK,0,OK,0,,0,,0,OK,0,OK,0,OK,0,OK,0,OK,0,OK,0,OK,0,,0,,,,55.22,OK,,,,54.07,OK,,,,-293.45,OK,,,,-292.19,OK,,,,171.67,OK,,,,173.18,OK,,,,,,,,,,,,,,,,,
2410120292D,ATKINSON 3.8 OCV,DM4P3,2024-10-12 07:28:30,18.994,23.72,OK,26.24,26.14,OK,24.26,24.17,OK,25.1,24.73,OK,26.26,25.87,OK,26.38,26.21,OK,26.84,26.7,OK,27,26.96,OK,0,0,,0,0,,11.98,OK,12.13,OK,12.11,OK,12.28,OK,12.3,OK,12.27,OK,12.23,OK,0,,0,,12.53,OK,12.42,OK,12.32,OK,12.39,OK,12.49,OK,12.5,OK,12.44,OK,0,,0,,,,82.58,OK,,,,81.96,OK,,,,158.45,OK,,,,158.43,OK,,,,37.71,OK,,,,37.93,OK,,,,,,,,,,,,,,,,,
2410120259C,NEW KAPPAEX1.0,CM2P8,2024-10-12 07:28:58,18.696,26.87,OK,22.75,22.57,OK,22.57,22.12,OK,24.32,23.99,OK,21.82,21.63,OK,22.64,22.59,OK,22.38,22.01,OK,22.8,22.52,OK,0,0,,0,0,,15.36,OK,15.36,OK,15.36,OK,15.36,OK,15.36,OK,15.36,OK,15.36,OK,0,,0,,15.36,OK,15.36,OK,15.36,OK,15.36,OK,15.36,OK,15.36,OK,15.36,OK,0,,0,,,,53.39,OK,,,,53.48,OK,,,,-291.82,OK,,,,-292.11,OK,,,,171.1,OK,,,,171.05,OK,,,,,,,,,,,,,,,,,
2410120293D,ATKINSON 3.8 OCV,DM5P2,2024-10-12 07:29:25,18.994,23.31,OK,22.21,22.16,OK,23.62,23.58,OK,22.84,22.63,OK,23.21,23.09,OK,24.06,23.9,OK,23.72,23.55,OK,25.78,25.6,OK,0,0,,0,0,,2.1,OK,2.59,OK,2.58,OK,2.61,OK,2.61,OK,2.67,OK,2.67,OK,0,,0,,0.78,OK,0.84,OK,0.89,OK,0.83,OK,0.84,OK,0.85,OK,0.83,OK,0,,0,,,,81.91,OK,,,,81.63,OK,,,,157.36,OK,,,,158.68,OK,,,,38.15,OK,,,,38.08,OK,,,,,,,,,,,,,,,,,
2410120294D,ATKINSON 3.8 OCV,DM3P8,2024-10-12 07:30:21,18.996,25.28,OK,28.49,28.44,OK,26.19,26.14,OK,25.63,25.45,OK,23.57,23.48,OK,26.79,26.75,OK,26.26,26.21,OK,26.31,26.28,OK,0,0,,0,0,,11.31,OK,11.48,OK,11.55,OK,11.68,OK,11.63,OK,11.61,OK,11.6,OK,0,,0,,12.9,OK,12.92,OK,12.81,OK,12.8,OK,12.68,OK,12.81,OK,12.8,OK,0,,0,,,,81.94,OK,,,,81.85,OK,,,,158.08,OK,,,,158.32,OK,,,,37.48,OK,,,,37.48,OK,,,,,,,,,,,,,,,,,
2410120295D,ATKINSON 3.8 OCV,DM1P9,2024-10-12 07:31:13,18.996,22.5,OK,24.4,24.27,OK,25.84,25.78,OK,25.15,24.92,OK,26.41,26.32,OK,26.77,26.63,OK,25.53,25.42,OK,26.5,26.43,OK,0,0,,0,0,,11.27,OK,11.36,OK,11.35,OK,11.41,OK,11.51,OK,11.43,OK,11.45,OK,0,,0,,9.76,OK,9.88,OK,9.96,OK,10.09,OK,10.08,OK,10.09,OK,10.04,OK,0,,0,,,,82.06,OK,,,,82.28,OK,,,,157.74,OK,,,,158.01,OK,,,,37.9,OK,,,,37.41,OK,,,,,,,,,,,,,,,,,
2410120296D,ATKINSON 3.8 OCV,DM4P7,2024-10-12 07:32:08,18.996,24.78,OK,23.96,23.94,OK,24.15,24.08,OK,25.54,25.38,OK,25.7,25.66,OK,25.24,25.17,OK,26.33,26.17,OK,26.21,26.17,OK,0,0,,0,0,,12.08,OK,12.27,OK,12.24,OK,12.3,OK,12.3,OK,12.27,OK,12.3,OK,0,,0,,12.38,OK,12.55,OK,12.45,OK,11.73,OK,12.36,OK,12.48,OK,12.49,OK,0,,0,,,,82.33,OK,,,,82.73,OK,,,,157.86,OK,,,,158,OK,,,,37.68,OK,,,,37.62,OK,,,,,,,,,,,,,,,,,
2410120297D,ATKINSON 3.8 OCV,DM5P5,2024-10-12 07:33:00,18.994,23.7,OK,23.62,23.53,OK,24.95,24.88,OK,23.72,23.39,OK,24.64,24.48,OK,24.58,24.48,OK,25.2,25.16,OK,24.48,24.39,OK,0,0,,0,0,,2.06,OK,2.62,OK,2.62,OK,2.64,OK,2.65,OK,2.62,OK,2.6,OK,0,,0,,0.8,OK,0.82,OK,0.83,OK,0.81,OK,0.86,OK,0.89,OK,0.85,OK,0,,0,,,,81.2,OK,,,,81.65,OK,,,,158.23,OK,,,,158.7,OK,,,,38.28,OK,,,,38.25,OK,,,,,,,,,,,,,,,,,
2410120298D,ATKINSON 3.8 OCV,DM3P4,2024-10-12 07:33:55,18.995,23.88,OK,25.66,25.45,OK,25.61,25.56,OK,24.94,24.57,OK,23.89,23.85,OK,26.86,26.82,OK,25.61,25.52,OK,26.4,26.35,OK,0,0,,0,0,,11.62,OK,11.39,OK,11.4,OK,11.65,OK,11.68,OK,11.65,OK,11.73,OK,0,,0,,12.8,OK,12.84,OK,12.79,OK,12.78,OK,12.8,OK,12.81,OK,12.81,OK,0,,0,,,,81.91,OK,,,,82.26,OK,,,,157.17,OK,,,,158.02,OK,,,,37.3,OK,,,,37.55,OK,,,,,,,,,,,,,,,,,
2410120299D,ATKINSON 3.8 OCV,DM1P1,2024-10-12 07:34:47,18.994,25.58,OK,25.82,25.64,OK,26.2,26.14,OK,25.69,25.39,OK,27.31,27.24,OK,25.64,25.48,OK,26.36,26.23,OK,25.98,25.98,OK,0,0,,0,0,,11.35,OK,11.34,OK,11.36,OK,11.42,OK,11.48,OK,11.51,OK,11.45,OK,0,,0,,9.87,OK,10.13,OK,10.06,OK,10.07,OK,10.1,OK,10.15,OK,10.11,OK,0,,0,,,,82.23,OK,,,,82.39,OK,,,,157.46,OK,,,,157.98,OK,,,,37.14,OK,,,,37.32,OK,,,,,,,,,,,,,,,,,
2410120265D,ATKINSON 3.8 OCV,DM2P6,2024-10-12 07:35:42,18.996,24.21,OK,28.24,28.16,OK,26.4,26.35,OK,25.14,25.01,OK,27.12,27.12,OK,28.55,28.55,OK,25.26,25.18,OK,26.1,26.06,OK,0,0,,0,0,,10.88,OK,10.83,OK,10.81,OK,10.81,OK,10.82,OK,10.8,OK,10.8,OK,0,,0,,10.33,OK,10.3,OK,10.35,OK,10.17,OK,10.18,OK,10.19,OK,10.16,OK,0,,0,,,,82.53,OK,,,,82.7,OK,,,,157.46,OK,,,,156.89,OK,,,,37.73,OK,,,,38.28,OK,,,,,,,,,,,,,,,,,
2410120302D,ATKINSON 3.8 OCV,DM3P8,2024-10-12 07:36:34,18.994,24.86,OK,27.72,27.68,OK,27.7,27.61,OK,25.59,25.38,OK,24.59,24.57,OK,26.49,26.47,OK,25.26,25.24,OK,25.49,25.49,OK,0,0,,0,0,,11.63,OK,11.59,OK,11.65,OK,11.64,OK,11.71,OK,11.69,OK,11.73,OK,0,,0,,12.82,OK,12.86,OK,12.95,OK,12.78,OK,12.78,OK,12.79,OK,12.78,OK,0,,0,,,,81.68,OK,,,,81.78,OK,,,,157.96,OK,,,,158.31,OK,,,,37.51,OK,,,,37.96,OK,,,,,,,,,,,,,,,,,
2410120300D,ATKINSON 3.8 OCV,DM4P3,2024-10-12 07:37:29,18.996,22.56,OK,26.1,26,OK,25.12,25.03,OK,25.36,25.12,OK,27.42,27.26,OK,26.82,26.61,OK,26.7,26.65,OK,25.84,25.73,OK,0,0,,0,0,,12.05,OK,12.14,OK,12.2,OK,12.3,OK,12.32,OK,12.24,OK,12.29,OK,0,,0,,12.33,OK,12.32,OK,12.41,OK,11.65,OK,12.34,OK,12.31,OK,12.6,OK,0,,0,,,,82.24,OK,,,,81.99,OK,,,,158.4,OK,,,,158.47,OK,,,,37.8,OK,,,,37.75,OK,,,,,,,,,,,,,,,,,
2410120301D,ATKINSON 3.8 OCV,DM5P2,2024-10-12 07:38:25,18.992,26.48,OK,24.37,24.32,OK,24.69,24.6,OK,24.23,23.95,OK,23.39,23.28,OK,24.09,23.93,OK,23.72,23.55,OK,24.74,24.6,OK,0,0,,0,0,,2.09,OK,2.75,OK,2.67,OK,2.61,OK,2.72,OK,2.67,OK,2.62,OK,0,,0,,0.81,OK,0.83,OK,0.82,OK,0.84,OK,0.85,OK,0.88,OK,0.87,OK,0,,0,,,,82.07,OK,,,,81.45,OK,,,,158.29,OK,,,,158.77,OK,,,,38.08,OK,,,,37.94,OK,,,,,,,,,,,,,,,,,
2410120303D,ATKINSON 3.8 OCV,DM1P9,2024-10-12 07:39:17,18.986,24.01,OK,25.71,25.6,OK,27.98,27.98,OK,26.14,25.8,OK,27.96,27.67,OK,27.17,27.13,OK,27.37,27.33,OK,26.92,26.88,OK,0,0,,0,0,,11.35,OK,11.42,OK,11.39,OK,11.44,OK,11.51,OK,11.45,OK,11.51,OK,0,,0,,10,OK,10.05,OK,10.14,OK,10.17,OK,10.23,OK,10.19,OK,10.13,OK,0,,0,,,,82.05,OK,,,,82.25,OK,,,,157.91,OK,,,,158.14,OK,,,,37.79,OK,,,,37.76,OK,,,,,,,,,,,,,,,,,
2410120304D,ATKINSON 3.8 OCV,DM2P1,2024-10-12 07:40:09,18.987,24.38,OK,26.83,26.78,OK,24.77,24.65,OK,24.85,24.63,OK,26.06,25.98,OK,26.76,26.73,OK,25.64,25.6,OK,23.88,23.8,OK,0,0,,0,0,,11.4,OK,10.82,OK,10.79,OK,10.71,OK,10.8,OK,10.94,OK,10.8,OK,0,,0,,10.29,OK,10.31,OK,10.18,OK,10.22,OK,10.22,OK,10.2,OK,10.17,OK,0,,0,,,,81.9,OK,,,,82.51,OK,,,,157.48,OK,,,,158.37,OK,,,,37.87,OK,,,,37.9,OK,,,,,,,,,,,,,,,,,
2410120305D,ATKINSON 3.8 OCV,DM3P4,2024-10-12 07:41:04,18.987,22.42,OK,28.16,28.16,OK,25.87,25.87,OK,24.43,24.13,OK,25.03,25.01,OK,26.93,26.89,OK,26.05,26.05,OK,26.47,26.38,OK,0,0,,0,0,,11.47,OK,11.79,OK,11.58,OK,11.75,OK,11.78,OK,11.65,OK,11.63,OK,0,,0,,12.92,OK,12.88,OK,12.85,OK,12.87,OK,12.88,OK,12.92,OK,12.9,OK,0,,0,,,,81.68,OK,,,,81.94,OK,,,,157.65,OK,,,,158.19,OK,,,,37.43,OK,,,,37.19,OK,,,,,,,,,,,,,,,,,
2410120306D,ATKINSON 3.8 OCV,DM4P7,2024-10-12 07:41:56,18.992,24.68,OK,25.05,24.91,OK,24.8,24.66,OK,25.31,24.89,OK,25.77,25.7,OK,26.38,26.28,OK,25.61,25.56,OK,26.56,26.47,OK,0,0,,0,0,,12.23,OK,12.3,OK,12.47,OK,12.11,OK,12.07,OK,12.16,OK,12.48,OK,0,,0,,12.46,OK,12.53,OK,12.47,OK,12.47,OK,12.48,OK,12.4,OK,12.66,OK,0,,0,,,,82.48,OK,,,,82.69,OK,,,,157.66,OK,,,,157.9,OK,,,,37.5,OK,,,,37.69,OK,,,,,,,,,,,,,,,,,
2410120307D,ATKINSON 3.8 OCV,DM5P5,2024-10-12 07:42:51,18.988,24.28,OK,23.9,23.83,OK,26.25,26.08,OK,23.28,22.95,OK,23.09,22.93,OK,23.53,23.46,OK,24.55,24.51,OK,24.71,24.64,OK,0,0,,0,0,,2.08,OK,2.66,OK,2.64,OK,2.7,OK,2.71,OK,2.68,OK,2.64,OK,0,,0,,0.82,OK,0.82,OK,0.84,OK,0.84,OK,0.84,OK,0.86,OK,0.85,OK,0,,0,,,,81.65,OK,,,,82.12,OK,,,,158.13,OK,,,,158.82,OK,,,,38.26,OK,,,,38.13,OK,,,,,,,,,,,,,,,,,
2410120308D,ATKINSON 3.8 OCV,DM1P3,2024-10-12 07:43:50,18.99,22.65,OK,24.76,24.67,OK,28.61,28.32,OK,27.22,26.86,OK,27.15,26.74,OK,26.25,26.2,OK,26.86,26.74,OK,27.26,27.22,OK,0,0,,0,0,,11.36,OK,11.44,OK,11.41,OK,11.43,OK,11.46,OK,11.5,OK,11.45,OK,0,,0,,9.85,OK,9.88,OK,10.08,OK,9.96,OK,10.1,OK,10.04,OK,10.11,OK,0,,0,,,,82.97,OK,,,,82.75,OK,,,,157.49,OK,,,,157.64,OK,,,,37.27,OK,,,,37.32,OK,,,,,,,,,,,,,,,,,
2410120309D,ATKINSON 3.8 OCV,DM2P2,2024-10-12 07:44:45,18.985,24.5,OK,28.38,28.28,OK,23.83,23.78,OK,22.37,22.2,OK,26.64,26.54,OK,25.06,25.04,OK,24.46,24.34,OK,24.02,24.02,OK,0,0,,0,0,,11.29,OK,10.8,OK,10.79,OK,10.81,OK,10.84,OK,10.83,OK,10.8,OK,0,,0,,10.22,OK,10.17,OK,10.16,OK,10.18,OK,10.16,OK,10.17,OK,10.15,OK,0,,0,,,,82.18,OK,,,,82.55,OK,,,,157.53,OK,,,,157.85,OK,,,,37.76,OK,,,,37.49,OK,,,,,,,,,,,,,,,,,
2410120310D,ATKINSON 3.8 OCV,DM3P8,2024-10-12 07:45:37,18.996,22.95,OK,26.86,26.75,OK,26.79,26.79,OK,24.31,24.13,OK,25.24,25.12,OK,27.23,27.16,OK,26.68,26.61,OK,26.35,26.26,OK,0,0,,0,0,,11.68,OK,11.76,OK,11.73,OK,11.77,OK,11.72,OK,11.71,OK,11.76,OK,0,,0,,12.82,OK,12.77,OK,12.64,OK,12.62,OK,12.85,OK,12.6,OK,12.6,OK,0,,0,,,,82.43,OK,,,,82.6,OK,,,,156.84,OK,,,,157.39,OK,,,,36.61,OK,,,,37.02,OK,,,,,,,,,,,,,,,,,
2410120311D,ATKINSON 3.8 OCV,DM4P6,2024-10-12 07:46:29,18.996,24.38,OK,23.78,23.71,OK,23.85,23.8,OK,24.1,23.92,OK,24.43,24.4,OK,24.82,24.71,OK,25.26,25.05,OK,24.78,24.75,OK,0,0,,0,0,,12.11,OK,12.3,OK,12.22,OK,12.38,OK,12.34,OK,12.27,OK,12.42,OK,0,,0,,12.43,OK,12.49,OK,12.48,OK,12.48,OK,12.51,OK,12.39,OK,12.4,OK,0,,0,,,,83.12,OK,,,,83.24,OK,,,,157.19,OK,,,,156.77,OK,,,,36.99,OK,,,,37.17,OK,,,,,,,,,,,,,,,,,
2410120312D,ATKINSON 3.8 OCV,DM5P9,2024-10-12 07:47:24,18.994,23.65,OK,24.25,24.18,OK,24.6,24.53,OK,24.02,23.72,OK,23.46,23.35,OK,23.93,23.81,OK,23.42,23.23,OK,23.44,23.3,OK,0,0,,0,0,,2.14,OK,2.63,OK,2.63,OK,2.65,OK,2.68,OK,2.66,OK,2.63,OK,0,,0,,0.82,OK,0.79,OK,0.84,OK,0.84,OK,0.79,OK,0.82,OK,0.84,OK,0,,0,,,,82.48,OK,,,,82.56,OK,,,,158.09,OK,,,,158.54,OK,,,,38.11,OK,,,,37.57,OK,,,,,,,,,,,,,,,,,
2410120313D,ATKINSON 3.8 OCV,DM1P1,2024-10-12 07:48:19,18.995,25.21,OK,25.91,25.78,OK,26.45,26.41,OK,26,25.73,OK,27.19,26.97,OK,26.25,26.11,OK,25.01,24.92,OK,25.78,25.69,OK,0,0,,0,0,,11.47,OK,11.42,OK,11.4,OK,11.7,OK,11.56,OK,11.63,OK,11.41,OK,0,,0,,9.97,OK,10.02,OK,10.06,OK,10.09,OK,10.18,OK,10.17,OK,10.11,OK,0,,0,,,,83.16,OK,,,,83.43,OK,,,,156.56,OK,,,,157.08,OK,,,,36.19,OK,,,,36.4,OK,,,,,,,,,,,,,,,,,
2410120314D,ATKINSON 3.8 OCV,DM2P4,2024-10-12 07:49:15,18.987,24.63,OK,29.3,29.21,OK,24.29,24.26,OK,24.68,24.46,OK,27.44,27.41,OK,25.6,25.57,OK,25.18,25.16,OK,25.11,25.09,OK,0,0,,0,0,,10.68,OK,10.77,OK,10.8,OK,10.82,OK,10.8,OK,10.81,OK,10.8,OK,0,,0,,10.22,OK,10.23,OK,10.2,OK,10.22,OK,10.31,OK,10.2,OK,10.17,OK,0,,0,,,,82.59,OK,,,,82.86,OK,,,,156.87,OK,,,,157.55,OK,,,,37.05,OK,,,,37.13,OK,,,,,,,,,,,,,,,,,
2410120315D,ATKINSON 3.8 OCV,DM3P7,2024-10-12 07:50:03,18.994,23.87,OK,26.89,26.86,OK,26.28,26.24,OK,25.47,25.05,OK,24.47,24.4,OK,27.54,27.47,OK,26.98,26.86,OK,25.91,25.89,OK,0,0,,0,0,,11.65,OK,11.65,OK,11.48,OK,11.64,OK,11.7,OK,11.75,OK,11.68,OK,0,,0,,12.86,OK,12.8,OK,12.65,OK,12.62,OK,12.85,OK,12.6,OK,12.65,OK,0,,0,,,,82.94,OK,,,,83.39,OK,,,,156.98,OK,,,,157.17,OK,,,,36.72,OK,,,,37.03,OK,,,,,,,,,,,,,,,,,
2410120316D,ATKINSON 3.8 OCV,DM4P5,2024-10-12 07:50:59,18.986,23.66,OK,25.19,25.1,OK,25.73,25.63,OK,24.78,24.54,OK,25.96,25.89,OK,25.4,25.38,OK,24.87,24.84,OK,25.36,25.33,OK,0,0,,0,0,,12.12,OK,12.3,OK,12.27,OK,12.31,OK,12.31,OK,12.3,OK,12.48,OK,0,,0,,12.47,OK,12.44,OK,12.48,OK,12.43,OK,12.48,OK,12.4,OK,12.44,OK,0,,0,,,,82.72,OK,,,,82.35,OK,,,,157.46,OK,,,,157.55,OK,,,,37.35,OK,,,,37.27,OK,,,,,,,,,,,,,,,,,
2410120317D,ATKINSON 3.8 OCV,DM5P3,2024-10-12 07:51:51,18.995,24.53,OK,24.85,24.71,OK,25.85,25.8,OK,24.46,24.18,OK,24.85,24.67,OK,24.58,24.46,OK,24.39,24.3,OK,25.8,25.57,OK,0,0,,0,0,,2.19,OK,2.63,OK,2.63,OK,2.63,OK,2.68,OK,2.67,OK,2.76,OK,0,,0,,0.83,OK,0.8,OK,0.83,OK,0.87,OK,0.83,OK,0.81,OK,0.88,OK,0,,0,,,,82.73,OK,,,,82.21,OK,,,,157.53,OK,,,,158.13,OK,,,,37.35,OK,,,,37.36,OK,,,,,,,,,,,,,,,,,
2410120318D,ATKINSON 3.8 OCV,DM1P2,2024-10-12 07:52:46,18.987,23.93,OK,27.28,27.13,OK,28.21,28.07,OK,25.12,24.65,OK,25.62,25.48,OK,25.42,25.37,OK,26.09,25.84,OK,24.97,24.92,OK,0,0,,0,0,,11.44,OK,11.42,OK,11.39,OK,11.63,OK,11.77,OK,11.61,OK,11.44,OK,0,,0,,9.89,OK,10.08,OK,10.04,OK,10.01,OK,10.16,OK,10.15,OK,10.07,OK,0,,0,,,,82.51,OK,,,,82.82,OK,,,,156.79,OK,,,,157.26,OK,,,,36.89,OK,,,,36.64,OK,,,,,,,,,,,,,,,,,
2410120319D,ATKINSON 3.8 OCV,DM2P8,2024-10-12 07:53:38,18.998,23.63,OK,29.18,29.13,OK,24.53,24.43,OK,23.88,23.61,OK,24.72,24.68,OK,25.79,25.79,OK,24.7,24.65,OK,23.85,23.8,OK,0,0,,0,0,,10.83,OK,10.79,OK,10.77,OK,10.8,OK,10.8,OK,10.82,OK,10.81,OK,0,,0,,10.19,OK,10.2,OK,10.17,OK,10.16,OK,10.17,OK,10.2,OK,10.19,OK,0,,0,,,,82.23,OK,,,,82.63,OK,,,,157.6,OK,,,,157.95,OK,,,,36.58,OK,,,,37.41,OK,,,,,,,,,,,,,,,,,
2410120320D,ATKINSON 3.8 OCV,DM3P6,2024-10-12 07:54:33,18.99,22.9,OK,26.42,26.33,OK,24.06,23.99,OK,24.47,24.29,OK,24.03,24.03,OK,26.12,26.1,OK,26.07,26.03,OK,24.22,24.2,OK,0,0,,0,0,,11.65,OK,11.61,OK,11.46,OK,11.67,OK,11.68,OK,11.58,OK,11.69,OK,0,,0,,12.81,OK,12.78,OK,12.84,OK,12.81,OK,12.78,OK,12.92,OK,12.87,OK,0,,0,,,,83.2,OK,,,,83.48,OK,,,,156.71,OK,,,,156.47,OK,,,,36.68,OK,,,,36.89,OK,,,,,,,,,,,,,,,,,
2410120321D,ATKINSON 3.8 OCV,DM4P9,2024-10-12 07:55:25,18.995,24.26,OK,26.56,26.42,OK,26.49,26.42,OK,24.89,24.59,OK,26.63,26.56,OK,25.22,25.15,OK,25.61,25.54,OK,25.19,25.12,OK,0,0,,0,0,,12.15,OK,12.28,OK,12.31,OK,11.91,OK,12.29,OK,12.12,OK,12.46,OK,0,,0,,12.49,OK,12.46,OK,12.53,OK,12.47,OK,12.49,OK,12.37,OK,12.43,OK,0,,0,,,,82.74,OK,,,,82.81,OK,,,,157.72,OK,,,,157.84,OK,,,,37.56,OK,,,,37.22,OK,,,,,,,,,,,,,,,,,
2410120322D,ATKINSON 3.8 OCV,DM5P1,2024-10-12 07:56:20,18.992,24.85,OK,27.29,27.17,OK,25.02,24.97,OK,24.64,24.34,OK,24.55,24.41,OK,24.34,24.23,OK,23.88,23.81,OK,25.48,25.32,OK,0,0,,0,0,,2.17,OK,2.63,OK,2.64,OK,2.63,OK,2.68,OK,2.75,OK,2.76,OK,0,,0,,0.82,OK,0.79,OK,0.88,OK,0.81,OK,0.8,OK,0.82,OK,0.85,OK,0,,0,,,,82.37,OK,,,,82.62,OK,,,,157.24,OK,,,,158.09,OK,,,,37.22,OK,,,,37.4,OK,,,,,,,,,,,,,,,,,
2410120323D,ATKINSON 3.8 OCV,DM1P4,2024-10-12 07:57:16,18.999,24.31,OK,25.71,25.57,OK,28.9,28.81,OK,25.33,24.94,OK,26.92,26.7,OK,27.35,27.31,OK,26.88,26.88,OK,26.56,26.47,OK,0,0,,0,0,,11.45,OK,11.39,OK,11.42,OK,11.7,OK,11.44,OK,11.8,OK,11.51,OK,0,,0,,9.94,OK,10.35,OK,10.15,OK,10.14,OK,10.17,OK,10.3,OK,10.07,OK,0,,0,,,,82.73,OK,,,,82.91,OK,,,,156.55,OK,,,,156.95,OK,,,,36.71,OK,,,,37.03,OK,,,,,,,,,,,,,,,,,
2410120324D,ATKINSON 3.8 OCV,DM2P7,2024-10-12 07:58:11,18.983,24,OK,29.59,29.52,OK,25.31,25.16,OK,24.51,24.26,OK,27.15,27.07,OK,25.35,25.31,OK,24.58,24.53,OK,24.51,24.48,OK,0,0,,0,0,,10.8,OK,10.79,OK,10.77,OK,10.78,OK,10.8,OK,10.82,OK,10.82,OK,0,,0,,10.2,OK,10.2,OK,10.2,OK,10.22,OK,10.35,OK,10.23,OK,10.17,OK,0,,0,,,,83.11,OK,,,,82.99,OK,,,,156.81,OK,,,,156.86,OK,,,,36.9,OK,,,,37.65,OK,,,,,,,,,,,,,,,,,
2410120325D,ATKINSON 3.8 OCV,DM3P5,2024-10-12 07:59:03,18.988,24.18,OK,26.45,26.4,OK,25.4,25.38,OK,25.82,25.42,OK,24.47,24.36,OK,26.21,26.17,OK,26.26,26.21,OK,25.17,25.15,OK,0,0,,0,0,,11.66,OK,11.66,OK,11.6,OK,11.67,OK,11.67,OK,11.75,OK,11.82,OK,0,,0,,12.86,OK,12.71,OK,12.77,OK,12.61,OK,12.89,OK,12.72,OK,12.74,OK,0,,0,,,,82.73,OK,,,,82.45,OK,,,,157.38,OK,,,,157.62,OK,,,,37.31,OK,,,,36.9,OK,,,,,,,,,,,,,,,,,
2410120326D,ATKINSON 3.8 OCV,DM4P3,2024-10-12 07:59:58,18.99,24.76,OK,26.35,26.28,OK,25.05,24.96,OK,26.21,25.91,OK,27.33,27.26,OK,25.77,25.7,OK,27.42,27.37,OK,24.54,24.45,OK,0,0,,0,0,,12.12,OK,12.28,OK,12.29,OK,12.15,OK,12.31,OK,12.33,OK,12.4,OK,0,,0,,12.4,OK,12.46,OK,12.45,OK,12.47,OK,12.45,OK,12.45,OK,12.4,OK,0,,0,,,,83.63,OK,,,,82.92,OK,,,,157.34,OK,,,,157.58,OK,,,,36.76,OK,,,,36.93,OK,,,,,,,,,,,,,,,,,
2410120327D,ATKINSON 3.8 OCV,DM5P2,2024-10-12 08:00:50,18.989,23.96,OK,23.39,23.28,OK,24.51,24.44,OK,24.44,24.2,OK,24.71,24.55,OK,24.41,24.37,OK,24.9,24.71,OK,24.09,23.93,OK,0,0,,0,0,,2.09,OK,2.68,OK,2.65,OK,2.73,OK,2.74,OK,2.7,OK,2.67,OK,0,,0,,0.81,OK,0.8,OK,0.84,OK,0.81,OK,0.82,OK,0.88,OK,0.83,OK,0,,0,,,,81.61,OK,,,,82.05,OK,,,,157.63,OK,,,,158.26,OK,,,,37.59,OK,,,,37.51,OK,,,,,,,,,,,,,,,,,
2410120328D,ATKINSON 3.8 OCV,DM1P8,2024-10-12 08:01:45,18.994,23.05,OK,28.45,28.34,OK,28.99,28.97,OK,27.89,27.53,OK,27.06,27.04,OK,25.51,25.42,OK,25.8,25.69,OK,25.69,25.62,OK,0,0,,0,0,,11.43,OK,11.36,OK,11.38,OK,11.42,OK,11.46,OK,11.46,OK,11.58,OK,0,,0,,9.96,OK,9.93,OK,10.15,OK,10.2,OK,10.09,OK,10.18,OK,10.19,OK,0,,0,,,,82.39,OK,,,,82.3,OK,,,,157.25,OK,,,,157.51,OK,,,,36.82,OK,,,,36.98,OK,,,,,,,,,,,,,,,,,
2410120329D,ATKINSON 3.8 OCV,DM2P6,2024-10-12 08:02:37,18.987,24.35,OK,27.73,27.58,OK,24.29,24.19,OK,25.16,24.99,OK,26.78,26.73,OK,25.96,25.94,OK,25.14,25.04,OK,24.82,24.8,OK,0,0,,0,0,,11.19,OK,10.75,OK,10.76,OK,11.12,OK,10.83,OK,10.84,OK,10.81,OK,0,,0,,10.31,OK,10.2,OK,10.2,OK,10.18,OK,10.21,OK,10.15,OK,10.2,OK,0,,0,,,,83.63,OK,,,,83.58,OK,,,,157.23,OK,,,,156.85,OK,,,,37.26,OK,,,,37.56,OK,,,,,,,,,,,,,,,,,
2410120330D,ATKINSON 3.8 OCV,DM3P9,2024-10-12 08:03:33,18.987,24.35,OK,28.09,27.95,OK,26.72,26.65,OK,27.35,27.1,OK,25.22,25.17,OK,27.93,27.88,OK,26.26,26.21,OK,26.75,26.7,OK,0,0,,0,0,,11.69,OK,11.65,OK,11.8,OK,11.73,OK,11.65,OK,11.61,OK,11.62,OK,0,,0,,12.82,OK,12.81,OK,12.85,OK,12.9,OK,12.92,OK,12.91,OK,12.78,OK,0,,0,,,,82.33,OK,,,,82.37,OK,,,,157.3,OK,,,,157.59,OK,,,,37.25,OK,,,,36.61,OK,,,,,,,,,,,,,,,,,
2410120331D,ATKINSON 3.8 OCV,DM4P1,2024-10-12 08:04:25,18.994,24.38,OK,25.82,25.75,OK,24.71,24.61,OK,24.54,24.17,OK,25.94,25.84,OK,25.68,25.68,OK,26.35,26.26,OK,24.57,24.45,OK,0,0,,0,0,,12.15,OK,11.88,OK,12.14,OK,12.13,OK,11.83,OK,12.05,OK,12.46,OK,0,,0,,12.41,OK,12.41,OK,12.57,OK,12.44,OK,12.44,OK,12.37,OK,12.44,OK,0,,0,,,,82.62,OK,,,,82.64,OK,,,,157.68,OK,,,,157.74,OK,,,,37.31,OK,,,,37.38,OK,,,,,,,,,,,,,,,,,
2410120332D,ATKINSON 3.8 OCV,DM5P4,2024-10-12 08:05:17,18.999,22.9,OK,25.27,25.2,OK,24.13,24.02,OK,23.42,23.02,OK,23.83,23.6,OK,24.37,24.25,OK,24.2,24,OK,23.67,23.44,OK,0,0,,0,0,,2.07,OK,2.68,OK,2.64,OK,2.65,OK,2.68,OK,2.65,OK,2.65,OK,0,,0,,0.82,OK,0.83,OK,0.82,OK,0.83,OK,0.88,OK,0.84,OK,0.84,OK,0,,0,,,,81.83,OK,,,,82,OK,,,,157.5,OK,,,,158.17,OK,,,,37.47,OK,,,,37.38,OK,,,,,,,,,,,,,,,,,
2410120333D,ATKINSON 3.8 OCV,DM1P7,2024-10-12 08:06:12,18.988,23.26,OK,27.85,27.6,OK,28.5,28.39,OK,27.15,26.88,OK,27.15,27.06,OK,25.89,25.71,OK,26.41,26.25,OK,27.04,27.01,OK,0,0,,0,0,,11.46,OK,11.42,OK,11.41,OK,11.44,OK,11.47,OK,11.44,OK,11.42,OK,0,,0,,9.94,OK,10.13,OK,10.24,OK,10.17,OK,10.12,OK,10.14,OK,10.29,OK,0,,0,,,,83.26,OK,,,,83.28,OK,,,,157.29,OK,,,,157.26,OK,,,,36.73,OK,,,,37.03,OK,,,,,,,,,,,,,,,,,
2410120334D,ATKINSON 3.8 OCV,DM2P5,2024-10-12 08:07:04,18.992,23.52,OK,26.98,26.9,OK,24.58,24.51,OK,24.75,24.68,OK,26.42,26.42,OK,26.35,26.32,OK,25.89,25.89,OK,26.4,26.3,OK,0,0,,0,0,,11.07,OK,10.82,OK,10.78,OK,11.06,OK,10.83,OK,10.82,OK,10.81,OK,0,,0,,10.2,OK,10.23,OK,10.24,OK,10.24,OK,10.21,OK,10.2,OK,10.19,OK,0,,0,,,,82.68,OK,,,,82.25,OK,,,,157.44,OK,,,,157.57,OK,,,,37.25,OK,,,,37.31,OK,,,,,,,,,,,,,,,,,
2410120335D,ATKINSON 3.8 OCV,DM3P3,2024-10-12 08:07:59,18.986,23.9,OK,27.3,27.19,OK,26.96,26.89,OK,25.91,25.49,OK,26.68,26.68,OK,28.26,28.12,OK,28.81,28.72,OK,26.19,26.17,OK,0,0,,0,0,,11.68,OK,11.63,OK,11.62,OK,11.41,OK,11.63,OK,11.54,OK,11.59,OK,0,,0,,12.8,OK,12.79,OK,12.7,OK,12.8,OK,12.78,OK,12.79,OK,12.8,OK,0,,0,,,,83.22,OK,,,,82.93,OK,,,,157.08,OK,,,,157.55,OK,,,,36.86,OK,,,,37.09,OK,,,,,,,,,,,,,,,,,
2410120336D,ATKINSON 3.8 OCV,DM4P2,2024-10-12 08:08:51,18.996,23.3,OK,23.68,23.55,OK,23.04,22.97,OK,24.26,23.94,OK,23.92,23.89,OK,24.68,24.61,OK,24.68,24.68,OK,24.66,24.64,OK,0,0,,0,0,,12.15,OK,12.31,OK,12.32,OK,12.3,OK,12.32,OK,12.33,OK,12.3,OK,0,,0,,12.51,OK,12.24,OK,12.37,OK,12.52,OK,12.39,OK,12.37,OK,12.45,OK,0,,0,,,,82.37,OK,,,,82.63,OK,,,,157.6,OK,,,,157.67,OK,,,,37.56,OK,,,,37.1,OK,,,,,,,,,,,,,,,,,
2410120337D,ATKINSON 3.8 OCV,DM5P8,2024-10-12 08:09:46,18.994,22.81,OK,24.88,24.81,OK,26.48,26.38,OK,24.55,24.18,OK,24.88,24.76,OK,23.72,23.65,OK,24.81,24.69,OK,23.23,23.04,OK,0,0,,0,0,,2.08,OK,2.75,OK,2.67,OK,2.68,OK,2.73,OK,2.67,OK,2.65,OK,0,,0,,0.81,OK,0.82,OK,0.82,OK,0.82,OK,0.85,OK,0.86,OK,0.83,OK,0,,0,,,,81.68,OK,,,,81.15,OK,,,,158.26,OK,,,,158.43,OK,,,,37.31,OK,,,,37.61,OK,,,,,,,,,,,,,,,,,
2410120338D,ATKINSON 3.8 OCV,DM1P6,2024-10-12 08:10:38,18.994,22.81,OK,25.53,25.28,OK,27.15,27.04,OK,25.03,24.76,OK,26.2,26.09,OK,25.84,25.78,OK,25.57,25.44,OK,25.78,25.66,OK,0,0,,0,0,,11.42,OK,11.42,OK,11.32,OK,11.35,OK,11.48,OK,11.48,OK,11.48,OK,0,,0,,9.89,OK,9.88,OK,10,OK,10.08,OK,10.15,OK,10.08,OK,10.15,OK,0,,0,,,,83.34,OK,,,,83.3,OK,,,,156.75,OK,,,,156.75,OK,,,,36.84,OK,,,,37.25,OK,,,,,,,,,,,,,,,,,
2410120339D,ATKINSON 3.8 OCV,DM2P9,2024-10-12 08:11:34,18.992,22.63,OK,26.2,26.18,OK,25.5,25.47,OK,23.03,22.81,OK,25.5,25.43,OK,25.43,25.4,OK,25.04,24.94,OK,24.34,24.26,OK,0,0,,0,0,,10.7,OK,11.09,OK,10.9,OK,10.99,OK,10.81,OK,10.8,OK,10.82,OK,0,,0,,10.23,OK,10.21,OK,10.2,OK,10.18,OK,10.2,OK,10.22,OK,10.2,OK,0,,0,,,,82.63,OK,,,,83.04,OK,,,,157.58,OK,,,,157.72,OK,,,,37.62,OK,,,,37.39,OK,,,,,,,,,,,,,,,,,
2410120340D,ATKINSON 3.8 OCV,DM3P1,2024-10-12 08:12:26,18.996,24.75,OK,28.63,28.58,OK,25.87,25.84,OK,26.14,25.89,OK,24.84,24.82,OK,29.21,29.09,OK,26.21,26.14,OK,26.82,26.75,OK,0,0,,0,0,,11.71,OK,11.61,OK,11.5,OK,11.64,OK,11.67,OK,11.78,OK,11.65,OK,0,,0,,12.83,OK,12.75,OK,12.79,OK,12.74,OK,12.86,OK,12.91,OK,12.91,OK,0,,0,,,,82.16,OK,,,,82.73,OK,,,,156.7,OK,,,,157.49,OK,,,,36.44,OK,,,,36.78,OK,,,,,,,,,,,,,,,,,
2410120341D,ATKINSON 3.8 OCV,DM4P4,2024-10-12 08:13:21,18.987,22.16,OK,24.52,24.4,OK,25.33,25.26,OK,25.63,25.42,OK,26.72,26.47,OK,27.86,27.79,OK,26.31,26.14,OK,27.44,27.37,OK,0,0,,0,0,,12.12,OK,12.31,OK,12.31,OK,12,OK,12.26,OK,12.1,OK,12.38,OK,0,,0,,12.44,OK,12.47,OK,12.43,OK,12.47,OK,12.49,OK,12.41,OK,12.5,OK,0,,0,,,,82.56,OK,,,,82.69,OK,,,,157.45,OK,,,,157.62,OK,,,,36.95,OK,,,,37.18,OK,,,,,,,,,,,,,,,,,
2410120342D,ATKINSON 3.8 OCV,DM5P7,2024-10-12 08:14:13,18.99,23.78,OK,24.37,24.32,OK,25.5,25.46,OK,23.55,23.37,OK,24.76,24.62,OK,24.62,24.46,OK,23.97,23.83,OK,24.25,24.16,OK,0,0,,0,0,,2.14,OK,2.62,OK,2.6,OK,2.64,OK,2.71,OK,2.66,OK,2.67,OK,0,,0,,0.81,OK,0.83,OK,0.83,OK,0.83,OK,0.88,OK,0.87,OK,0.83,OK,0,,0,,,,81.69,OK,,,,82.62,OK,,,,157.54,OK,,,,158.12,OK,,,,37.53,OK,,,,37.65,OK,,,,,,,,,,,,,,,,,
2410120343D,ATKINSON 3.8 OCV,DM1P5,2024-10-12 08:15:08,18.994,23.13,OK,24.27,24.16,OK,26.79,26.74,OK,25.06,24.85,OK,26.7,26.61,OK,25.6,25.46,OK,24.74,24.72,OK,24.85,24.83,OK,0,0,,0,0,,11.42,OK,11.36,OK,11.37,OK,11.37,OK,11.43,OK,11.44,OK,11.48,OK,0,,0,,9.89,OK,9.89,OK,10.06,OK,10.16,OK,10.08,OK,10.12,OK,10.03,OK,0,,0,,,,82.58,OK,,,,82.43,OK,,,,157.32,OK,,,,157.54,OK,,,,37.44,OK,,,,37.42,OK,,,,,,,,,,,,,,,,,
2410120344D,ATKINSON 3.8 OCV,DM2P3,2024-10-12 08:16:00,18.997,25.62,OK,27.1,27.05,OK,25.81,25.74,OK,24.92,24.75,OK,27.05,27.03,OK,27.1,27.03,OK,24.24,24.14,OK,25.16,25.16,OK,0,0,,0,0,,10.7,OK,11.11,OK,10.76,OK,10.95,OK,10.78,OK,10.76,OK,10.83,OK,0,,0,,10.24,OK,10.23,OK,10.26,OK,10.22,OK,10.23,OK,10.19,OK,10.19,OK,0,,0,,,,83.12,OK,,,,83.11,OK,,,,157.4,OK,,,,157.76,OK,,,,37.13,OK,,,,37.01,OK,,,,,,,,,,,,,,,,,
2410120345D,ATKINSON 3.8 OCV,DM3P2,2024-10-12 08:16:55,18.989,25.05,OK,27.37,27.3,OK,24.87,24.8,OK,25.8,25.61,OK,25.17,25.12,OK,27.35,27.3,OK,28.02,27.98,OK,25.73,25.68,OK,0,0,,0,0,,11.64,OK,11.64,OK,11.5,OK,11.7,OK,11.66,OK,11.65,OK,11.64,OK,0,,0,,12.83,OK,12.79,OK,12.84,OK,12.83,OK,12.88,OK,12.9,OK,12.89,OK,0,,0,,,,82.1,OK,,,,82.84,OK,,,,156.98,OK,,,,157.56,OK,,,,36.73,OK,,,,36.65,OK,,,,,,,,,,,,,,,,,
2410120346D,ATKINSON 3.8 OCV,DM4P8,2024-10-12 08:17:51,18.99,24.17,OK,26.1,25.96,OK,24.36,24.26,OK,24.36,24.13,OK,26.28,26.21,OK,27.12,26.98,OK,25.15,25.12,OK,24.8,24.8,OK,0,0,,0,0,,12.18,OK,11.98,OK,12.26,OK,11.77,OK,11.92,OK,12.15,OK,12.34,OK,0,,0,,12.4,OK,12.46,OK,12.43,OK,12.44,OK,12.42,OK,12.4,OK,12.44,OK,0,,0,,,,82.2,OK,,,,82.33,OK,,,,157.66,OK,,,,157.81,OK,,,,36.88,OK,,,,37.2,OK,,,,,,,,,,,,,,,,,
2410120347D,ATKINSON 3.8 OCV,DM5P6,2024-10-12 08:18:46,18.998,24.68,OK,23.79,23.72,OK,25.83,25.69,OK,25.53,25.43,OK,23.74,23.46,OK,23.86,23.74,OK,24.11,24.02,OK,23.51,23.44,OK,0,0,,0,0,,2.07,OK,2.68,OK,2.65,OK,2.69,OK,2.73,OK,2.67,OK,2.66,OK,0,,0,,0.81,OK,0.8,OK,0.87,OK,0.8,OK,0.82,OK,0.84,OK,0.82,OK,0,,0,,,,82.39,OK,,,,82.63,OK,,,,157.24,OK,,,,157,OK,,,,37.36,OK,,,,38.05,OK,,,,,,,,,,,,,,,,,
2410120348D,ATKINSON 3.8 OCV,DM1P9,2024-10-12 08:19:41,18.992,25.1,OK,26.09,25.89,OK,26.83,26.74,OK,25.62,25.37,OK,26.43,26.29,OK,25.89,25.84,OK,25.17,25.06,OK,24.47,24.36,OK,0,0,,0,0,,11.41,OK,11.34,OK,11.4,OK,11.38,OK,11.46,OK,11.48,OK,11.45,OK,0,,0,,9.86,OK,9.98,OK,10.09,OK,10.11,OK,10.08,OK,10.13,OK,10.11,OK,0,,0,,,,82.51,OK,,,,82.81,OK,,,,157.56,OK,,,,157.83,OK,,,,37.22,OK,,,,36.7,OK,,,,,,,,,,,,,,,,,
2410120258C,NEW KAPPAEX1.0,CM1P4,2024-10-12 08:20:12,18.694,27.36,OK,20.12,20.1,OK,21.78,21.24,OK,22.97,22.76,OK,21.41,20.85,OK,21.66,21.59,OK,21.94,21.24,OK,21.99,21.66,OK,0,0,,0,0,,5.77,OK,6.34,OK,6.55,OK,6.47,OK,6.66,OK,6.73,OK,6.69,OK,0,,0,,6.29,OK,6.35,OK,6.62,OK,6.8,OK,6.58,OK,6.7,OK,6.73,OK,0,,0,,,,54.07,OK,,,,52.59,OK,,,,-294.05,OK,,,,-292.34,OK,,,,172.04,OK,,,,171.71,OK,,,,,,,,,,,,,,,,,
2410120349D,ATKINSON 3.8 OCV,DM2P1,2024-10-12 08:20:33,18.988,23.6,OK,28.26,28.21,OK,25.31,25.26,OK,24.65,24.53,OK,26.56,26.49,OK,26.32,26.32,OK,27.56,27.49,OK,25.79,25.72,OK,0,0,,0,0,,11.07,OK,10.88,OK,10.78,OK,11.15,OK,10.83,OK,10.95,OK,10.81,OK,0,,0,,10.28,OK,10.21,OK,10.24,OK,10.2,OK,10.18,OK,10.17,OK,10.19,OK,0,,0,,,,82.32,OK,,,,83.04,OK,,,,157.2,OK,,,,157.92,OK,,,,37.09,OK,,,,37.12,OK,,,,,,,,,,,,,,,,,
2410120261C,NEW KAPPAEX1.0,CM1P6,2024-10-12 08:21:01,18.693,27.17,OK,21.87,21.83,OK,23.13,22.18,OK,22.76,22.5,OK,21.2,20.54,OK,21.59,21.57,OK,21.97,21.59,OK,22.95,22.5,OK,0,0,,0,0,,5.93,OK,6.46,OK,6.88,OK,6.49,OK,6.51,OK,6.57,OK,6.65,OK,0,,0,,6.07,OK,6.71,OK,6.36,OK,6.45,OK,6.54,OK,6.69,OK,6.33,OK,0,,0,,,,53.2,OK,,,,55.06,OK,,,,-292.07,OK,,,,-292.67,OK,,,,174.22,OK,,,,173.22,OK,,,,,,,,,,,,,,,,,
2410120350D,ATKINSON 3.8 OCV,DM3P5,2024-10-12 08:21:28,18.988,23.6,OK,25.54,25.54,OK,26.21,26.12,OK,25.26,24.84,OK,26.03,25.96,OK,27.1,26.98,OK,27.42,27.33,OK,26.17,26.17,OK,0,0,,0,0,,11.64,OK,11.65,OK,11.52,OK,11.65,OK,11.65,OK,11.78,OK,11.66,OK,0,,0,,12.82,OK,12.75,OK,12.8,OK,12.61,OK,12.85,OK,12.92,OK,12.82,OK,0,,0,,,,82.49,OK,,,,82.76,OK,,,,156.78,OK,,,,157.69,OK,,,,36.61,OK,,,,36.81,OK,,,,,,,,,,,,,,,,,
2410120262C,NEW KAPPAEX1.0,CM2P1,2024-10-12 08:21:50,18.696,26.98,OK,24.13,23.85,OK,23.01,22.57,OK,23.59,23.27,OK,22.71,22.57,OK,22.92,22.85,OK,23.01,22.68,OK,23.38,23.17,OK,0,0,,0,0,,15.36,OK,15.36,OK,15.36,OK,15.36,OK,15.36,OK,15.36,OK,15.36,OK,0,,0,,15.36,OK,15.36,OK,15.36,OK,15.36,OK,15.36,OK,15.36,OK,15.36,OK,0,,0,,,,53.85,OK,,,,53.6,OK,,,,-292.71,OK,,,,-291.31,OK,,,,172.16,OK,,,,171.57,OK,,,,,,,,,,,,,,,,,
2410120351D,ATKINSON 3.8 OCV,DM4P7,2024-10-12 08:22:20,18.994,23.25,OK,24.75,24.64,OK,24.36,24.26,OK,26.79,26.54,OK,26.45,26.38,OK,27.61,27.56,OK,24.54,24.45,OK,26.58,26.56,OK,0,0,,0,0,,12.12,OK,12.3,OK,12.26,OK,12,OK,12.22,OK,12.12,OK,12.33,OK,0,,0,,12.42,OK,12.43,OK,12.43,OK,12.46,OK,12.46,OK,12.4,OK,12.39,OK,0,,0,,,,82.78,OK,,,,83.19,OK,,,,157.3,OK,,,,157.26,OK,,,,37.02,OK,,,,37.18,OK,,,,,,,,,,,,,,,,,
2410120263C,NEW KAPPAEX1.0,CM3P7,2024-10-12 08:22:35,18.69,28.41,OK,19.46,19.23,OK,20.16,19.89,OK,20.73,20.32,OK,20.02,19.55,OK,20.05,19.8,OK,20.91,20.09,OK,20.75,19.84,OK,0,0,,0,0,,0,OK,0,OK,0,OK,0,OK,0,OK,0,OK,0,OK,0,,0,,0,OK,0,OK,0,OK,0,OK,0,OK,0,OK,0,OK,0,,0,,,,53.07,OK,,,,54.22,OK,,,,-292.44,OK,,,,-291.8,OK,,,,172.43,OK,,,,172.02,OK,,,,,,,,,,,,,,,,,
2410120352D,ATKINSON 3.8 OCV,DM5P5,2024-10-12 08:23:12,18.991,24.41,OK,23.58,23.46,OK,24.18,24.09,OK,24.02,23.62,OK,23.32,23.16,OK,23.44,23.37,OK,23.44,23.3,OK,24.3,24.13,OK,0,0,,0,0,,2.03,OK,2.72,OK,2.64,OK,2.56,OK,2.66,OK,2.67,OK,2.63,OK,0,,0,,0.78,OK,0.78,OK,0.82,OK,0.83,OK,0.81,OK,0.84,OK,0.8,OK,0,,0,,,,81.55,OK,,,,81.19,OK,,,,157.91,OK,,,,158.42,OK,,,,37.89,OK,,,,37.86,OK,,,,,,,,,,,,,,,,,
2410120260C,NEW KAPPAEX1.0,CM5P5,2024-10-12 08:23:24,18.692,27.43,OK,23.1,22.98,OK,22.08,21.77,OK,21.48,21.26,OK,19.52,19.5,OK,21.38,21.26,OK,22.03,21.74,OK,21.58,21.31,OK,0,0,,0,0,,2.26,OK,2.45,OK,2.46,OK,2.43,OK,2.46,OK,2.43,OK,2.44,OK,0,,0,,2.42,OK,2.29,OK,2.33,OK,2.27,OK,2.35,OK,2.4,OK,2.28,OK,0,,0,,,,53.8,OK,,,,52.56,OK,,,,-293.16,OK,,,,-293.06,OK,,,,172.06,OK,,,,173.08,OK,,,,,,,,,,,,,,,,,
2410120353D,ATKINSON 3.8 OCV,DM1P3,2024-10-12 08:24:08,18.996,23.66,OK,25.57,25.48,OK,28,27.6,OK,25.48,25.01,OK,26.18,26.05,OK,25.06,24.94,OK,26.45,26.38,OK,26.25,26.2,OK,0,0,,0,0,,11.3,OK,11.36,OK,11.34,OK,11.35,OK,11.45,OK,11.41,OK,11.72,OK,0,,0,,9.95,OK,10.08,OK,10.06,OK,10.02,OK,10.15,OK,10.14,OK,10.19,OK,0,,0,,,,82.93,OK,,,,82.55,OK,,,,157.29,OK,,,,157.68,OK,,,,37.32,OK,,,,37.3,OK,,,,,,,,,,,,,,,,,
2410120354D,ATKINSON 3.8 OCV,DM2P2,2024-10-12 08:25:00,18.999,23.96,OK,26.69,26.61,OK,24.36,24.34,OK,24.05,24,OK,24.34,24.26,OK,26.59,26.49,OK,24.55,24.41,OK,24.43,24.34,OK,0,0,,0,0,,11.01,OK,10.86,OK,10.77,OK,11.1,OK,10.82,OK,10.81,OK,10.79,OK,0,,0,,10.23,OK,10.21,OK,10.2,OK,10.18,OK,10.26,OK,10.19,OK,10.21,OK,0,,0,,,,82.08,OK,,,,82.51,OK,,,,157.39,OK,,,,157.65,OK,,,,37.52,OK,,,,37.17,OK,,,,,,,,,,,,,,,,,
2410120264C,NEW KAPPAEX1.0,CM4P2,2024-10-12 08:25:14,18.69,27.65,OK,23.93,23.22,OK,21.44,21.22,OK,23.44,23.18,OK,21.97,21.73,OK,23.75,23.66,OK,22.25,21.66,OK,22.89,22.23,OK,0,0,,0,0,,0,OK,0,OK,0,OK,0,OK,0,OK,0,OK,0,OK,0,,0,,0,OK,0,OK,0,OK,0,OK,0,OK,0,OK,0,OK,0,,0,,,,54.48,OK,,,,54.26,OK,,,,-291.69,OK,,,,-291.51,OK,,,,172.09,OK,,,,173.17,OK,,,,,,,,,,,,,,,,,
2410120355D,ATKINSON 3.8 OCV,DM3P8,2024-10-12 08:25:52,18.998,23.11,OK,27.05,27.05,OK,24.96,24.89,OK,24.59,24.26,OK,24.61,24.59,OK,27.44,27.35,OK,25.56,25.54,OK,24.71,24.66,OK,0,0,,0,0,,11.69,OK,11.64,OK,11.51,OK,11.63,OK,11.67,OK,11.65,OK,11.64,OK,0,,0,,12.85,OK,12.76,OK,12.66,OK,12.58,OK,12.85,OK,12.76,OK,12.79,OK,0,,0,,,,81.54,OK,,,,82.01,OK,,,,157.52,OK,,,,158.05,OK,,,,36.69,OK,,,,37.09,OK,,,,,,,,,,,,,,,,,
2410120265C,NEW KAPPAEX1.0,CM1P4,2024-10-12 08:26:00,18.688,27.91,OK,23.39,23.27,OK,22.43,21.99,OK,22.92,22.81,OK,21.62,21.2,OK,21.38,21.15,OK,21.57,21.17,OK,22.55,22.43,OK,0,0,,0,0,,5.99,OK,6.36,OK,6.38,OK,6.52,OK,6.59,OK,6.54,OK,6.62,OK,0,,0,,6.22,OK,6.83,OK,6.76,OK,6.68,OK,6.83,OK,6.5,OK,6.31,OK,0,,0,,,,54.04,OK,,,,53.27,OK,,,,-293.41,OK,,,,-292.8,OK,,,,171.65,OK,,,,171.37,OK,,,,,,,,,,,,,,,,,
2410120356D,ATKINSON 3.8 OCV,DM4P6,2024-10-12 08:26:47,18.984,24.28,OK,24.29,24.17,OK,23.2,23.1,OK,24.71,24.52,OK,25.19,25.1,OK,24.61,24.59,OK,25.82,25.7,OK,25.8,25.75,OK,0,0,,0,0,,12.06,OK,12.28,OK,12.23,OK,12.15,OK,12.32,OK,12.31,OK,12.38,OK,0,,0,,12.38,OK,12.43,OK,12.4,OK,12.47,OK,12.52,OK,12.4,OK,12.38,OK,0,,0,,,,83.02,OK,,,,82.79,OK,,,,157.28,OK,,,,157,OK,,,,37.54,OK,,,,37.58,OK,,,,,,,,,,,,,,,,,
2410120266C,NEW KAPPAEX1.0,CM2P8,2024-10-12 08:26:48,18.698,27.41,OK,22.94,22.85,OK,22.68,22.24,OK,23.41,23.01,OK,22.24,22.05,OK,22.03,21.96,OK,22.15,21.82,OK,22.59,22.24,OK,0,0,,0,0,,15.36,OK,15.36,OK,15.36,OK,15.36,OK,15.36,OK,15.36,OK,15.36,OK,0,,0,,15.36,OK,15.36,OK,15.36,OK,15.36,OK,15.36,OK,15.36,OK,15.36,OK,0,,0,,,,53.59,OK,,,,54.4,OK,,,,-291.54,OK,,,,-291.9,OK,,,,172.82,OK,,,,171.57,OK,,,,,,,,,,,,,,,,,
2410120268C,NEW KAPPAEX1.0,CM5P9,2024-10-12 08:27:34,18.697,26.8,OK,24.51,24.44,OK,21.96,21.72,OK,20.95,20.83,OK,20.45,20.29,OK,21.65,21.43,OK,21.38,20.95,OK,20.95,20.62,OK,0,0,,0,0,,2.5,OK,2.58,OK,2.49,OK,2.51,OK,2.5,OK,2.49,OK,2.5,OK,0,,0,,2.59,OK,2.36,OK,2.46,OK,2.38,OK,2.44,OK,2.42,OK,2.34,OK,0,,0,,,,54.5,OK,,,,54.09,OK,,,,-293.39,OK,,,,-293.52,OK,,,,171.34,OK,,,,173.49,OK,,,,,,,,,,,,,,,,,
2410120357D,ATKINSON 3.8 OCV,DM5P9,2024-10-12 08:27:42,18.998,22.51,OK,24.34,24.2,OK,23.83,23.74,OK,23.58,23.32,OK,25.64,25.36,OK,25.36,25.27,OK,25.04,24.88,OK,25.16,25.02,OK,0,0,,0,0,,2.05,OK,2.67,OK,2.62,OK,2.77,OK,2.71,OK,2.66,OK,2.67,OK,0,,0,,0.8,OK,0.82,OK,0.84,OK,0.81,OK,0.83,OK,0.84,OK,0.83,OK,0,,0,,,,81.51,OK,,,,81.26,OK,,,,158.42,OK,,,,158.85,OK,,,,38.66,OK,,,,38.05,OK,,,,,,,,,,,,,,,,,
2410120267C,NEW KAPPAEX1.0,CM3P3,2024-10-12 08:28:23,18.699,26.83,OK,22.67,22.38,OK,22.02,21.52,OK,22.27,21.9,OK,20.93,20.3,OK,20.07,19.96,OK,20.59,19.78,OK,20.91,20.18,OK,0,0,,0,0,,0,OK,0,OK,0,OK,0,OK,0,OK,0,OK,0,OK,0,,0,,0,OK,0,OK,0,OK,0,OK,0,OK,0,OK,0,OK,0,,0,,,,52.78,OK,,,,52.72,OK,,,,-292.25,OK,,,,-292.01,OK,,,,171.93,OK,,,,172.06,OK,,,,,,,,,,,,,,,,,
2410120358D,ATKINSON 3.8 OCV,DM1P1,2024-10-12 08:28:34,18.986,23.66,OK,24.97,24.9,OK,28.05,27.87,OK,25.08,24.67,OK,26.54,26.41,OK,24.72,24.65,OK,25.21,25.17,OK,25.24,25.17,OK,0,0,,0,0,,11.32,OK,11.41,OK,11.42,OK,11.41,OK,11.46,OK,11.46,OK,11.47,OK,0,,0,,9.96,OK,9.9,OK,10.1,OK,10.16,OK,10.14,OK,10.1,OK,10.09,OK,0,,0,,,,82.19,OK,,,,82.85,OK,,,,157.33,OK,,,,157.88,OK,,,,37.16,OK,,,,37.18,OK,,,,,,,,,,,,,,,,,
2410120269C,NEW KAPPAEX1.0,CM4P6,2024-10-12 08:29:11,18.697,26.8,OK,25.42,24.74,OK,21.97,21.64,OK,22.78,22.34,OK,22.01,21.53,OK,23.29,23.24,OK,22.3,21.51,OK,22.01,21.57,OK,0,0,,0,0,,0,OK,0,OK,0,OK,0,OK,0,OK,0,OK,0,OK,0,,0,,0,OK,0,OK,0,OK,0,OK,0,OK,0,OK,0,OK,0,,0,,,,52.42,OK,,,,53,OK,,,,-293.36,OK,,,,-292.92,OK,,,,173.44,OK,,,,174.09,OK,,,,,,,,,,,,,,,,,
2410120359D,ATKINSON 3.8 OCV,DM2P4,2024-10-12 08:29:29,18.998,23.51,OK,26.98,26.9,OK,26.15,26.01,OK,25.69,25.4,OK,25.6,25.57,OK,27.73,27.65,OK,25.5,25.5,OK,26.69,26.61,OK,0,0,,0,0,,11.34,OK,10.79,OK,10.78,OK,11.12,OK,10.81,OK,10.82,OK,10.82,OK,0,,0,,10.27,OK,10.25,OK,10.24,OK,10.19,OK,10.27,OK,10.23,OK,10.21,OK,0,,0,,,,81.76,OK,,,,82.17,OK,,,,157.5,OK,,,,158.16,OK,,,,37.59,OK,,,,37.89,OK,,,,,,,,,,,,,,,,,
2410120270C,NEW KAPPAEX1.0,CM1P1,2024-10-12 08:29:57,18.698,27.23,OK,24.21,23.95,OK,22.46,22.18,OK,22.74,22.62,OK,22.13,21.34,OK,21.8,21.29,OK,21.87,21.2,OK,22.39,22.13,OK,0,0,,0,0,,5.69,OK,6.72,OK,6.44,OK,6.4,OK,7.19,OK,6.74,OK,6.71,OK,0,,0,,6.17,OK,6.62,OK,6.65,OK,6.65,OK,6.83,OK,6.89,OK,6.71,OK,0,,0,,,,54.33,OK,,,,54.81,OK,,,,-293.92,OK,,,,-294.06,OK,,,,173.37,OK,,,,172.31,OK,,,,,,,,,,,,,,,,,
2410120360D,ATKINSON 3.8 OCV,DM3P7,2024-10-12 08:30:21,18.989,24.3,OK,26.77,26.63,OK,26.28,26.21,OK,25.91,25.59,OK,24.84,24.78,OK,26.79,26.75,OK,27.49,27.47,OK,26,25.94,OK,0,0,,0,0,,11.61,OK,11.63,OK,11.6,OK,11.65,OK,11.71,OK,11.62,OK,11.48,OK,0,,0,,12.83,OK,12.77,OK,12.87,OK,12.79,OK,12.91,OK,12.91,OK,12.76,OK,0,,0,,,,82.21,OK,,,,83.07,OK,,,,157.61,OK,,,,158.03,OK,,,,36.82,OK,,,,37.04,OK,,,,,,,,,,,,,,,,,
2410120271C,NEW KAPPAEX1.0,CM2P5,2024-10-12 08:30:42,18.693,27.62,OK,24.2,23.94,OK,22.29,22.1,OK,23.73,23.36,OK,22.45,22.26,OK,22.22,22.12,OK,21.28,21.03,OK,23.99,23.71,OK,0,0,,0,0,,15.36,OK,15.36,OK,15.36,OK,15.36,OK,15.36,OK,15.36,OK,15.36,OK,0,,0,,15.36,OK,15.36,OK,15.36,OK,15.36,OK,15.36,OK,15.36,OK,15.36,OK,0,,0,,,,53.37,OK,,,,54.03,OK,,,,-293.99,OK,,,,-293.37,OK,,,,172.62,OK,,,,172.8,OK,,,,,,,,,,,,,,,,,
2410120361D,ATKINSON 3.8 OCV,DM4P5,2024-10-12 08:31:17,18.999,24.08,OK,24.96,24.8,OK,24.2,24.13,OK,25.19,24.73,OK,25.77,25.66,OK,27.84,27.72,OK,25.33,25.33,OK,25.59,25.56,OK,0,0,,0,0,,12.06,OK,12.06,OK,12.07,OK,12.12,OK,11.71,OK,12.01,OK,12.37,OK,0,,0,,12.4,OK,12.4,OK,12.46,OK,12.46,OK,12.47,OK,12.43,OK,12.42,OK,0,,0,,,,82.37,OK,,,,81.85,OK,,,,157.85,OK,,,,157.96,OK,,,,37.64,OK,,,,37.26,OK,,,,,,,,,,,,,,,,,
2410120272C,NEW KAPPAEX1.0,CM5P7,2024-10-12 08:31:28,18.687,27.06,OK,25.16,24.94,OK,21.19,21.03,OK,23.18,23.08,OK,21.17,21.12,OK,21.86,21.58,OK,21.6,21.31,OK,22.01,21.72,OK,0,0,,0,0,,2.48,OK,2.5,OK,2.49,OK,2.5,OK,2.49,OK,2.5,OK,2.5,OK,0,,0,,2.51,OK,2.39,OK,2.45,OK,2.43,OK,2.42,OK,2.4,OK,2.34,OK,0,,0,,,,53.82,OK,,,,53.73,OK,,,,-293.38,OK,,,,-293.31,OK,,,,173.21,OK,,,,171.92,OK,,,,,,,,,,,,,,,,,
2410120363D,ATKINSON 3.8 OCV,DM1P2,2024-10-12 08:32:09,18.985,22.9,OK,26.14,25.87,OK,26.74,26.65,OK,24.22,24.07,OK,27.06,26.97,OK,25.57,25.51,OK,25.64,25.53,OK,26.07,26,OK,0,0,,0,0,,11.44,OK,11.38,OK,11.36,OK,11.32,OK,11.47,OK,11.57,OK,11.46,OK,0,,0,,9.91,OK,10.1,OK,10.08,OK,10.14,OK,10.07,OK,10.17,OK,10.13,OK,0,,0,,,,82.05,OK,,,,82.47,OK,,,,157.27,OK,,,,157.8,OK,,,,37.33,OK,,,,37.32,OK,,,,,,,,,,,,,,,,,
2410120273C,NEW KAPPAEX1.0,CM3P2,2024-10-12 08:32:17,18.692,27.23,OK,21.93,21.63,OK,20.02,19.64,OK,21.11,20.7,OK,21.54,20.93,OK,21.36,21.13,OK,19.69,18.85,OK,21.04,20.23,OK,0,0,,0,0,,0,OK,0,OK,0,OK,0,OK,0,OK,0,OK,0,OK,0,,0,,0,OK,0,OK,0,OK,0,OK,0,OK,0,OK,0,OK,0,,0,,,,53.88,OK,,,,53.87,OK,,,,-291.96,OK,,,,-293.56,OK,,,,171.63,OK,,,,171.26,OK,,,,,,,,,,,,,,,,,
2410120362D,ATKINSON 3.8 OCV,DM5P3,2024-10-12 08:33:01,18.993,22.86,OK,24.41,24.27,OK,26.66,26.55,OK,25.13,24.6,OK,24.74,24.58,OK,25.27,25.06,OK,24.04,23.9,OK,24.76,24.62,OK,0,0,,0,0,,2.07,OK,2.77,OK,2.7,OK,2.61,OK,2.66,OK,2.71,OK,2.68,OK,0,,0,,0.79,OK,0.82,OK,0.85,OK,0.87,OK,0.83,OK,0.84,OK,0.82,OK,0,,0,,,,82.53,OK,,,,81.71,OK,,,,158.39,OK,,,,158.85,OK,,,,37.86,OK,,,,37.98,OK,,,,,,,,,,,,,,,,,
2410120274C,NEW KAPPAEX1.0,CM4P4,2024-10-12 08:33:02,18.684,27.23,OK,25.22,24.56,OK,23.29,23.02,OK,24.01,23.6,OK,22.78,22.21,OK,23.95,23.93,OK,21.37,20.74,OK,23.05,22.1,OK,0,0,,0,0,,0,OK,0,OK,0,OK,0,OK,0,OK,0,OK,0,OK,0,,0,,0,OK,0,OK,0,OK,0,OK,0,OK,0,OK,0,OK,0,,0,,,,54.08,OK,,,,54.04,OK,,,,-293.87,OK,,,,-293.65,OK,,,,171.51,OK,,,,172.61,OK,,,,,,,,,,,,,,,,,
2410120275C,NEW KAPPAEX1.0,CM1P8,2024-10-12 08:33:51,18.689,27.46,OK,22.53,22.41,OK,21.76,21.45,OK,22.32,22.18,OK,20.82,20.24,OK,22.62,22.43,OK,22.41,21.8,OK,21.69,21.15,OK,0,0,,0,0,,5.66,OK,6.49,OK,6.47,OK,6.49,OK,6.83,OK,6.67,OK,6.72,OK,0,,0,,5.98,OK,6.56,OK,6.9,OK,7.17,OK,6.86,OK,6.73,OK,6.41,OK,0,,0,,,,53.84,OK,,,,54.6,OK,,,,-293.36,OK,,,,-294.97,OK,,,,173.17,OK,,,,173.23,OK,,,,,,,,,,,,,,,,,
2410120364D,ATKINSON 3.8 OCV,DM2P8,2024-10-12 08:33:56,18.985,23.03,OK,27.34,27.22,OK,24.41,24.31,OK,24.65,24.46,OK,24.75,24.68,OK,25.84,25.74,OK,24.51,24.36,OK,24.12,23.97,OK,0,0,,0,0,,10.76,OK,10.76,OK,10.78,OK,10.79,OK,10.8,OK,10.82,OK,10.82,OK,0,,0,,10.32,OK,10.32,OK,10.21,OK,10.37,OK,10.16,OK,10.2,OK,10.19,OK,0,,0,,,,81.62,OK,,,,81.84,OK,,,,157.95,OK,,,,158.11,OK,,,,37.23,OK,,,,37.7,OK,,,,,,,,,,,,,,,,,
2410120276C,NEW KAPPAEX1.0,CM2P9,2024-10-12 08:34:37,18.688,27.28,OK,25.02,24.88,OK,23.15,22.68,OK,24.04,23.73,OK,23.71,23.62,OK,22.96,22.82,OK,22.87,22.57,OK,22.38,22.1,OK,0,0,,0,0,,15.36,OK,15.36,OK,15.36,OK,15.36,OK,15.36,OK,15.36,OK,15.36,OK,0,,0,,15.36,OK,15.36,OK,15.36,OK,15.36,OK,15.36,OK,15.36,OK,15.36,OK,0,,0,,,,53.68,OK,,,,53.32,OK,,,,-293.02,OK,,,,-291.84,OK,,,,173.71,OK,,,,172.69,OK,,,,,,,,,,,,,,,,,
2410120365D,ATKINSON 3.8 OCV,DM3P6,2024-10-12 08:34:51,18.992,23.93,OK,27.3,27.26,OK,25.61,25.61,OK,25.94,25.68,OK,25.31,25.19,OK,27.1,27.07,OK,27.16,27.07,OK,26.38,26.31,OK,0,0,,0,0,,11.62,OK,11.63,OK,11.59,OK,11.69,OK,11.64,OK,11.42,OK,11.59,OK,0,,0,,12.82,OK,12.8,OK,12.89,OK,12.86,OK,12.84,OK,12.79,OK,12.76,OK,0,,0,,,,82.7,OK,,,,83.07,OK,,,,157.09,OK,,,,156.78,OK,,,,37.02,OK,,,,37.24,OK,,,,,,,,,,,,,,,,,
2410120277C,NEW KAPPAEX1.0,CM5P3,2024-10-12 08:35:25,18.697,27.96,OK,24.47,24.2,OK,20.88,20.62,OK,22.27,22.08,OK,20.55,20.4,OK,22.48,22.27,OK,22.58,22.27,OK,22.51,22.12,OK,0,0,,0,0,,2.43,OK,2.48,OK,2.47,OK,2.5,OK,2.48,OK,2.48,OK,2.45,OK,0,,0,,2.56,OK,2.38,OK,2.45,OK,2.46,OK,2.42,OK,2.42,OK,2.35,OK,0,,0,,,,54.18,OK,,,,54.28,OK,,,,-291.89,OK,,,,-292.8,OK,,,,172.59,OK,,,,171.82,OK,,,,,,,,,,,,,,,,,
2410120366D,ATKINSON 3.8 OCV,DM4P9,2024-10-12 08:35:46,18.998,22.8,OK,24.59,24.47,OK,23.15,23.15,OK,25.26,25.08,OK,27.05,26.98,OK,25.42,25.29,OK,25.24,25.19,OK,24.8,24.75,OK,0,0,,0,0,,12.06,OK,11.98,OK,12.08,OK,12.08,OK,12.05,OK,12.06,OK,12.33,OK,0,,0,,12.41,OK,12.43,OK,12.06,OK,12.37,OK,12.44,OK,12.43,OK,12.39,OK,0,,0,,,,82.06,OK,,,,82.16,OK,,,,157.83,OK,,,,158.08,OK,,,,37.91,OK,,,,37.3,OK,,,,,,,,,,,,,,,,,
2410120278C,NEW KAPPAEX1.0,CM3P6,2024-10-12 08:36:11,18.691,27.18,OK,21.77,21.52,OK,21.81,21.47,OK,22.6,22.2,OK,21.38,20.79,OK,21.02,20.82,OK,21.38,20.59,OK,21.97,21.04,OK,0,0,,0,0,,0,OK,0,OK,0,OK,0,OK,0,OK,0,OK,0,OK,0,,0,,0,OK,0,OK,0,OK,0,OK,0,OK,0,OK,0,OK,0,,0,,,,53.53,OK,,,,53.05,OK,,,,-292.63,OK,,,,-291.65,OK,,,,173.08,OK,,,,172.88,OK,,,,,,,,,,,,,,,,,
2410120367D,ATKINSON 3.8 OCV,DM1P4,2024-10-12 08:36:38,18.991,24.05,OK,25.44,25.3,OK,27.58,27.51,OK,26.92,26.5,OK,27.82,27.73,OK,25.82,25.78,OK,27.76,27.71,OK,26.56,26.47,OK,0,0,,0,0,,11.44,OK,11.39,OK,11.42,OK,11.42,OK,11.46,OK,11.44,OK,11.44,OK,0,,0,,9.97,OK,10.11,OK,10.13,OK,10.13,OK,10.08,OK,10.11,OK,10.1,OK,0,,0,,,,81.47,OK,,,,81.9,OK,,,,157.61,OK,,,,158.17,OK,,,,37.4,OK,,,,37.54,OK,,,,,,,,,,,,,,,,,
2410120279C,NEW KAPPAEX1.0,CM4P1,2024-10-12 08:36:56,18.688,28.25,OK,25.95,25.33,OK,22.78,22.56,OK,23.33,22.8,OK,22.61,22.3,OK,21.77,21.7,OK,21.86,21.15,OK,22.58,22.03,OK,0,0,,0,0,,0,OK,0,OK,0,OK,0,OK,0,OK,0,OK,0,OK,0,,0,,0,OK,0,OK,0,OK,0,OK,0,OK,0,OK,0,OK,0,,0,,,,53.65,OK,,,,54.09,OK,,,,-293.31,OK,,,,-292.73,OK,,,,172.91,OK,,,,172.33,OK,,,,,,,,,,,,,,,,,
2410120369D,ATKINSON 3.8 OCV,DM2P7,2024-10-12 08:37:34,18.997,24.8,OK,29.06,28.99,OK,23.83,23.8,OK,24.46,24.31,OK,26.25,26.25,OK,26.1,25.98,OK,24,23.97,OK,23.39,23.34,OK,0,0,,0,0,,10.8,OK,11.1,OK,11.39,OK,11.41,OK,11.46,OK,10.81,OK,10.83,OK,0,,0,,10.19,OK,10.15,OK,10.2,OK,10.15,OK,10.2,OK,10.17,OK,10.19,OK,0,,0,,,,82.07,OK,,,,82.5,OK,,,,157.46,OK,,,,157.77,OK,,,,37.71,OK,,,,38.47,OK,,,,,,,,,,,,,,,,,
2410120280C,NEW KAPPAEX1.0,CM1P5,2024-10-12 08:37:45,18.688,28.25,OK,23.27,22.97,OK,21.66,21.08,OK,23.55,23.34,OK,21.69,21.13,OK,22.32,21.99,OK,22.13,21.43,OK,21.41,21.1,OK,0,0,,0,0,,5.76,OK,6.54,OK,6.81,OK,6.56,OK,6.61,OK,6.64,OK,6.82,OK,0,,0,,6.14,OK,7.2,OK,6.78,OK,6.63,OK,6.85,OK,6.58,OK,6.32,OK,0,,0,,,,53.69,OK,,,,53.48,OK,,,,-293.12,OK,,,,-292.9,OK,,,,173,OK,,,,174.39,OK,,,,,,,,,,,,,,,,,
2410120370D,ATKINSON 3.8 OCV,DM3P5,2024-10-12 08:38:26,18.994,23.55,OK,26,25.98,OK,25.49,25.4,OK,25.96,25.63,OK,22.83,22.78,OK,24.59,24.52,OK,25.33,25.29,OK,25.77,25.75,OK,0,0,,0,0,,11.61,OK,11.66,OK,11.49,OK,11.64,OK,11.6,OK,11.53,OK,11.77,OK,0,,0,,12.81,OK,12.76,OK,12.8,OK,12.77,OK,12.9,OK,12.82,OK,12.88,OK,0,,0,,,,82.17,OK,,,,81.85,OK,,,,157.9,OK,,,,157.97,OK,,,,37.8,OK,,,,37.63,OK,,,,,,,,,,,,,,,,,
2410120281C,NEW KAPPAEX1.0,CM2P7,2024-10-12 08:38:34,18.678,27.92,OK,27.05,26.95,OK,22.5,22.29,OK,24.08,23.78,OK,22.64,22.47,OK,23.57,23.5,OK,22.4,22.08,OK,23.48,23.27,OK,0,0,,0,0,,15.36,OK,15.36,OK,15.36,OK,15.36,OK,15.36,OK,15.36,OK,15.36,OK,0,,0,,15.36,OK,15.36,OK,15.36,OK,15.36,OK,15.36,OK,15.36,OK,15.36,OK,0,,0,,,,54.92,OK,,,,53.93,OK,,,,-291.69,OK,,,,-292.71,OK,,,,170.65,OK,,,,171.81,OK,,,,,,,,,,,,,,,,,
2410120371D,ATKINSON 3.8 OCV,DM4P3,2024-10-12 08:39:21,18.993,23.47,OK,24.89,24.82,OK,23.29,23.24,OK,24.57,24.2,OK,27.12,26.84,OK,25.84,25.8,OK,26.07,25.91,OK,25.26,25.19,OK,0,0,,0,0,,12.1,OK,12.25,OK,12.3,OK,11.77,OK,12,OK,12.02,OK,12.33,OK,0,,0,,12.39,OK,12.39,OK,12.46,OK,12.43,OK,12.47,OK,12.42,OK,12.45,OK,0,,0,,,,82.41,OK,,,,81.82,OK,,,,158.55,OK,,,,158.59,OK,,,,38.05,OK,,,,37.86,OK,,,,,,,,,,,,,,,,,
2410120282C,NEW KAPPAEX1.0,CM5P2,2024-10-12 08:39:23,18.684,27.65,OK,24.32,24.13,OK,21.29,21,OK,22.41,22.1,OK,20.79,20.69,OK,22.24,22.05,OK,21.29,20.91,OK,22.96,22.6,OK,0,0,,0,0,,2.46,OK,2.46,OK,2.49,OK,2.47,OK,2.47,OK,2.47,OK,2.49,OK,0,,0,,2.57,OK,2.39,OK,2.52,OK,2.4,OK,2.45,OK,2.44,OK,2.36,OK,0,,0,,,,53.96,OK,,,,53.68,OK,,,,-293.28,OK,,,,-293.28,OK,,,,172.73,OK,,,,171.99,OK,,,,,,,,,,,,,,,,,
2410120283C,NEW KAPPAEX1.0,CM3P4,2024-10-12 08:40:08,18.683,26.76,OK,22.81,22.6,OK,21.34,20.86,OK,21.79,21.31,OK,20.73,20.25,OK,20.25,20.21,OK,21.41,20.64,OK,20.75,19.82,OK,0,0,,0,0,,0,OK,0,OK,0,OK,0,OK,0,OK,0,OK,0,OK,0,,0,,0,OK,0,OK,0,OK,0,OK,0,OK,0,OK,0,OK,0,,0,,,,53.58,OK,,,,52.63,OK,,,,-292.31,OK,,,,-291.44,OK,,,,172.95,OK,,,,172.52,OK,,,,,,,,,,,,,,,,,
2410120368D,ATKINSON 3.8 OCV,DM5P1,2024-10-12 08:40:13,18.991,24.05,OK,23.14,23.09,OK,25.25,25.11,OK,24.74,24.39,OK,25.78,25.5,OK,25.48,25.34,OK,24,23.95,OK,23.81,23.69,OK,0,0,,0,0,,2.06,OK,2.66,OK,2.64,OK,2.67,OK,2.71,OK,2.67,OK,2.63,OK,0,,0,,0.8,OK,0.81,OK,0.83,OK,0.83,OK,0.87,OK,0.86,OK,0.84,OK,0,,0,,,,81.96,OK,,,,81.59,OK,,,,158.05,OK,,,,158.9,OK,,,,37.99,OK,,,,38.16,OK,,,,,,,,,,,,,,,,,
2410120284C,NEW KAPPAEX1.0,CM4P8,2024-10-12 08:40:57,18.683,27.08,OK,24.59,24.17,OK,22.36,22.12,OK,23.22,22.74,OK,20.89,20.54,OK,23.71,23.64,OK,22.74,22.36,OK,22.61,21.88,OK,0,0,,0,0,,0,OK,0,OK,0,OK,0,OK,0,OK,0,OK,0,OK,0,,0,,0,OK,0,OK,0,OK,0,OK,0,OK,0,OK,0,OK,0,,0,,,,54.14,OK,,,,53.27,OK,,,,-292.4,OK,,,,-292.29,OK,,,,172.15,OK,,,,173.23,OK,,,,,,,,,,,,,,,,,
2410120372D,ATKINSON 3.8 OCV,DM1P2,2024-10-12 08:41:08,18.996,21.73,OK,24.54,24.52,OK,26.65,26.54,OK,25.03,24.72,OK,27.13,27.13,OK,25.57,25.53,OK,24.58,24.54,OK,24.79,24.7,OK,0,0,,0,0,,11.28,OK,11.45,OK,11.4,OK,11.43,OK,11.5,OK,11.49,OK,11.45,OK,0,,0,,9.9,OK,10.1,OK,10.09,OK,10.06,OK,10.07,OK,10.11,OK,10.03,OK,0,,0,,,,81.99,OK,,,,82.27,OK,,,,157.69,OK,,,,157.85,OK,,,,37.64,OK,,,,37.56,OK,,,,,,,,,,,,,,,,,
2410120285C,NEW KAPPAEX1.0,CM1P9,2024-10-12 08:41:42,18.686,28.43,OK,24.81,24.7,OK,22.41,21.85,OK,23.2,23.11,OK,21.57,21.1,OK,20.89,20.66,OK,21.17,20.66,OK,21.1,20.68,OK,0,0,,0,0,,5.75,OK,6.52,OK,6.38,OK,6.46,OK,6.77,OK,6.65,OK,6.56,OK,0,,0,,6.18,OK,6.42,OK,6.8,OK,7.29,OK,6.47,OK,6.7,OK,6.9,OK,0,,0,,,,54.95,OK,,,,53.48,OK,,,,-294.86,OK,,,,-293.57,OK,,,,173.4,OK,,,,172.56,OK,,,,,,,,,,,,,,,,,
2410120373D,ATKINSON 3.8 OCV,DM2P6,2024-10-12 08:42:00,18.999,23.52,OK,27.8,27.73,OK,25.06,25.01,OK,26.06,25.89,OK,26.88,26.83,OK,26.4,26.4,OK,26.73,26.69,OK,24.75,24.68,OK,0,0,,0,0,,11,OK,10.88,OK,10.79,OK,11.03,OK,10.8,OK,10.81,OK,10.8,OK,0,,0,,10.33,OK,10.29,OK,10.26,OK,10.24,OK,10.31,OK,10.27,OK,10.25,OK,0,,0,,,,82.67,OK,,,,82.83,OK,,,,157.47,OK,,,,157.1,OK,,,,37.65,OK,,,,37.92,OK,,,,,,,,,,,,,,,,,
2410120286C,NEW KAPPAEX1.0,CM2P3,2024-10-12 08:42:31,18.691,27.21,OK,24.53,24.39,OK,22.96,22.73,OK,24.64,24.34,OK,22.19,22.01,OK,23.59,23.52,OK,21.91,21.66,OK,22.78,22.54,OK,0,0,,0,0,,15.36,OK,15.36,OK,15.36,OK,15.36,OK,15.36,OK,15.36,OK,15.36,OK,0,,0,,15.36,OK,15.36,OK,15.36,OK,15.36,OK,15.36,OK,15.36,OK,15.36,OK,0,,0,,,,53.99,OK,,,,52.88,OK,,,,-292.62,OK,,,,-292.41,OK,,,,171.56,OK,,,,172.74,OK,,,,,,,,,,,,,,,,,
2410120374D,ATKINSON 3.8 OCV,DM3P9,2024-10-12 08:42:55,18.985,24.02,OK,27.98,27.98,OK,26.26,26.21,OK,26.21,25.89,OK,24.71,24.66,OK,26.82,26.75,OK,26.03,25.98,OK,26.31,26.31,OK,0,0,,0,0,,11.67,OK,11.67,OK,11.56,OK,11.71,OK,11.67,OK,11.75,OK,11.66,OK,0,,0,,12.87,OK,12.73,OK,12.77,OK,12.6,OK,12.87,OK,12.85,OK,12.9,OK,0,,0,,,,82.24,OK,,,,82.49,OK,,,,158.29,OK,,,,158.48,OK,,,,37.96,OK,,,,37.55,OK,,,,,,,,,,,,,,,,,
2410120288C,NEW KAPPAEX1.0,CM3P1,2024-10-12 08:43:17,18.699,28.23,OK,21.27,21.11,OK,21.54,21.2,OK,21.2,20.86,OK,19.64,19.14,OK,21.77,21.5,OK,21.22,20.45,OK,21.84,21.13,OK,0,0,,0,0,,0,OK,0,OK,0,OK,0,OK,0,OK,0,OK,0,OK,0,,0,,0,OK,0,OK,0,OK,0,OK,0,OK,0,OK,0,OK,0,,0,,,,53.56,OK,,,,52.38,OK,,,,-293.48,OK,,,,-292.05,OK,,,,173.4,OK,,,,172.56,OK,,,,,,,,,,,,,,,,,
2410120375D,ATKINSON 3.8 OCV,DM4P4,2024-10-12 08:43:47,18.995,24.83,OK,26.7,26.61,OK,24.61,24.57,OK,24.8,24.47,OK,27.35,27.12,OK,25.31,25.24,OK,26.24,26.14,OK,24.8,24.75,OK,0,0,,0,0,,12.07,OK,12.27,OK,12.29,OK,11.94,OK,12.08,OK,12.17,OK,12.31,OK,0,,0,,12.42,OK,12.43,OK,12.43,OK,12.41,OK,12.46,OK,12.39,OK,12.41,OK,0,,0,,,,81.83,OK,,,,82.29,OK,,,,157.45,OK,,,,158.07,OK,,,,37.32,OK,,,,37.59,OK,,,,,,,,,,,,,,,,,
2410120289C,NEW KAPPAEX1.0,CM4P5,2024-10-12 08:44:02,18.696,27.73,OK,23.9,23.35,OK,22.14,21.62,OK,23.51,23.11,OK,21.2,20.69,OK,22.94,22.89,OK,22.1,21.77,OK,22.78,22.14,OK,0,0,,0,0,,0,OK,0,OK,0,OK,0,OK,0,OK,0,OK,0,OK,0,,0,,0,OK,0,OK,0,OK,0,OK,0,OK,0,OK,0,OK,0,,0,,,,53.38,OK,,,,54.01,OK,,,,-293.76,OK,,,,-292.33,OK,,,,172.28,OK,,,,173.46,OK,,,,,,,,,,,,,,,,,
2410120376D,ATKINSON 3.8 OCV,DM5P8,2024-10-12 08:44:43,18.993,24.25,OK,22.67,22.53,OK,24.16,24.09,OK,23.46,23.18,OK,24.04,23.88,OK,23.23,23.11,OK,23.62,23.44,OK,22.81,22.74,OK,0,0,,0,0,,2.09,OK,2.65,OK,2.73,OK,2.65,OK,2.67,OK,2.69,OK,2.64,OK,0,,0,,0.8,OK,0.77,OK,0.81,OK,0.82,OK,0.82,OK,0.84,OK,0.84,OK,0,,0,,,,81.31,OK,,,,81.18,OK,,,,158.44,OK,,,,158.94,OK,,,,37.89,OK,,,,38.09,OK,,,,,,,,,,,,,,,,,
2410120290C,NEW KAPPAEX1.0,CM1P7,2024-10-12 08:44:48,18.699,29.02,OK,23.23,23.02,OK,20.94,20.31,OK,22.97,22.81,OK,20.87,20.47,OK,22.5,22.27,OK,21.15,20.73,OK,22.04,21.48,OK,0,0,,0,0,,5.74,OK,6.44,OK,6.7,OK,6.47,OK,6.58,OK,6.68,OK,6.8,OK,0,,0,,6.41,OK,6.41,OK,6.58,OK,6.64,OK,6.99,OK,6.58,OK,6.32,OK,0,,0,,,,54.48,OK,,,,54.89,OK,,,,-292.34,OK,,,,-294.82,OK,,,,172.76,OK,,,,173.85,OK,,,,,,,,,,,,,,,,,
2410120291C,NEW KAPPAEX1.0,CM2P2,2024-10-12 08:45:36,18.692,27.62,OK,24.32,23.97,OK,22.8,22.54,OK,23.57,23.2,OK,22.78,22.64,OK,23.85,23.8,OK,22.82,22.66,OK,23.06,22.78,OK,0,0,,0,0,,15.36,OK,15.36,OK,15.36,OK,15.36,OK,15.36,OK,15.36,OK,15.36,OK,0,,0,,15.36,OK,15.36,OK,15.36,OK,15.36,OK,15.36,OK,15.36,OK,15.36,OK,0,,0,,,,53.93,OK,,,,54.23,OK,,,,-292.68,OK,,,,-292.67,OK,,,,172.34,OK,,,,172.1,OK,,,,,,,,,,,,,,,,,
2410120377D,ATKINSON 3.8 OCV,DM1P1,2024-10-12 08:45:38,18.984,24.62,OK,25.1,24.74,OK,27.24,27.22,OK,25.73,25.51,OK,27.71,27.64,OK,27.44,27.15,OK,26.83,26.59,OK,25.78,25.66,OK,0,0,,0,0,,11.4,OK,11.35,OK,11.35,OK,11.39,OK,11.47,OK,11.44,OK,11.42,OK,0,,0,,9.94,OK,10.01,OK,10,OK,10.12,OK,10.08,OK,10.11,OK,10.19,OK,0,,0,,,,81.89,OK,,,,82.43,OK,,,,157.46,OK,,,,157.74,OK,,,,37.42,OK,,,,37.36,OK,,,,,,,,,,,,,,,,,
2410120292C,NEW KAPPAEX1.0,CM3P4,2024-10-12 08:46:22,18.697,27.41,OK,20.45,20.25,OK,21.11,20.68,OK,20.07,19.82,OK,19.75,19.37,OK,19.69,19.46,OK,21.54,20.77,OK,20.02,19.07,OK,0,0,,0,0,,0,OK,0,OK,0,OK,0,OK,0,OK,0,OK,0,OK,0,,0,,0,OK,0,OK,0,OK,0,OK,0,OK,0,OK,0,OK,0,,0,,,,54.2,OK,,,,52.81,OK,,,,-293.06,OK,,,,-292.26,OK,,,,172.71,OK,,,,171.58,OK,,,,,,,,,,,,,,,,,
2410120378D,ATKINSON 3.8 OCV,DM2P7,2024-10-12 08:46:30,18.994,23.93,OK,27.53,27.46,OK,25.18,25.09,OK,24.75,24.58,OK,27.61,27.61,OK,26.81,26.78,OK,25.62,25.55,OK,26.01,25.94,OK,0,0,,0,0,,11.15,OK,11.46,OK,10.84,OK,10.81,OK,11,OK,10.99,OK,10.8,OK,0,,0,,10.21,OK,10.26,OK,10.22,OK,10.19,OK,10.18,OK,10.23,OK,10.19,OK,0,,0,,,,82.22,OK,,,,82.7,OK,,,,157.87,OK,,,,158.13,OK,,,,37.81,OK,,,,37.84,OK,,,,,,,,,,,,,,,,,
2410120379D,ATKINSON 3.8 OCV,DM3P5,2024-10-12 08:47:25,18.989,25.32,OK,28.74,28.65,OK,27.42,27.42,OK,26.93,26.58,OK,27.61,27.51,OK,26.96,26.89,OK,28.79,28.74,OK,27.56,27.42,OK,0,0,,0,0,,11.63,OK,11.63,OK,11.67,OK,11.81,OK,11.8,OK,11.79,OK,11.82,OK,0,,0,,12.82,OK,12.79,OK,12.77,OK,12.76,OK,12.78,OK,12.8,OK,12.74,OK,0,,0,,,,82.07,OK,,,,82.38,OK,,,,156.75,OK,,,,158.41,OK,,,,37.81,OK,,,,37.82,OK,,,,,,,,,,,,,,,,,
2410120380D,ATKINSON 3.8 OCV,DM4P3,2024-10-12 08:48:21,18.993,22.93,OK,26.52,26.42,OK,24.33,24.24,OK,25.91,25.56,OK,26.28,26.28,OK,27.84,27.74,OK,26.33,26.33,OK,26.03,25.94,OK,0,0,,0,0,,12.12,OK,12.16,OK,12.12,OK,12.25,OK,12.23,OK,12.29,OK,12.31,OK,0,,0,,12.25,OK,12.41,OK,12.44,OK,12.3,OK,12.31,OK,12.39,OK,12.37,OK,0,,0,,,,82.52,OK,,,,82.15,OK,,,,158.12,OK,,,,158.04,OK,,,,37.64,OK,,,,37.55,OK,,,,,,,,,,,,,,,,,
2410120381D,ATKINSON 3.8 OCV,DM5P2,2024-10-12 08:49:12,18.996,23.36,OK,24,23.81,OK,25.53,25.36,OK,23.58,23.3,OK,24.04,23.88,OK,24.74,24.62,OK,23.79,23.69,OK,23.97,23.86,OK,0,0,,0,0,,2.08,OK,2.63,OK,2.64,OK,2.68,OK,2.72,OK,2.66,OK,2.64,OK,0,,0,,0.83,OK,0.83,OK,0.81,OK,0.8,OK,0.86,OK,0.85,OK,0.81,OK,0,,0,,,,81.07,OK,,,,81.19,OK,,,,158.08,OK,,,,158.61,OK,,,,38.25,OK,,,,38,OK,,,,,,,,,,,,,,,,,
2410120293C,NEW KAPPAEX1.0,CM4P8,2024-10-12 08:49:20,18.69,27.47,OK,23.31,22.67,OK,22.56,22.41,OK,22.94,22.63,OK,21.97,21.59,OK,23.73,23.73,OK,21.35,20.87,OK,22.85,22.63,OK,0,0,,0,0,,0,OK,0,OK,0,OK,0,OK,0,OK,0,OK,0,OK,0,,0,,0,OK,0,OK,0,OK,0,OK,0,OK,0,OK,0,OK,0,,0,,,,53.55,OK,,,,53.31,OK,,,,-292.9,OK,,,,-292.16,OK,,,,170.98,OK,,,,172.86,OK,,,,,,,,,,,,,,,,,
2410120382D,ATKINSON 3.8 OCV,DM1P6,2024-10-12 08:50:04,18.997,24.31,OK,25.73,25.6,OK,26.5,26.38,OK,27.4,27.08,OK,27.37,27.22,OK,24.54,24.49,OK,26.07,26,OK,25.33,25.3,OK,0,0,,0,0,,11.45,OK,11.41,OK,11.41,OK,11.39,OK,11.48,OK,11.57,OK,11.43,OK,0,,0,,9.93,OK,9.9,OK,10.14,OK,10.11,OK,10.13,OK,10.15,OK,10.09,OK,0,,0,,,,83,OK,,,,82.89,OK,,,,157.19,OK,,,,157.45,OK,,,,37.3,OK,,,,37.66,OK,,,,,,,,,,,,,,,,,
2410120294C,NEW KAPPAEX1.0,CM1P9,2024-10-12 08:50:12,18.69,27.47,OK,21.78,21.57,OK,22.04,21.62,OK,22.67,22.53,OK,21.92,21.34,OK,20.96,20.75,OK,21.22,20.59,OK,21.62,21.29,OK,0,0,,0,0,,5.63,OK,6.39,OK,6.41,OK,7.06,OK,6.68,OK,6.68,OK,6.6,OK,0,,0,,6.02,OK,6.38,OK,6.9,OK,6.68,OK,6.51,OK,6.74,OK,6.44,OK,0,,0,,,,55.18,OK,,,,54.07,OK,,,,-295.38,NG,,,,-293.9,OK,,,,172.12,OK,,,,173.19,OK,,,,,,,,,,,,,,,,,
2410120383D,ATKINSON 3.8 OCV,DM2P9,2024-10-12 08:50:56,18.998,22.86,OK,27.12,27.05,OK,24.19,24.12,OK,24.63,24.41,OK,26.01,25.94,OK,26.42,26.35,OK,26.98,26.88,OK,24.41,24.31,OK,0,0,,0,0,,11.24,OK,10.78,OK,10.75,OK,10.8,OK,10.81,OK,10.8,OK,10.79,OK,0,,0,,10.16,OK,10.17,OK,10.28,OK,10.2,OK,10.29,OK,10.18,OK,10.2,OK,0,,0,,,,81.43,OK,,,,82.18,OK,,,,158.54,OK,,,,158.76,OK,,,,38.31,OK,,,,38.27,OK,,,,,,,,,,,,,,,,,
2410120295C,NEW KAPPAEX1.0,CM2P3,2024-10-12 08:50:58,18.686,28.2,OK,24.11,23.83,OK,24.13,23.99,OK,24.22,23.92,OK,21.84,21.56,OK,23.41,23.34,OK,21.47,21.35,OK,22.5,22.05,OK,0,0,,0,0,,15.36,OK,15.36,OK,15.36,OK,15.36,OK,15.36,OK,15.36,OK,15.36,OK,0,,0,,15.36,OK,15.36,OK,15.36,OK,15.36,OK,15.36,OK,15.36,OK,15.36,OK,0,,0,,,,53.25,OK,,,,53.22,OK,,,,-292.46,OK,,,,-292.3,OK,,,,172.51,OK,,,,171.52,OK,,,,,,,,,,,,,,,,,
2410120296C,NEW KAPPAEX1.0,CM3P1,2024-10-12 08:51:47,18.698,28.92,OK,21.29,21.16,OK,20.68,20.25,OK,21.81,21.5,OK,21,20.43,OK,21.11,20.84,OK,21,20.18,OK,21.31,20.55,OK,0,0,,0,0,,0,OK,0,OK,0,OK,0,OK,0,OK,0,OK,0,OK,0,,0,,0,OK,0,OK,0,OK,0,OK,0,OK,0,OK,0,OK,0,,0,,,,54.22,OK,,,,54.5,OK,,,,-291.8,OK,,,,-292.39,OK,,,,172.26,OK,,,,172.87,OK,,,,,,,,,,,,,,,,,
2410120384D,ATKINSON 3.8 OCV,DM3P5,2024-10-12 08:51:52,18.986,23.47,OK,26.86,26.72,OK,25.26,25.22,OK,27.07,26.7,OK,24.45,24.38,OK,26.93,26.89,OK,26.82,26.79,OK,26.07,26.03,OK,0,0,,0,0,,11.66,OK,11.62,OK,11.58,OK,11.64,OK,11.68,OK,11.66,OK,11.73,OK,0,,0,,12.79,OK,12.69,OK,12.79,OK,12.61,OK,12.81,OK,12.84,OK,12.81,OK,0,,0,,,,80.96,OK,,,,81.85,OK,,,,157.68,OK,,,,157.96,OK,,,,37.35,OK,,,,37.61,OK,,,,,,,,,,,,,,,,,
2410120297C,NEW KAPPAEX1.0,CM4P5,2024-10-12 08:52:32,18.684,27.93,OK,24.65,24.01,OK,21.95,21.57,OK,23.64,23.22,OK,21.59,21.33,OK,22.61,22.58,OK,22.5,21.68,OK,22.17,21.68,OK,0,0,,0,0,,0,OK,0,OK,0,OK,0,OK,0,OK,0,OK,0,OK,0,,0,,0,OK,0,OK,0,OK,0,OK,0,OK,0,OK,0,OK,0,,0,,,,54.61,OK,,,,54.06,OK,,,,-294.39,OK,,,,-292.69,OK,,,,172.91,OK,,,,173.39,OK,,,,,,,,,,,,,,,,,
2410120385D,ATKINSON 3.8 OCV,DM4P8,2024-10-12 08:52:44,18.986,23.47,OK,25.82,25.63,OK,24.26,24.2,OK,24.82,24.54,OK,25.66,25.66,OK,25.68,25.68,OK,25.66,25.61,OK,25.63,25.54,OK,0,0,,0,0,,11.99,OK,12.14,OK,12.16,OK,12,OK,12.08,OK,11.96,OK,12.31,OK,0,,0,,12.43,OK,12.45,OK,12.48,OK,12.49,OK,12.47,OK,12.42,OK,12.42,OK,0,,0,,,,81.72,OK,,,,81.89,OK,,,,158.17,OK,,,,158.23,OK,,,,37.39,OK,,,,37.63,OK,,,,,,,,,,,,,,,,,
2410120287C,NEW KAPPAEX1.0,CM5P6,2024-10-12 08:53:21,18.696,27.58,OK,25.8,25.66,OK,22.12,21.84,OK,22.2,21.96,OK,20.81,20.69,OK,22.05,21.84,OK,22.6,22.1,OK,21.17,20.83,OK,0,0,,0,0,,2.5,OK,2.47,OK,2.47,OK,2.46,OK,2.52,OK,2.48,OK,2.48,OK,0,,0,,2.58,OK,2.4,OK,2.42,OK,2.44,OK,2.53,OK,2.45,OK,2.33,OK,0,,0,,,,54.97,OK,,,,53.72,OK,,,,-293.47,OK,,,,-293.34,OK,,,,172.47,OK,,,,173.74,OK,,,,,,,,,,,,,,,,,
2410120386D,ATKINSON 3.8 OCV,DM5P1,2024-10-12 08:53:39,18.996,23.71,OK,23.53,23.35,OK,23.81,23.74,OK,24.81,24.44,OK,24.37,24.13,OK,23.6,23.55,OK,23.28,23.11,OK,23.69,23.58,OK,0,0,,0,0,,2.09,OK,2.61,OK,2.64,OK,2.63,OK,2.65,OK,2.64,OK,2.75,OK,0,,0,,0.82,OK,0.79,OK,0.83,OK,0.85,OK,0.8,OK,0.81,OK,0.86,OK,0,,0,,,,82.15,OK,,,,81.79,OK,,,,158.21,OK,,,,158.96,OK,,,,38.02,OK,,,,38.33,OK,,,,,,,,,,,,,,,,,
2410120298C,NEW KAPPAEX1.0,CM1P7,2024-10-12 08:54:07,18.699,27.51,OK,21.87,21.62,OK,22.67,21.92,OK,23.09,22.95,OK,21.34,20.64,OK,20.78,20.78,OK,22.36,21.85,OK,22.83,22.57,OK,0,0,,0,0,,5.66,OK,6.96,OK,6.53,OK,6.56,OK,6.61,OK,7.07,OK,6.67,OK,0,,0,,6.81,OK,6.4,OK,6.58,OK,6.78,OK,7.3,OK,6.73,OK,6.53,OK,0,,0,,,,54.54,OK,,,,54.3,OK,,,,-292.59,OK,,,,-293.27,OK,,,,172.45,OK,,,,173.13,OK,,,,,,,,,,,,,,,,,
2410120387D,ATKINSON 3.8 OCV,DM1P7,2024-10-12 08:54:34,18.986,23.96,OK,24.7,24.45,OK,25.73,25.64,OK,24.43,24.04,OK,26.56,26.52,OK,25.19,25.15,OK,26.38,26.25,OK,26.61,26.52,OK,0,0,,0,0,,11.39,OK,11.38,OK,11.4,OK,11.68,OK,11.41,OK,11.6,OK,11.5,OK,0,,0,,9.84,OK,9.93,OK,10.1,OK,10.18,OK,10.07,OK,9.85,OK,9.72,OK,0,,0,,,,81.92,OK,,,,82.56,OK,,,,157.58,OK,,,,157.27,OK,,,,37.34,OK,,,,37.7,OK,,,,,,,,,,,,,,,,,
2410120299C,NEW KAPPAEX1.0,CM2P2,2024-10-12 08:54:52,18.688,27.91,OK,24.74,24.5,OK,23.1,22.75,OK,23.73,23.48,OK,23.52,23.24,OK,22.33,22.26,OK,23.1,22.99,OK,23.13,22.73,OK,0,0,,0,0,,15.36,OK,15.36,OK,15.36,OK,15.36,OK,15.36,OK,15.36,OK,15.36,OK,0,,0,,15.36,OK,15.36,OK,15.36,OK,15.36,OK,15.36,OK,15.36,OK,15.36,OK,0,,0,,,,53.95,OK,,,,54.73,OK,,,,-292.17,OK,,,,-291.59,OK,,,,172.62,OK,,,,173.05,OK,,,,,,,,,,,,,,,,,
2410120388D,ATKINSON 3.8 OCV,DM2P5,2024-10-12 08:55:29,18.989,25.31,OK,27.82,27.73,OK,25.79,25.67,OK,24.31,24.22,OK,26.54,26.44,OK,26.95,26.93,OK,24.19,24.07,OK,24.46,24.43,OK,0,0,,0,0,,10.82,OK,10.75,OK,10.73,OK,10.74,OK,10.75,OK,10.82,OK,10.84,OK,0,,0,,10.19,OK,10.18,OK,10.16,OK,10.2,OK,10.18,OK,10.24,OK,10.23,OK,0,,0,,,,81.87,OK,,,,81.63,OK,,,,158.07,OK,,,,158.46,OK,,,,38.07,OK,,,,38.15,OK,,,,,,,,,,,,,,,,,
2410120301C,NEW KAPPAEX1.0,CM4P8,2024-10-12 08:55:41,18.698,28.36,OK,25.93,25.2,OK,23.46,23.02,OK,23.24,22.76,OK,23.35,22.8,OK,23.31,23.24,OK,23.16,22.43,OK,21.31,20.98,OK,0,0,,0,0,,0,OK,0,OK,0,OK,0,OK,0,OK,0,OK,0,OK,0,,0,,0,OK,0,OK,0,OK,0,OK,0,OK,0,OK,0,OK,0,,0,,,,54.36,OK,,,,53.49,OK,,,,-292.03,OK,,,,-291.46,OK,,,,171.14,OK,,,,173.23,OK,,,,,,,,,,,,,,,,,
2410120389D,ATKINSON 3.8 OCV,DM3P3,2024-10-12 08:56:21,18.99,24.1,OK,29,28.95,OK,25.87,25.8,OK,25.38,25.03,OK,25.56,25.54,OK,27.84,27.84,OK,27.4,27.35,OK,26.49,26.47,OK,0,0,,0,0,,11.59,OK,11.65,OK,11.46,OK,11.63,OK,11.71,OK,11.79,OK,11.64,OK,0,,0,,12.83,OK,12.76,OK,12.75,OK,12.64,OK,12.85,OK,12.89,OK,12.85,OK,0,,0,,,,82.55,OK,,,,81.98,OK,,,,157.86,OK,,,,158.04,OK,,,,37.36,OK,,,,37.66,OK,,,,,,,,,,,,,,,,,
2410120300C,NEW KAPPAEX1.0,CM3P4,2024-10-12 08:56:26,18.687,28.42,OK,21.72,21.54,OK,20.64,20.18,OK,21.11,20.84,OK,20.82,20.32,OK,20.66,20.48,OK,20.64,19.71,OK,20.52,19.73,OK,0,0,,0,0,,0,OK,0,OK,0,OK,0,OK,0,OK,0,OK,0,OK,0,,0,,0,OK,0,OK,0,OK,0,OK,0,OK,0,OK,0,OK,0,,0,,,,53.9,OK,,,,52.98,OK,,,,-292.89,OK,,,,-292.44,OK,,,,172.83,OK,,,,171.35,OK,,,,,,,,,,,,,,,,,
2410120302C,NEW KAPPAEX1.0,CM1P9,2024-10-12 08:57:15,18.691,27.81,OK,26.03,25.93,OK,22.2,21.62,OK,23.37,23.23,OK,21.52,21.15,OK,22.74,22.39,OK,20.92,20.15,OK,21.8,21.52,OK,0,0,,0,0,,6.16,OK,6.42,OK,6.35,OK,7.06,OK,6.76,OK,6.64,OK,6.67,OK,0,,0,,6.31,OK,6.52,OK,6.62,OK,6.38,OK,6.65,OK,7.19,OK,6.31,OK,0,,0,,,,54.52,OK,,,,54.42,OK,,,,-294.73,OK,,,,-293.72,OK,,,,173.1,OK,,,,172.86,OK,,,,,,,,,,,,,,,,,
2410120390D,ATKINSON 3.8 OCV,DM4P2,2024-10-12 08:57:17,18.988,23.31,OK,24.87,24.71,OK,24.43,24.38,OK,25.29,25.08,OK,27.19,27.07,OK,26.61,26.49,OK,25.94,25.89,OK,26.58,26.45,OK,0,0,,0,0,,11.93,OK,12.19,OK,12.25,OK,11.96,OK,12.11,OK,11.96,OK,12.31,OK,0,,0,,12.46,OK,12.47,OK,12.43,OK,12.46,OK,12.49,OK,12.44,OK,12.4,OK,0,,0,,,,81.53,OK,,,,81.79,OK,,,,158.19,OK,,,,158.13,OK,,,,37.91,OK,,,,37.81,OK,,,,,,,,,,,,,,,,,
2410120303C,NEW KAPPAEX1.0,CM2P3,2024-10-12 08:58:04,18.699,27.93,OK,28.24,28.05,OK,21.45,21.12,OK,24.32,23.99,OK,22.36,22.17,OK,22.71,22.64,OK,21.31,21.05,OK,22.33,22.1,OK,0,0,,0,0,,15.36,OK,15.36,OK,15.36,OK,15.36,OK,15.36,OK,15.36,OK,15.36,OK,0,,0,,15.36,OK,15.36,OK,15.36,OK,15.36,OK,15.36,OK,15.36,OK,15.36,OK,0,,0,,,,53.29,OK,,,,52.14,OK,,,,-293.12,OK,,,,-292.01,OK,,,,171.6,OK,,,,171.33,OK,,,,,,,,,,,,,,,,,
2410120391D,ATKINSON 3.8 OCV,DM5P6,2024-10-12 08:58:12,18.99,23.21,OK,25.09,25.02,OK,26.5,26.43,OK,24.85,24.58,OK,26.04,25.85,OK,25.27,25.18,OK,26.25,26.2,OK,23.79,23.69,OK,0,0,,0,0,,2.09,OK,2.69,OK,2.68,OK,2.74,OK,2.81,OK,2.7,OK,2.67,OK,0,,0,,0.8,OK,0.83,OK,0.83,OK,0.82,OK,0.82,OK,0.86,OK,0.85,OK,0,,0,,,,82.68,OK,,,,82.19,OK,,,,157.84,OK,,,,158.23,OK,,,,37.97,OK,,,,38.43,OK,,,,,,,,,,,,,,,,,
2410120304C,NEW KAPPAEX1.0,CM3P1,2024-10-12 08:58:49,18.689,27.45,OK,20.43,20.27,OK,20.02,19.66,OK,20.95,20.75,OK,21.56,21.09,OK,20.84,20.73,OK,21.34,20.68,OK,21.04,20.3,OK,0,0,,0,0,,0,OK,0,OK,0,OK,0,OK,0,OK,0,OK,0,OK,0,,0,,0,OK,0,OK,0,OK,0,OK,0,OK,0,OK,0,OK,0,,0,,,,54.04,OK,,,,52.96,OK,,,,-293.22,OK,,,,-292.6,OK,,,,173.34,OK,,,,172.82,OK,,,,,,,,,,,,,,,,,
2410120392D,ATKINSON 3.8 OCV,DM1P9,2024-10-12 08:59:07,18.999,25.01,OK,24.61,24.52,OK,27.42,27.37,OK,26.68,26.32,OK,26.7,26.61,OK,26.43,26.43,OK,24.9,24.81,OK,25.06,25.01,OK,0,0,,0,0,,11.4,OK,11.37,OK,11.35,OK,11.35,OK,11.47,OK,11.47,OK,11.57,OK,0,,0,,9.91,OK,9.88,OK,10.05,OK,10.06,OK,10.11,OK,10.1,OK,10.13,OK,0,,0,,,,81.99,OK,,,,82.26,OK,,,,158.03,OK,,,,158.18,OK,,,,37.78,OK,,,,37.22,OK,,,,,,,,,,,,,,,,,
2410120307C,NEW KAPPAEX1.0,CM1P2,2024-10-12 08:59:35,18.69,26.66,OK,21.9,21.55,OK,21.64,21.13,OK,22.9,22.62,OK,20.4,19.91,OK,21.71,21.43,OK,21.55,21.36,OK,22.27,21.85,OK,0,0,,0,0,,5.69,OK,6.51,OK,6.46,OK,6.42,OK,7.01,OK,6.72,OK,6.72,OK,0,,0,,6.03,OK,6.36,OK,6.55,OK,7.38,OK,6.37,OK,6.58,OK,7.11,OK,0,,0,,,,53.98,OK,,,,54.66,OK,,,,-292.77,OK,,,,-293.11,OK,,,,173.44,OK,,,,172.41,OK,,,,,,,,,,,,,,,,,
2410120393D,ATKINSON 3.8 OCV,DM2P4,2024-10-12 08:59:59,18.999,25.01,OK,28.36,28.31,OK,24.85,24.75,OK,25.6,25.43,OK,27.85,27.78,OK,25.11,25.04,OK,25.18,25.09,OK,26.2,26.1,OK,0,0,,0,0,,11.29,OK,10.81,OK,10.78,OK,11.1,OK,10.81,OK,10.82,OK,10.81,OK,0,,0,,10.33,OK,10.31,OK,10.29,OK,10.23,OK,10.24,OK,10.19,OK,10.18,OK,0,,0,,,,81.8,OK,,,,82.02,OK,,,,157.71,OK,,,,158.19,OK,,,,37.57,OK,,,,37.89,OK,,,,,,,,,,,,,,,,,
2410120308C,NEW KAPPAEX1.0,CM2P4,2024-10-12 09:00:23,18.674,27.95,OK,22.73,22.57,OK,22.66,22.36,OK,24.5,24.04,OK,22.03,21.87,OK,22.68,22.61,OK,21.17,20.93,OK,23.06,22.8,OK,0,0,,0,0,,15.36,OK,15.36,OK,15.36,OK,15.36,OK,15.36,OK,15.36,OK,15.36,OK,0,,0,,15.36,OK,15.36,OK,15.36,OK,15.36,OK,15.36,OK,15.36,OK,15.36,OK,0,,0,,,,52.46,OK,,,,53.35,OK,,,,-292.66,OK,,,,-292.22,OK,,,,171.62,OK,,,,173.36,OK,,,,,,,,,,,,,,,,,
2410120394D,ATKINSON 3.8 OCV,DM3P8,2024-10-12 09:00:51,18.996,24.01,OK,26.68,26.61,OK,26.61,26.52,OK,25.63,25.36,OK,25.22,25.12,OK,26.33,26.28,OK,26.31,26.24,OK,25.82,25.77,OK,0,0,,0,0,,11.66,OK,11.62,OK,11.48,OK,11.63,OK,11.55,OK,11.83,OK,11.8,OK,0,,0,,12.83,OK,12.8,OK,12.93,OK,12.95,OK,12.78,OK,12.77,OK,12.76,OK,0,,0,,,,81.51,OK,,,,81.72,OK,,,,157.96,OK,,,,158.26,OK,,,,37.45,OK,,,,37.89,OK,,,,,,,,,,,,,,,,,
2410120305C,NEW KAPPAEX1.0,CM4P5,2024-10-12 09:01:12,18.697,27.83,OK,26.04,25.42,OK,23.9,23.62,OK,23.82,23.44,OK,22.12,21.88,OK,22.52,22.47,OK,23.05,22.54,OK,22.01,21.68,OK,0,0,,0,0,,0,OK,0,OK,0,OK,0,OK,0,OK,0,OK,0,OK,0,,0,,0,OK,0,OK,0,OK,0,OK,0,OK,0,OK,0,OK,0,,0,,,,53.95,OK,,,,53.59,OK,,,,-293.08,OK,,,,-291.78,OK,,,,171.35,OK,,,,172.67,OK,,,,,,,,,,,,,,,,,
2410120395D,ATKINSON 3.8 OCV,DM4P1,2024-10-12 09:01:46,18.991,23.57,OK,23.8,23.68,OK,23.62,23.55,OK,24.47,24.13,OK,26.07,26.07,OK,27.33,27.21,OK,25.73,25.73,OK,24.24,24.2,OK,0,0,,0,0,,12.08,OK,12.12,OK,12.11,OK,12.15,OK,12.22,OK,12.22,OK,12.29,OK,0,,0,,12.64,OK,12.61,OK,12.09,OK,12.49,OK,12.24,OK,12.41,OK,12.42,OK,0,,0,,,,81.9,OK,,,,82.14,OK,,,,157.82,OK,,,,158.17,OK,,,,37.5,OK,,,,37.5,OK,,,,,,,,,,,,,,,,,
2410120306C,NEW KAPPAEX1.0,CM5P7,2024-10-12 09:01:58,18.697,27.83,OK,23.82,23.53,OK,21.17,20.83,OK,22.63,22.32,OK,21.05,21.05,OK,22.41,22.34,OK,21.77,21.29,OK,22.29,22.01,OK,0,0,,0,0,,2.46,OK,2.44,OK,2.45,OK,2.46,OK,2.44,OK,2.46,OK,2.44,OK,0,,0,,2.55,OK,2.36,OK,2.51,OK,2.38,OK,2.46,OK,2.48,OK,2.38,OK,0,,0,,,,53.4,OK,,,,53.08,OK,,,,-292.98,OK,,,,-292.75,OK,,,,172.72,OK,,,,172.61,OK,,,,,,,,,,,,,,,,,
2410120396D,ATKINSON 3.8 OCV,DM5P7,2024-10-12 09:02:42,18.993,23.02,OK,23.32,23.16,OK,23.83,23.72,OK,23.69,23.35,OK,24.55,24.41,OK,24.67,24.55,OK,23.46,23.39,OK,24.88,24.78,OK,0,0,,0,0,,2.08,OK,2.71,OK,2.68,OK,2.64,OK,2.67,OK,2.63,OK,2.65,OK,0,,0,,0.81,OK,0.8,OK,0.8,OK,0.81,OK,0.78,OK,0.79,OK,0.85,OK,0,,0,,,,81.47,OK,,,,82.29,OK,,,,158.09,OK,,,,158.34,OK,,,,38.15,OK,,,,38.09,OK,,,,,,,,,,,,,,,,,
2410120309C,NEW KAPPAEX1.0,CM3P6,2024-10-12 09:02:43,18.692,27.61,OK,23.33,23.19,OK,22.4,21.97,OK,22.7,22.36,OK,22.13,21.59,OK,21.5,21.27,OK,22.22,21.38,OK,22.6,21.9,OK,0,0,,0,0,,0,OK,0,OK,0,OK,0,OK,0,OK,0,OK,0,OK,0,,0,,0,OK,0,OK,0,OK,0,OK,0,OK,0,OK,0,OK,0,,0,,,,52.62,OK,,,,53.18,OK,,,,-292.58,OK,,,,-291.05,OK,,,,171.97,OK,,,,171.97,OK,,,,,,,,,,,,,,,,,
2410120397D,ATKINSON 3.8 OCV,DM1P5,2024-10-12 09:03:34,18.997,23.5,OK,25.06,24.7,OK,28.72,28.63,OK,25.71,25.3,OK,26.16,26.09,OK,25.53,25.48,OK,25.75,25.69,OK,23.75,23.64,OK,0,0,,0,0,,11.33,OK,11.39,OK,11.38,OK,11.39,OK,11.45,OK,11.51,OK,11.75,OK,0,,0,,9.88,OK,9.96,OK,10.09,OK,10.15,OK,10.13,OK,10.09,OK,10.06,OK,0,,0,,,,82.03,OK,,,,81.72,OK,,,,157.85,OK,,,,158.12,OK,,,,37.84,OK,,,,37.9,OK,,,,,,,,,,,,,,,,,
2410120398D,ATKINSON 3.8 OCV,DM2P3,2024-10-12 09:04:29,18.968,23.27,OK,27.03,26.98,OK,25.55,25.47,OK,25.5,25.28,OK,26.25,26.25,OK,25.06,25.06,OK,24.26,24.22,OK,24.7,24.65,OK,0,0,,0,0,,11.07,OK,10.76,OK,10.77,OK,10.8,OK,10.8,OK,10.8,OK,10.81,OK,0,,0,,10.16,OK,10.19,OK,10.21,OK,10.2,OK,10.2,OK,10.18,OK,10.16,OK,0,,0,,,,82.5,OK,,,,82.37,OK,,,,158.02,OK,,,,158.59,OK,,,,37.66,OK,,,,37.86,OK,,,,,,,,,,,,,,,,,
2410120399D,ATKINSON 3.8 OCV,DM3P2,2024-10-12 09:05:24,18.986,22.62,OK,28.53,28.44,OK,26.89,26.82,OK,27.05,26.77,OK,24.82,24.73,OK,28.26,28.26,OK,27.88,27.81,OK,26.17,26.14,OK,0,0,,0,0,,11.62,OK,11.87,OK,11.55,OK,11.63,OK,11.65,OK,11.71,OK,11.69,OK,0,,0,,12.84,OK,12.71,OK,12.78,OK,12.6,OK,12.84,OK,12.77,OK,12.82,OK,0,,0,,,,81.42,OK,,,,82.25,OK,,,,157.49,OK,,,,158.09,OK,,,,37.31,OK,,,,37.35,OK,,,,,,,,,,,,,,,,,
2410120402D,ATKINSON 3.8 OCV,DM1P4,2024-10-12 09:06:16,18.986,21.85,OK,26.72,26.54,OK,27.04,26.95,OK,26.72,26.47,OK,26.7,26.65,OK,26,25.93,OK,25.64,25.62,OK,25.12,25.08,OK,0,0,,0,0,,11.36,OK,11.38,OK,11.37,OK,11.36,OK,11.42,OK,11.45,OK,11.53,OK,0,,0,,9.8,OK,9.88,OK,10.12,OK,10.14,OK,10.15,OK,10.09,OK,9.99,OK,0,,0,,,,81.59,OK,,,,81.99,OK,,,,157.81,OK,,,,158,OK,,,,37.41,OK,,,,37.41,OK,,,,,,,,,,,,,,,,,
2410120310C,NEW KAPPAEX1.0,CM1P9,2024-10-12 09:06:21,18.686,26.7,OK,21.8,21.64,OK,22.85,22.34,OK,22.64,22.53,OK,20.52,19.87,OK,22.13,21.97,OK,21.5,20.89,OK,22.34,21.85,OK,0,0,,0,0,,5.76,OK,6.8,OK,6.52,OK,6.42,OK,6.62,OK,6.99,OK,6.64,OK,0,,0,,6.33,OK,6.16,OK,6.16,OK,6.34,OK,6.23,OK,6.41,OK,6.31,OK,0,,0,,,,55,OK,,,,53.87,OK,,,,-293.88,OK,,,,-293.76,OK,,,,172.15,OK,,,,172.3,OK,,,,,,,,,,,,,,,,,
2410120404D,ATKINSON 3.8 OCV,DM3P1,2024-10-12 09:07:11,18.986,24.97,OK,27.79,27.74,OK,27.42,27.37,OK,24.89,24.4,OK,25.59,25.59,OK,26.77,26.77,OK,26.75,26.7,OK,27.1,27.05,OK,0,0,,0,0,,11.67,OK,11.63,OK,11.57,OK,11.48,OK,11.61,OK,11.46,OK,11.52,OK,0,,0,,12.79,OK,12.79,OK,12.91,OK,12.91,OK,12.78,OK,12.85,OK,12.85,OK,0,,0,,,,82.32,OK,,,,82.03,OK,,,,157.28,OK,,,,158.25,OK,,,,37.07,OK,,,,37.09,OK,,,,,,,,,,,,,,,,,
2410120400D,ATKINSON 3.8 OCV,DM4P6,2024-10-12 09:08:03,18.996,24.12,OK,25.82,25.7,OK,24.64,24.59,OK,25.15,24.89,OK,27.07,27.03,OK,24.84,24.82,OK,25.29,25.26,OK,25.12,25.1,OK,0,0,,0,0,,11.97,OK,12.13,OK,12.12,OK,12.14,OK,12.28,OK,12.12,OK,12.3,OK,0,,0,,12.42,OK,12.44,OK,12.46,OK,12.44,OK,12.46,OK,12.42,OK,12.46,OK,0,,0,,,,83.09,OK,,,,82.98,OK,,,,157.25,OK,,,,157.06,OK,,,,37.31,OK,,,,37.66,OK,,,,,,,,,,,,,,,,,
2410120401D,ATKINSON 3.8 OCV,DM5P9,2024-10-12 09:08:59,18.994,24.63,OK,25.43,25.25,OK,24.62,24.53,OK,24.46,24.2,OK,24.99,24.88,OK,24.2,24.16,OK,25.02,24.78,OK,24.37,24.32,OK,0,0,,0,0,,2.07,OK,2.61,OK,2.75,OK,2.6,OK,2.63,OK,2.7,OK,2.67,OK,0,,0,,0.85,OK,0.79,OK,0.83,OK,0.82,OK,0.83,OK,0.83,OK,0.84,OK,0,,0,,,,81.63,OK,,,,81.38,OK,,,,158.56,OK,,,,159.04,OK,,,,38.72,OK,,,,38.28,OK,,,,,,,,,,,,,,,,,
2410120403D,ATKINSON 3.8 OCV,DM2P8,2024-10-12 09:09:51,18.988,23.31,OK,26.81,26.71,OK,24.77,24.65,OK,23.97,23.71,OK,26.01,25.96,OK,25.81,25.72,OK,26.32,26.27,OK,25.31,25.21,OK,0,0,,0,0,,11.24,OK,10.77,OK,10.77,OK,10.8,OK,10.79,OK,10.81,OK,10.79,OK,0,,0,,10.21,OK,10.29,OK,10.24,OK,10.21,OK,10.33,OK,10.19,OK,10.19,OK,0,,0,,,,81.69,OK,,,,81.65,OK,,,,158.37,OK,,,,158.44,OK,,,,37.96,OK,,,,38.1,OK,,,,,,,,,,,,,,,,,
2410120405D,ATKINSON 3.8 OCV,DM4P7,2024-10-12 09:10:43,18.994,25.16,OK,28.3,28.09,OK,24.03,23.99,OK,24.89,24.5,OK,25.77,25.7,OK,26.1,26.03,OK,25.75,25.7,OK,25.45,25.38,OK,0,0,,0,0,,11.96,OK,12.07,OK,12.05,OK,12.11,OK,12.13,OK,11.96,OK,12.3,OK,0,,0,,12.52,OK,12.54,OK,12.5,OK,12.6,OK,12.47,OK,12.39,OK,12.4,OK,0,,0,,,,82.34,OK,,,,82.88,OK,,,,157.83,OK,,,,157.87,OK,,,,37.44,OK,,,,37.62,OK,,,,,,,,,,,,,,,,,
2410120407D,ATKINSON 3.8 OCV,DM1P3,2024-10-12 09:11:38,18.993,23.25,OK,25.75,25.71,OK,27.8,27.53,OK,25.98,25.57,OK,27.62,27.26,OK,26.54,26.52,OK,25.62,25.55,OK,25.57,25.55,OK,0,0,,0,0,,11.32,OK,11.45,OK,11.42,OK,11.45,OK,11.47,OK,11.76,OK,11.45,OK,0,,0,,9.89,OK,10.17,OK,10.25,OK,10.21,OK,10.26,OK,10.04,OK,10.14,OK,0,,0,,,,82.6,OK,,,,82.27,OK,,,,157.77,OK,,,,158.21,OK,,,,37.56,OK,,,,37.69,OK,,,,,,,,,,,,,,,,,
2410120406D,ATKINSON 3.8 OCV,DM5P5,2024-10-12 09:12:33,18.997,25.05,OK,23.79,23.67,OK,24.39,24.34,OK,23.16,22.95,OK,23.69,23.6,OK,24.62,24.55,OK,24.18,24.11,OK,22.84,22.77,OK,0,0,,0,0,,2.08,OK,2.64,OK,2.63,OK,2.67,OK,2.7,OK,2.64,OK,2.65,OK,0,,0,,0.82,OK,0.82,OK,0.82,OK,0.82,OK,0.81,OK,0.86,OK,0.82,OK,0,,0,,,,82.13,OK,,,,81.76,OK,,,,158.18,OK,,,,158.94,OK,,,,38.37,OK,,,,38.29,OK,,,,,,,,,,,,,,,,,
2410120408D,ATKINSON 3.8 OCV,DM3P6,2024-10-12 09:13:28,18.993,25.07,OK,28.32,28.16,OK,24.75,24.71,OK,25.4,25.01,OK,22.66,22.64,OK,26.7,26.54,OK,25.91,25.87,OK,24.75,24.75,OK,0,0,,0,0,,11.63,OK,11.65,OK,11.65,OK,11.65,OK,11.72,OK,11.6,OK,11.74,OK,0,,0,,12.89,OK,12.78,OK,12.78,OK,12.76,OK,12.83,OK,12.79,OK,12.82,OK,0,,0,,,,82.36,OK,,,,82.75,OK,,,,157.18,OK,,,,157.32,OK,,,,37.11,OK,,,,37.59,OK,,,,,,,,,,,,,,,,,
2410120409D,ATKINSON 3.8 OCV,DM2P2,2024-10-12 09:14:17,18.999,24.18,OK,26.78,26.76,OK,25.16,25.04,OK,24.77,24.72,OK,24.82,24.72,OK,25.33,25.28,OK,25.31,25.21,OK,23.95,23.9,OK,0,0,,0,0,,10.8,OK,10.8,OK,10.77,OK,10.79,OK,10.95,OK,11.02,OK,11.03,OK,0,,0,,10.29,OK,10.17,OK,10.28,OK,10.23,OK,10.16,OK,10.18,OK,10.2,OK,0,,0,,,,81.88,OK,,,,82.4,OK,,,,158.19,OK,,,,158.15,OK,,,,37.74,OK,,,,38.01,OK,,,,,,,,,,,,,,,,,
2410120410D,ATKINSON 3.8 OCV,DM4P9,2024-10-12 09:15:12,18.989,24.73,OK,24.29,24.15,OK,23.15,22.92,OK,24.38,24.17,OK,25.89,25.82,OK,26.45,26.33,OK,25.36,25.33,OK,25.75,25.7,OK,0,0,,0,0,,12.2,OK,12.3,OK,12.29,OK,12.3,OK,12.4,OK,12.33,OK,12.29,OK,0,,0,,12.33,OK,12.36,OK,12.43,OK,12.45,OK,12.43,OK,11.72,OK,12.47,OK,0,,0,,,,81.54,OK,,,,81.44,OK,,,,158.72,OK,,,,158.41,OK,,,,38.38,OK,,,,37.59,OK,,,,,,,,,,,,,,,,,
2410120411D,ATKINSON 3.8 OCV,DM1P8,2024-10-12 09:16:08,18.987,23.66,OK,27.04,26.88,OK,27.35,27.33,OK,26.11,25.8,OK,26.41,26.25,OK,25.51,25.46,OK,25.39,25.37,OK,25.03,24.92,OK,0,0,,0,0,,11.33,OK,11.3,OK,11.3,OK,11.37,OK,11.44,OK,11.52,OK,11.44,OK,0,,0,,9.76,OK,10.11,OK,10.28,OK,10.25,OK,10.22,OK,10.04,OK,10.08,OK,0,,0,,,,81.24,OK,,,,81.32,OK,,,,158.14,OK,,,,158.5,OK,,,,37.81,OK,,,,38.13,OK,,,,,,,,,,,,,,,,,
2410120413D,ATKINSON 3.8 OCV,DM3P1,2024-10-12 09:17:00,18.985,24.25,OK,26.96,26.89,OK,26.17,26.1,OK,26.33,26.05,OK,24.36,24.31,OK,27.19,27.19,OK,27.05,26.96,OK,25.54,25.52,OK,0,0,,0,0,,11.6,OK,11.65,OK,11.65,OK,11.64,OK,11.31,OK,11.82,OK,11.83,OK,0,,0,,12.58,OK,12.91,OK,12.8,OK,12.78,OK,12.72,OK,12.74,OK,12.8,OK,0,,0,,,,82.13,OK,,,,82.48,OK,,,,157.94,OK,,,,158.18,OK,,,,37.25,OK,,,,37.24,OK,,,,,,,,,,,,,,,,,
2410120414D,ATKINSON 3.8 OCV,DM2P7,2024-10-12 09:17:52,18.998,24.03,OK,27.27,27.17,OK,24.72,24.63,OK,23.76,23.42,OK,26.81,26.76,OK,26.98,26.93,OK,24.68,24.55,OK,26.69,26.61,OK,0,0,,0,0,,11.24,OK,10.79,OK,10.77,OK,10.81,OK,10.81,OK,10.82,OK,10.8,OK,0,,0,,10.32,OK,10.27,OK,10.2,OK,10.2,OK,10.21,OK,10.2,OK,10.21,OK,0,,0,,,,82,OK,,,,82.22,OK,,,,157.61,OK,,,,157.88,OK,,,,37.8,OK,,,,38.14,OK,,,,,,,,,,,,,,,,,
2410120415D,ATKINSON 3.8 OCV,DM4P5,2024-10-12 09:18:47,18.993,23,OK,23.71,23.55,OK,23.64,23.64,OK,23.99,23.73,OK,26.45,26.42,OK,24.24,24.15,OK,25.49,25.42,OK,26.4,26.38,OK,0,0,,0,0,,12.13,OK,12.26,OK,12.1,OK,12.29,OK,12.3,OK,12.22,OK,12.3,OK,0,,0,,11.79,OK,12.26,OK,12.38,OK,12.43,OK,12.45,OK,12.46,OK,12.27,OK,0,,0,,,,81.82,OK,,,,81.61,OK,,,,158.24,OK,,,,158.47,OK,,,,38.22,OK,,,,37.99,OK,,,,,,,,,,,,,,,,,
2410120412D,ATKINSON 3.8 OCV,DM5P4,2024-10-12 09:19:39,18.985,24.25,OK,24.34,24.25,OK,26.06,25.83,OK,25.22,24.76,OK,24.27,24.06,OK,24.41,24.23,OK,24.13,24.06,OK,24.23,24.04,OK,0,0,,0,0,,2.04,OK,2.7,OK,2.63,OK,2.59,OK,2.76,OK,2.67,OK,2.65,OK,0,,0,,0.81,OK,0.8,OK,0.83,OK,0.8,OK,0.81,OK,0.86,OK,0.82,OK,0,,0,,,,80.78,OK,,,,81.61,OK,,,,157.85,OK,,,,158.91,OK,,,,38.13,OK,,,,38.27,OK,,,,,,,,,,,,,,,,,
2410120416D,ATKINSON 3.8 OCV,DM1P3,2024-10-12 09:20:31,18.987,23.55,OK,23.75,23.64,OK,25.64,25.55,OK,25.15,24.81,OK,26.72,26.5,OK,26.43,26.41,OK,25.96,25.84,OK,24.54,24.49,OK,0,0,,0,0,,11.44,OK,11.4,OK,11.39,OK,11.43,OK,11.42,OK,11.38,OK,11.38,OK,0,,0,,9.6,OK,10.15,OK,10.05,OK,10.14,OK,10.05,OK,10.06,OK,10.09,OK,0,,0,,,,82.71,OK,,,,82.51,OK,,,,157.29,OK,,,,157.69,OK,,,,37.09,OK,,,,37.26,OK,,,,,,,,,,,,,,,,,
2410120418D,ATKINSON 3.8 OCV,DM2P9,2024-10-12 09:21:29,18.991,22.8,OK,25.84,25.79,OK,24.22,24.17,OK,24.12,23.88,OK,26.27,26.18,OK,25.45,25.33,OK,25.01,24.99,OK,24.58,24.55,OK,0,0,,0,0,,10.8,OK,10.82,OK,10.76,OK,10.81,OK,10.77,OK,10.81,OK,11.1,OK,0,,0,,10.2,OK,10.2,OK,10.17,OK,10.2,OK,10.19,OK,10.17,OK,10.19,OK,0,,0,,,,81.31,OK,,,,82.14,OK,,,,158.63,OK,,,,158.74,OK,,,,38.42,OK,,,,38.02,OK,,,,,,,,,,,,,,,,,
2410120417D,ATKINSON 3.8 OCV,DM3P2,2024-10-12 09:22:21,18.989,23.63,OK,27.74,27.72,OK,26.42,26.4,OK,26.28,26.03,OK,23.94,23.94,OK,26.52,26.47,OK,27.23,27.16,OK,27.26,27.19,OK,0,0,,0,0,,11.69,OK,11.69,OK,11.74,OK,11.67,OK,11.6,OK,11.62,OK,11.49,OK,0,,0,,12.74,OK,12.76,OK,12.8,OK,12.77,OK,12.78,OK,12.81,OK,12.77,OK,0,,0,,,,82.39,OK,,,,83.48,OK,,,,156.68,OK,,,,157.21,OK,,,,36.34,OK,,,,36.23,OK,,,,,,,,,,,,,,,,,
2410120419D,ATKINSON 3.8 OCV,DM4P8,2024-10-12 09:23:17,18.994,23.4,OK,25.73,25.61,OK,24.08,24.03,OK,24.91,24.59,OK,25.45,25.38,OK,25.59,25.59,OK,26.63,26.63,OK,24.5,24.47,OK,0,0,,0,0,,12.11,OK,12.25,OK,12.11,OK,12.25,OK,12.31,OK,12.29,OK,12.3,OK,0,,0,,12.19,OK,12.33,OK,12.54,OK,12.44,OK,12.44,OK,12.4,OK,12.45,OK,0,,0,,,,82.25,OK,,,,82.68,OK,,,,157.89,OK,,,,157.98,OK,,,,37.32,OK,,,,37.28,OK,,,,,,,,,,,,,,,,,
2410120421D,ATKINSON 3.8 OCV,DM1P4,2024-10-12 09:24:09,18.99,22.96,OK,28.52,28.45,OK,29.56,29.26,OK,25.26,24.97,OK,29.26,29.06,OK,27.37,27.26,OK,26.61,26.54,OK,24.94,24.88,OK,0,0,,0,0,,11.4,OK,11.39,OK,11.4,OK,11.46,OK,11.58,OK,11.46,OK,11.54,OK,0,,0,,9.85,OK,10.28,OK,10.3,OK,10.27,OK,10.11,OK,10.1,OK,10.08,OK,0,,0,,,,82.71,OK,,,,83.1,OK,,,,156.45,OK,,,,156.93,OK,,,,36.61,OK,,,,36.76,OK,,,,,,,,,,,,,,,,,
2410120420D,ATKINSON 3.8 OCV,DM5P6,2024-10-12 09:25:04,18.992,23.07,OK,24.62,24.48,OK,24.58,24.53,OK,24.62,24.27,OK,23.46,23.37,OK,23.62,23.46,OK,23.62,23.55,OK,23.74,23.65,OK,0,0,,0,0,,2.03,OK,2.63,OK,2.63,OK,2.65,OK,2.69,OK,2.66,OK,2.67,OK,0,,0,,0.81,OK,0.83,OK,0.83,OK,0.81,OK,0.81,OK,0.85,OK,0.82,OK,0,,0,,,,83.81,OK,,,,83.2,OK,,,,157.06,OK,,,,156.91,OK,,,,37.16,OK,,,,37.5,OK,,,,,,,,,,,,,,,,,
2410120422D,ATKINSON 3.8 OCV,DM2P7,2024-10-12 09:25:56,18.984,23.47,OK,27,26.93,OK,24.72,24.63,OK,23.71,23.51,OK,26.61,26.54,OK,25.67,25.62,OK,25.35,25.31,OK,25.57,25.57,OK,0,0,,0,0,,11.15,OK,10.78,OK,10.8,OK,10.8,OK,10.84,OK,10.82,OK,10.77,OK,0,,0,,10.3,OK,10.24,OK,10.23,OK,10.26,OK,10.21,OK,10.24,OK,10.19,OK,0,,0,,,,83.11,OK,,,,82.95,OK,,,,157.17,OK,,,,157.16,OK,,,,37.25,OK,,,,38.19,OK,,,,,,,,,,,,,,,,,
2410120423D,ATKINSON 3.8 OCV,DM3P1,2024-10-12 09:26:48,18.994,23.3,OK,24.96,24.91,OK,24.61,24.57,OK,24.4,24.17,OK,23.57,23.55,OK,26.45,26.07,OK,25.8,25.75,OK,24.8,24.75,OK,0,0,,0,0,,11.6,OK,11.61,OK,11.73,OK,11.55,OK,11.6,OK,11.53,OK,11.51,OK,0,,0,,12.82,OK,12.8,OK,12.89,OK,12.87,OK,12.88,OK,12.92,OK,12.92,OK,0,,0,,,,83.19,OK,,,,83.03,OK,,,,157.02,OK,,,,157.61,OK,,,,36.58,OK,,,,36.62,OK,,,,,,,,,,,,,,,,,
2410120424D,ATKINSON 3.8 OCV,DM4P5,2024-10-12 09:27:43,18.986,25.58,OK,24.61,24.54,OK,23.71,23.64,OK,25.47,25.08,OK,25.54,25.47,OK,25.68,25.66,OK,26.03,25.98,OK,23.82,23.78,OK,0,0,,0,0,,11.85,OK,12.05,OK,11.92,OK,12.15,OK,12.12,OK,11.99,OK,12.3,OK,0,,0,,12.45,OK,12.41,OK,12.66,OK,12.49,OK,12.56,OK,12.44,OK,12.42,OK,0,,0,,,,82.54,OK,,,,82.06,OK,,,,157.98,OK,,,,157.78,OK,,,,37.09,OK,,,,37.44,OK,,,,,,,,,,,,,,,,,
2410120425D,ATKINSON 3.8 OCV,DM1P2,2024-10-12 09:28:38,18.998,23.7,OK,24.09,24,OK,26.02,25.98,OK,26.07,25.82,OK,26,25.93,OK,25.03,24.88,OK,25.35,25.26,OK,25.37,25.35,OK,0,0,,0,0,,11.44,OK,11.36,OK,11.44,OK,11.4,OK,11.47,OK,11.45,OK,11.45,OK,0,,0,,9.82,OK,10.27,OK,10.29,OK,10.18,OK,10.09,OK,10.03,OK,10.18,OK,0,,0,,,,82.58,OK,,,,82.83,OK,,,,156.89,OK,,,,157.22,OK,,,,36.98,OK,,,,36.91,OK,,,,,,,,,,,,,,,,,
2410120427D,ATKINSON 3.8 OCV,DM2P9,2024-10-12 09:29:34,18.992,24.53,OK,26.23,26.18,OK,22.88,22.79,OK,23.13,23,OK,24.75,24.75,OK,24.51,24.48,OK,22.93,22.81,OK,23.76,23.76,OK,0,0,,0,0,,10.8,OK,11.21,OK,10.76,OK,10.9,OK,10.81,OK,10.83,OK,10.81,OK,0,,0,,10.37,OK,10.2,OK,10.25,OK,10.19,OK,10.17,OK,10.18,OK,10.18,OK,0,,0,,,,82.78,OK,,,,83.13,OK,,,,157.39,OK,,,,157.65,OK,,,,37.53,OK,,,,36.94,OK,,,,,,,,,,,,,,,,,
2410120426D,ATKINSON 3.8 OCV,DM5P3,2024-10-12 09:30:26,18.999,23.93,OK,27.54,27.45,OK,24.44,24.3,OK,24.53,24.18,OK,23.62,23.48,OK,25.18,25.11,OK,24.23,24.16,OK,24.2,24.11,OK,0,0,,0,0,,2.07,OK,2.64,OK,2.75,OK,2.63,OK,2.68,OK,2.79,OK,2.7,OK,0,,0,,0.8,OK,0.77,OK,0.82,OK,0.82,OK,0.83,OK,0.81,OK,0.83,OK,0,,0,,,,82.53,OK,,,,81.85,OK,,,,157.89,OK,,,,158.31,OK,,,,37.37,OK,,,,37.54,OK,,,,,,,,,,,,,,,,,
2410120311C,NEW KAPPAEX1.0,CM2P3,2024-10-12 09:31:16,18.678,28.03,OK,26.21,25.95,OK,23.29,23.08,OK,24.29,23.97,OK,21.98,21.8,OK,23.45,23.41,OK,21.89,21.59,OK,23.15,22.94,OK,0,0,,0,0,,15.36,OK,15.36,OK,15.36,OK,15.36,OK,15.36,OK,15.36,OK,15.36,OK,0,,0,,15.36,OK,15.36,OK,15.36,OK,15.36,OK,15.36,OK,15.36,OK,15.36,OK,0,,0,,,,54.64,OK,,,,54.21,OK,,,,-291.7,OK,,,,-292.4,OK,,,,173.25,OK,,,,171.33,OK,,,,,,,,,,,,,,,,,
2410120428D,ATKINSON 3.8 OCV,DM3P8,2024-10-12 09:31:18,18.995,24.43,OK,25.77,25.63,OK,25.38,25.29,OK,24.66,24.31,OK,24.03,24.03,OK,25.75,25.7,OK,25.42,25.4,OK,25.75,25.66,OK,0,0,,0,0,,11.58,OK,11.61,OK,11.65,OK,11.41,OK,11.62,OK,11.64,OK,11.38,OK,0,,0,,12.76,OK,12.79,OK,12.83,OK,12.81,OK,12.8,OK,12.77,OK,12.8,OK,0,,0,,,,82.38,OK,,,,82.38,OK,,,,157.21,OK,,,,157.71,OK,,,,36.46,OK,,,,36.95,OK,,,,,,,,,,,,,,,,,
2410120429D,ATKINSON 3.8 OCV,DM4P6,2024-10-12 09:32:10,18.998,25.55,OK,25.59,25.42,OK,23.52,23.43,OK,24.84,24.57,OK,25.4,25.33,OK,25.96,25.87,OK,25.61,25.56,OK,25.22,25.17,OK,0,0,,0,0,,12.14,OK,12.21,OK,12.22,OK,12.13,OK,12.3,OK,12.3,OK,12.34,OK,0,,0,,12.5,OK,12.35,OK,12.35,OK,12.37,OK,12.44,OK,12.41,OK,12.46,OK,0,,0,,,,83.33,OK,,,,83.28,OK,,,,157.39,OK,,,,156.99,OK,,,,37.02,OK,,,,37.12,OK,,,,,,,,,,,,,,,,,
2410120312C,NEW KAPPAEX1.0,CM4P7,2024-10-12 09:32:44,18.697,28.11,OK,23.99,23.53,OK,22.01,21.7,OK,23.68,23.07,OK,22.91,22.52,OK,21.79,21.75,OK,22.28,21.53,OK,22.03,21.59,OK,0,0,,0,0,,0,OK,0,OK,0,OK,0,OK,0,OK,0,OK,0,OK,0,,0,,0,OK,0,OK,0,OK,0,OK,0,OK,0,OK,0,OK,0,,0,,,,54.68,OK,,,,54.2,OK,,,,-292.81,OK,,,,-292.82,OK,,,,173.86,OK,,,,174.19,OK,,,,,,,,,,,,,,,,,
2410120430D,ATKINSON 3.8 OCV,DM1P4,2024-10-12 09:33:05,18.988,25.5,OK,25.78,25.57,OK,26.68,26.61,OK,26.72,26.27,OK,27.01,27.01,OK,26.36,26.23,OK,25.55,25.42,OK,25.75,25.75,OK,0,0,,0,0,,11.3,OK,11.42,OK,11.39,OK,11.39,OK,11.48,OK,11.43,OK,11.41,OK,0,,0,,9.83,OK,10.17,OK,10.21,OK,10.25,OK,10.19,OK,10.1,OK,10.15,OK,0,,0,,,,82.48,OK,,,,82.84,OK,,,,156.54,OK,,,,157.16,OK,,,,36.63,OK,,,,36.94,OK,,,,,,,,,,,,,,,,,
2410120314C,NEW KAPPAEX1.0,CM3P1,2024-10-12 09:33:36,18.694,26.98,OK,22.11,21.81,OK,22.65,22.29,OK,21.99,21.65,OK,21.93,21.27,OK,21.97,21.77,OK,21.56,20.88,OK,20.77,19.98,OK,0,0,,0,0,,0,OK,0,OK,0,OK,0,OK,0,OK,0,OK,0,OK,0,,0,,0,OK,0,OK,0,OK,0,OK,0,OK,0,OK,0,OK,0,,0,,,,54.09,OK,,,,52.83,OK,,,,-293.1,OK,,,,-290.96,OK,,,,172.28,OK,,,,171.83,OK,,,,,,,,,,,,,,,,,
2410120431D,ATKINSON 3.8 OCV,DM2P1,2024-10-12 09:33:57,18.987,25.97,OK,27.58,27.51,OK,23.73,23.63,OK,23.66,23.42,OK,26.73,26.66,OK,26.1,26.06,OK,25.28,25.26,OK,23.68,23.66,OK,0,0,,0,0,,10.8,OK,11.07,OK,10.71,OK,11.08,OK,10.88,OK,10.81,OK,10.79,OK,0,,0,,10.22,OK,10.21,OK,10.23,OK,10.33,OK,10.21,OK,10.26,OK,10.19,OK,0,,0,,,,82.69,OK,,,,82.99,OK,,,,157.02,OK,,,,157.59,OK,,,,37.06,OK,,,,37.12,OK,,,,,,,,,,,,,,,,,
2410120313C,NEW KAPPAEX1.0,CM5P8,2024-10-12 09:34:24,18.686,26.98,OK,24.78,24.54,OK,20.57,20.38,OK,21.55,21.31,OK,19.78,19.62,OK,20.83,20.83,OK,21.79,21.38,OK,21.98,21.72,OK,0,0,,0,0,,2.44,OK,2.44,OK,2.45,OK,2.46,OK,2.5,OK,2.48,OK,2.45,OK,0,,0,,2.6,OK,2.39,OK,2.46,OK,2.41,OK,2.61,OK,2.44,OK,2.35,OK,0,,0,,,,53.54,OK,,,,54.45,OK,,,,-292.15,OK,,,,-293.55,OK,,,,171.56,OK,,,,172.49,OK,,,,,,,,,,,,,,,,,
2410120433D,ATKINSON 3.8 OCV,DM3P5,2024-10-12 09:34:52,18.986,26.33,OK,27.28,27.28,OK,26.38,26.31,OK,26.31,25.98,OK,24.08,24.06,OK,25.98,25.91,OK,27.77,27.74,OK,24.98,24.91,OK,0,0,,0,0,,11.65,OK,11.66,OK,11.63,OK,11.23,OK,11.72,OK,11.47,OK,11.27,OK,0,,0,,12.81,OK,12.8,OK,12.8,OK,12.81,OK,12.82,OK,12.79,OK,12.8,OK,0,,0,,,,82.75,OK,,,,82.18,OK,,,,157.64,OK,,,,157.76,OK,,,,37.24,OK,,,,36.96,OK,,,,,,,,,,,,,,,,,
2410120315C,NEW KAPPAEX1.0,CM1P2,2024-10-12 09:35:16,18.694,27.31,OK,25.44,25.23,OK,22.57,21.83,OK,23.41,23.27,OK,20.82,20.22,OK,21.69,21.43,OK,21.9,21.24,OK,23.09,22.62,OK,0,0,,0,0,,6.1,OK,6.49,OK,6.44,OK,6.9,OK,6.85,OK,6.73,OK,6.7,OK,0,,0,,5.98,OK,6.45,OK,6.72,OK,6.3,OK,6.5,OK,6.57,OK,6.13,OK,0,,0,,,,54.14,OK,,,,54.9,OK,,,,-293.1,OK,,,,-292.85,OK,,,,172.52,OK,,,,172.85,OK,,,,,,,,,,,,,,,,,
2410120434D,ATKINSON 3.8 OCV,DM4P2,2024-10-12 09:35:47,18.988,24.22,OK,25.24,25.12,OK,24.5,24.26,OK,24.89,24.61,OK,27.58,27.58,OK,25.19,25.08,OK,25.12,25.12,OK,26.12,26,OK,0,0,,0,0,,12.02,OK,12.24,OK,12.23,OK,12.24,OK,12.1,OK,12.32,OK,12.29,OK,0,,0,,12.53,OK,12.37,OK,12.41,OK,12.54,OK,12.35,OK,12.42,OK,12.45,OK,0,,0,,,,82.52,OK,,,,82.73,OK,,,,157.47,OK,,,,157.65,OK,,,,37.42,OK,,,,37.04,OK,,,,,,,,,,,,,,,,,
2410120316C,NEW KAPPAEX1.0,CM2P4,2024-10-12 09:36:08,18.698,27.68,OK,23.66,23.36,OK,22.59,22.38,OK,24.71,24.36,OK,22.59,22.38,OK,21.28,21.21,OK,23.2,22.85,OK,23.08,22.94,OK,0,0,,0,0,,15.36,OK,15.36,OK,15.36,OK,15.36,OK,15.36,OK,15.36,OK,15.36,OK,0,,0,,15.36,OK,15.36,OK,15.36,OK,15.36,OK,15.36,OK,15.36,OK,15.36,OK,0,,0,,,,53.38,OK,,,,52.55,OK,,,,-291.99,OK,,,,-291.73,OK,,,,172.27,OK,,,,172.94,OK,,,,,,,,,,,,,,,,,
2410120435D,ATKINSON 3.8 OCV,DM1P3,2024-10-12 09:36:39,18.988,24.22,OK,24.7,24.54,OK,26.54,26.36,OK,26.25,25.82,OK,27.06,26.9,OK,25.91,25.8,OK,25.75,25.6,OK,25.96,25.91,OK,0,0,,0,0,,11.43,OK,11.42,OK,11.35,OK,11.37,OK,11.58,OK,11.44,OK,11.7,OK,0,,0,,9.86,OK,10.24,OK,10.28,OK,10.24,OK,10.19,OK,10.1,OK,10.18,OK,0,,0,,,,83.31,OK,,,,82.81,OK,,,,156.78,OK,,,,157.25,OK,,,,36.82,OK,,,,36.95,OK,,,,,,,,,,,,,,,,,
2410120317C,NEW KAPPAEX1.0,CM4P6,2024-10-12 09:36:54,18.69,26.68,OK,22.36,21.9,OK,21.31,20.91,OK,23.64,23.27,OK,20.58,20.12,OK,22.8,22.8,OK,22.08,21.42,OK,21.02,20.45,OK,0,0,,0,0,,0,OK,0,OK,0,OK,0,OK,0,OK,0,OK,0,OK,0,,0,,0,OK,0,OK,0,OK,0,OK,0,OK,0,OK,0,OK,0,,0,,,,53.65,OK,,,,53.25,OK,,,,-294.18,OK,,,,-293.03,OK,,,,173.54,OK,,,,173.55,OK,,,,,,,,,,,,,,,,,
2410120436D,ATKINSON 3.8 OCV,DM2P9,2024-10-12 09:37:35,18.992,23.37,OK,27.49,27.39,OK,25.43,25.38,OK,23.76,23.51,OK,26.47,26.44,OK,25.45,25.4,OK,25.86,25.79,OK,23.37,23.2,OK,0,0,,0,0,,10.75,OK,10.77,OK,10.77,OK,10.8,OK,10.8,OK,10.81,OK,10.8,OK,0,,0,,10.27,OK,10.23,OK,10.17,OK,10.22,OK,10.27,OK,10.27,OK,10.19,OK,0,,0,,,,82.34,OK,,,,82.78,OK,,,,157.5,OK,,,,157.74,OK,,,,38.15,OK,,,,37.62,OK,,,,,,,,,,,,,,,,,
2410120319C,NEW KAPPAEX1.0,CM5P5,2024-10-12 09:37:43,18.699,26.83,OK,23.25,23.1,OK,21.62,21.36,OK,22.53,22.34,OK,19.47,19.4,OK,21.58,21.38,OK,22.22,21.91,OK,20.45,20.07,OK,0,0,,0,0,,2.44,OK,2.46,OK,2.47,OK,2.45,OK,2.47,OK,2.47,OK,2.49,OK,0,,0,,2.76,OK,2.37,OK,2.41,OK,2.4,OK,2.51,OK,2.54,OK,2.29,OK,0,,0,,,,54.32,OK,,,,52.61,OK,,,,-293.27,OK,,,,-292.62,OK,,,,171.89,OK,,,,171.9,OK,,,,,,,,,,,,,,,,,
2410120437D,ATKINSON 3.8 OCV,DM3P6,2024-10-12 09:38:27,18.996,24.86,OK,27.47,27.37,OK,24.91,24.87,OK,25.03,24.78,OK,23.45,23.41,OK,26.58,26.54,OK,26.77,26.7,OK,25.63,25.56,OK,0,0,,0,0,,11.27,OK,11.59,OK,11.6,OK,11.78,OK,11.79,OK,11.69,OK,11.81,OK,0,,0,,12.93,OK,12.78,OK,12.88,OK,12.78,OK,12.78,OK,12.83,OK,12.7,OK,0,,0,,,,83.51,OK,,,,83.4,OK,,,,156.69,OK,,,,155.91,OK,,,,36.81,OK,,,,37.31,OK,,,,,,,,,,,,,,,,,
2410120318C,NEW KAPPAEX1.0,CM3P9,2024-10-12 09:38:28,18.684,27.81,OK,22.94,22.7,OK,21.07,20.79,OK,22.33,21.95,OK,22.97,22.31,OK,21.22,20.98,OK,20.36,19.55,OK,21.02,20.09,OK,0,0,,0,0,,0,OK,0,OK,0,OK,0,OK,0,OK,0,OK,0,OK,0,,0,,0,OK,0,OK,0,OK,0,OK,0,OK,0,OK,0,OK,0,,0,,,,52.52,OK,,,,52.72,OK,,,,-292.89,OK,,,,-292.21,OK,,,,171.52,OK,,,,173.07,OK,,,,,,,,,,,,,,,,,
2410120320C,NEW KAPPAEX1.0,CM1P3,2024-10-12 09:39:14,18.688,27.87,OK,23.83,23.39,OK,21.94,21.22,OK,22.99,22.81,OK,21.17,20.66,OK,21.78,21.57,OK,21.31,21.1,OK,22.36,22.25,OK,0,0,,0,0,,5.72,OK,6.39,OK,6.61,OK,6.46,OK,6.56,OK,6.6,OK,6.88,OK,0,,0,,5.84,OK,6.27,OK,6.29,OK,6.46,OK,6.47,OK,6.3,OK,6.22,OK,0,,0,,,,53.95,OK,,,,55.86,NG,,,,-294.04,OK,,,,-293.69,OK,,,,172.98,OK,,,,171.93,OK,,,,,,,,,,,,,,,,,
2410120438D,ATKINSON 3.8 OCV,DM4P5,2024-10-12 09:39:22,18.99,26.02,OK,25.54,25.4,OK,23.82,23.82,OK,25.91,25.45,OK,25.8,25.77,OK,25.98,25.87,OK,25.91,25.77,OK,25.75,25.73,OK,0,0,,0,0,,12.1,OK,11.96,OK,12.18,OK,12.25,OK,12.28,OK,12.19,OK,12.13,OK,0,,0,,12.58,OK,12.5,OK,12.38,OK,11.97,OK,12.3,OK,12.45,OK,12,OK,0,,0,,,,82.29,OK,,,,82.33,OK,,,,157.42,OK,,,,157.86,OK,,,,37.35,OK,,,,37.38,OK,,,,,,,,,,,,,,,,,
2410120321C,NEW KAPPAEX1.0,CM2P8,2024-10-12 09:40:03,18.69,26.56,OK,24.04,23.87,OK,22.45,22.26,OK,24.08,23.8,OK,22.36,21.8,OK,22.19,22.15,OK,22.71,22.47,OK,22.64,22.43,OK,0,0,,0,0,,15.36,OK,15.36,OK,15.36,OK,15.36,OK,15.36,OK,15.36,OK,15.36,OK,0,,0,,15.36,OK,15.36,OK,15.36,OK,15.36,OK,15.36,OK,15.36,OK,15.36,OK,0,,0,,,,53.64,OK,,,,54.64,OK,,,,-291.77,OK,,,,-292,OK,,,,172.67,OK,,,,172.98,OK,,,,,,,,,,,,,,,,,
2410120439D,ATKINSON 3.8 OCV,DM1P1,2024-10-12 09:40:17,18.991,25.27,OK,24.4,24.13,OK,27.22,27.15,OK,25.91,25.71,OK,26.52,26.16,OK,25.15,25.06,OK,24.02,23.84,OK,25.03,25.01,OK,0,0,,0,0,,11.39,OK,11.41,OK,11.55,OK,11.39,OK,11.51,OK,11.43,OK,11.48,OK,0,,0,,9.93,OK,10.26,OK,10.2,OK,10.23,OK,10.12,OK,10.09,OK,10.28,OK,0,,0,,,,82.59,OK,,,,82.79,OK,,,,156.97,OK,,,,157.61,OK,,,,36.67,OK,,,,36.73,OK,,,,,,,,,,,,,,,,,
2410120322C,NEW KAPPAEX1.0,CM4P7,2024-10-12 09:40:48,18.686,28.7,OK,24.96,24.3,OK,22.41,22.03,OK,23.05,22.61,OK,22.65,22.28,OK,24.28,24.26,OK,22.14,21.57,OK,22.74,22.12,OK,0,0,,0,0,,0,OK,0,OK,0,OK,0,OK,0,OK,0,OK,0,OK,0,,0,,0,OK,0,OK,0,OK,0,OK,0,OK,0,OK,0,OK,0,,0,,,,53.63,OK,,,,54.39,OK,,,,-292.95,OK,,,,-292.86,OK,,,,173.02,OK,,,,174.09,OK,,,,,,,,,,,,,,,,,
2410120440D,ATKINSON 3.8 OCV,DM2P7,2024-10-12 09:41:09,18.993,23.62,OK,27.39,27.34,OK,24.6,24.48,OK,24.99,24.85,OK,26.25,26.18,OK,26.54,26.47,OK,25.33,25.28,OK,24.31,24.22,OK,0,0,,0,0,,11.08,OK,11.3,OK,10.79,OK,11.33,OK,10.8,OK,10.79,OK,10.79,OK,0,,0,,10.4,OK,10.21,OK,10.48,OK,10.24,OK,10.22,OK,10.25,OK,10.2,OK,0,,0,,,,82.88,OK,,,,82.58,OK,,,,157,OK,,,,157.25,OK,,,,37.19,OK,,,,38.01,OK,,,,,,,,,,,,,,,,,
2410120323C,NEW KAPPAEX1.0,CM3P1,2024-10-12 09:41:34,18.686,28.7,OK,23.15,23.08,OK,22.6,22.06,OK,22.36,22.13,OK,21.99,21.41,OK,22.22,22.17,OK,22.54,21.59,OK,20.98,20.48,OK,0,0,,0,0,,0,OK,0,OK,0,OK,0,OK,0,OK,0,OK,0,OK,0,,0,,0,OK,0,OK,0,OK,0,OK,0,OK,0,OK,0,OK,0,,0,,,,54.04,OK,,,,53.39,OK,,,,-293.08,OK,,,,-291.5,OK,,,,173.49,OK,,,,173.09,OK,,,,,,,,,,,,,,,,,
2410120432D,ATKINSON 3.8 OCV,DM5P7,2024-10-12 09:42:04,18.988,23.03,OK,27.17,27.03,OK,25.25,25.16,OK,23.83,23.44,OK,24.53,24.25,OK,24.18,24.02,OK,24.92,24.81,OK,24.27,24.11,OK,0,0,,0,0,,2.07,OK,2.62,OK,2.7,OK,2.58,OK,2.61,OK,2.7,OK,2.66,OK,0,,0,,0.79,OK,0.8,OK,0.83,OK,0.82,OK,0.8,OK,0.83,OK,0.82,OK,0,,0,,,,82.8,OK,,,,82.42,OK,,,,157.56,OK,,,,158.17,OK,,,,37.58,OK,,,,37.78,OK,,,,,,,,,,,,,,,,,
2410120328C,,CM3P1,2024-10-12 09:42:22,18.686,28.22,OK,29.05,28.51,OK,25.3,24.85,OK,26.97,26.5,OK,26.66,26.02,OK,26.07,25.73,OK,25.16,24.6,OK,25.39,24.44,OK,0,0,,0,0,,0,OK,0,OK,0,OK,0,OK,0,OK,0,OK,0,OK,0,,0,,0,OK,0,OK,0,OK,0,OK,0,OK,0,OK,0,OK,0,,0,,,,53.84,OK,,,,53.13,OK,,,,-292.72,OK,,,,-291.93,OK,,,,171.99,OK,,,,172.91,OK,,,,,,,,,,,,,,,,,
2410120441D,ATKINSON 3.8 OCV,DM3P5,2024-10-12 09:43:00,18.995,23.78,OK,25.45,25.36,OK,26.54,26.45,OK,26.75,26.7,OK,25.66,25.56,OK,27.7,27.65,OK,26.33,26.26,OK,25.15,25.05,OK,0,0,,0,0,,11.42,OK,11.63,OK,11.61,OK,11.78,OK,11.81,OK,11.73,OK,11.78,OK,0,,0,,12.84,OK,12.8,OK,12.77,OK,12.77,OK,12.78,OK,12.82,OK,12.79,OK,0,,0,,,,82.92,OK,,,,82.41,OK,,,,157.36,OK,,,,157.76,OK,,,,37.17,OK,,,,37.04,OK,,,,,,,,,,,,,,,,,
2410120442D,ATKINSON 3.8 OCV,DM4P2,2024-10-12 09:43:55,18.999,23.96,OK,24.68,24.57,OK,23.17,23.01,OK,23.85,23.57,OK,25.54,25.49,OK,25.42,25.38,OK,24.96,24.84,OK,26.42,26.38,OK,0,0,,0,0,,12.1,OK,12.16,OK,12.1,OK,12.3,OK,12.31,OK,12.2,OK,12.29,OK,0,,0,,12.28,OK,12.48,OK,12.45,OK,12.04,OK,12.29,OK,12.41,OK,12.42,OK,0,,0,,,,82.74,OK,,,,83.03,OK,,,,157.52,OK,,,,157.54,OK,,,,37.11,OK,,,,36.96,OK,,,,,,,,,,,,,,,,,
2410120325C,NEW KAPPAEX1.0,CM1P4,2024-10-12 09:44:39,18.699,26.5,OK,21.55,21.27,OK,22.08,21.48,OK,21.69,21.55,OK,20.89,20.45,OK,22.15,22.04,OK,21.71,21.08,OK,22.08,21.92,OK,0,0,,0,0,,5.6,OK,6.48,OK,6.36,OK,6.47,OK,7.06,OK,6.77,OK,6.55,OK,0,,0,,5.69,OK,6.32,OK,6.31,OK,6.86,OK,6.27,OK,6.41,OK,6.51,OK,0,,0,,,,53.09,OK,,,,52.77,OK,,,,-293.39,OK,,,,-293.15,OK,,,,172.12,OK,,,,171.94,OK,,,,,,,,,,,,,,,,,
2410120443D,ATKINSON 3.8 OCV,DM1P3,2024-10-12 09:44:47,18.986,24.08,OK,26.11,25.87,OK,26.92,26.9,OK,25.48,25.12,OK,29.15,28.72,OK,25.35,25.33,OK,25.69,25.64,OK,25.75,25.71,OK,0,0,,0,0,,11.31,OK,11.42,OK,11.42,OK,11.36,OK,11.57,OK,11.41,OK,11.49,OK,0,,0,,9.9,OK,10.25,OK,10.16,OK,10.31,OK,10.15,OK,10.17,OK,10.13,OK,0,,0,,,,83.06,OK,,,,82.55,OK,,,,157.01,OK,,,,157.34,OK,,,,37.14,OK,,,,37.35,OK,,,,,,,,,,,,,,,,,
2410120444D,ATKINSON 3.8 OCV,DM2P9,2024-10-12 09:45:42,18.989,23.96,OK,29.88,29.83,OK,25.23,25.23,OK,24.82,24.65,OK,25.09,24.99,OK,25.62,25.6,OK,24.55,24.48,OK,25.67,25.64,OK,0,0,,0,0,,10.7,OK,10.76,OK,10.76,OK,10.81,OK,10.82,OK,10.85,OK,10.8,OK,0,,0,,10.32,OK,10.29,OK,10.3,OK,10.26,OK,10.34,OK,10.2,OK,10.2,OK,0,,0,,,,82.35,OK,,,,82.81,OK,,,,157.76,OK,,,,157.83,OK,,,,37.6,OK,,,,37.23,OK,,,,,,,,,,,,,,,,,
2410120327C,NEW KAPPAEX1.0,CM4P9,2024-10-12 09:46:23,18.689,27.76,OK,24.28,23.55,OK,21.11,20.82,OK,23.07,22.65,OK,20.65,20.27,OK,22.89,22.85,OK,22.34,21.66,OK,22.08,21.22,OK,0,0,,0,0,,0,OK,0,OK,0,OK,0,OK,0,OK,0,OK,0,OK,0,,0,,0,OK,0,OK,0,OK,0,OK,0,OK,0,OK,0,OK,0,,0,,,,53.98,OK,,,,52.71,OK,,,,-294.12,OK,,,,-293.04,OK,,,,171.53,OK,,,,173.21,OK,,,,,,,,,,,,,,,,,
2410120445D,ATKINSON 3.8 OCV,DM5P8,2024-10-12 09:46:34,18.984,24.21,OK,24.27,24.2,OK,24.67,24.62,OK,25.13,24.88,OK,24.9,24.74,OK,24.11,24.02,OK,24.51,24.3,OK,23.21,23.16,OK,0,0,,0,0,,2.13,OK,2.67,OK,2.65,OK,2.63,OK,2.68,OK,2.68,OK,2.67,OK,0,,0,,0.82,OK,0.8,OK,0.88,OK,0.89,OK,0.82,OK,0.85,OK,0.87,OK,0,,0,,,,81.49,OK,,,,81.85,OK,,,,158.06,OK,,,,158.63,OK,,,,37.46,OK,,,,37.71,OK,,,,,,,,,,,,,,,,,
2410120330C,NEW KAPPAEX1.0,CM3P3,2024-10-12 09:47:12,18.694,27.62,OK,29.73,28.9,OK,25.59,25.16,OK,27.31,26.81,OK,25,24.19,OK,24.55,24.28,OK,26.72,25.93,OK,26.34,25.59,OK,0,0,,0,0,,0,OK,0,OK,0,OK,0,OK,0,OK,0,OK,0,OK,0,,0,,0,OK,0,OK,0,OK,0,OK,0,OK,0,OK,0,OK,0,,0,,,,52.55,OK,,,,52.59,OK,,,,-292.21,OK,,,,-293.01,OK,,,,173.07,OK,,,,172.95,OK,,,,,,,,,,,,,,,,,
2410120446D,ATKINSON 3.8 OCV,DM3P6,2024-10-12 09:47:29,18.984,24.7,OK,27.23,27.21,OK,25.31,25.24,OK,25.38,25.17,OK,23.8,23.78,OK,27.37,27.3,OK,27.68,27.61,OK,26.52,26.45,OK,0,0,,0,0,,11.59,OK,11.55,OK,11.79,OK,11.47,OK,11.51,OK,11.55,OK,11.48,OK,0,,0,,12.8,OK,12.78,OK,12.89,OK,12.92,OK,12.94,OK,12.83,OK,12.75,OK,0,,0,,,,83.25,OK,,,,83.53,OK,,,,156.49,OK,,,,156.13,OK,,,,36.91,OK,,,,37.26,OK,,,,,,,,,,,,,,,,,
2410120324C,NEW KAPPAEX1.0,CM5P2,2024-10-12 09:48:00,18.692,27.51,OK,24.85,24.66,OK,20.79,20.6,OK,22.36,21.96,OK,19.88,19.88,OK,21.65,21.36,OK,20.81,20.5,OK,20.5,20.33,OK,0,0,,0,0,,2.51,OK,2.46,OK,2.46,OK,2.41,OK,2.4,OK,2.46,OK,2.42,OK,0,,0,,2.81,OK,2.36,OK,2.41,OK,2.4,OK,2.44,OK,2.47,OK,2.36,OK,0,,0,,,,53.76,OK,,,,52.51,OK,,,,-292.81,OK,,,,-293.28,OK,,,,172.8,OK,,,,172.4,OK,,,,,,,,,,,,,,,,,
2410120447D,ATKINSON 3.8 OCV,DM4P4,2024-10-12 09:48:25,18.992,23.76,OK,26.38,26.26,OK,25.29,25.19,OK,25.38,25.12,OK,28.12,28.02,OK,26.19,26,OK,26.49,26.38,OK,25.42,25.36,OK,0,0,,0,0,,12.13,OK,12.09,OK,11.9,OK,12.27,OK,12.14,OK,12.03,OK,12.34,OK,0,,0,,12.47,OK,12.44,OK,12.53,OK,12.52,OK,12.45,OK,12.45,OK,12.65,OK,0,,0,,,,82.37,OK,,,,82.23,OK,,,,157.35,OK,,,,157.7,OK,,,,37.21,OK,,,,37.29,OK,,,,,,,,,,,,,,,,,
2410120331C,NEW KAPPAEX1.0,CM1P8,2024-10-12 09:48:46,18.698,27.86,OK,21.45,21.22,OK,20.17,19.63,OK,22.25,22.08,OK,20.22,19.84,OK,20.87,20.64,OK,20.66,19.89,OK,21.1,20.73,OK,0,0,,0,0,,5.85,OK,6.28,OK,6.33,OK,6.5,OK,6.8,OK,6.7,OK,6.57,OK,0,,0,,5.64,OK,6.17,OK,6.4,OK,6.23,OK,6.32,OK,6.46,OK,6.57,OK,0,,0,,,,53.94,OK,,,,54.68,OK,,,,-292.28,OK,,,,-294.34,OK,,,,173.56,OK,,,,173.14,OK,,,,,,,,,,,,,,,,,
2410120448D,ATKINSON 3.8 OCV,DM1P1,2024-10-12 09:49:17,18.994,22.37,OK,25.01,24.9,OK,26.27,26.25,OK,25.51,25.1,OK,27.49,27.4,OK,24.29,24.22,OK,26.23,26.18,OK,26.2,26.09,OK,0,0,,0,0,,11.37,OK,11.35,OK,11.37,OK,11.37,OK,11.48,OK,11.46,OK,11.45,OK,0,,0,,9.84,OK,10.14,OK,10.28,OK,10.27,OK,10.2,OK,10.21,OK,10.1,OK,0,,0,,,,82.6,OK,,,,82.78,OK,,,,156.94,OK,,,,157.65,OK,,,,36.88,OK,,,,36.9,OK,,,,,,,,,,,,,,,,,
2410120332C,NEW KAPPAEX1.0,CM2P7,2024-10-12 09:49:35,18.692,28.16,OK,23.83,23.66,OK,21.49,21.26,OK,23.66,23.38,OK,22.57,22.26,OK,23.41,23.36,OK,21.24,20.84,OK,21.35,21.12,OK,0,0,,0,0,,15.36,OK,15.36,OK,15.36,OK,15.36,OK,15.36,OK,15.36,OK,15.36,OK,0,,0,,15.36,OK,15.36,OK,15.36,OK,15.36,OK,15.36,OK,15.36,OK,15.36,OK,0,,0,,,,54.7,OK,,,,53.87,OK,,,,-292.33,OK,,,,-292.62,OK,,,,171.78,OK,,,,172.53,OK,,,,,,,,,,,,,,,,,
2410120449D,ATKINSON 3.8 OCV,DM2P7,2024-10-12 09:50:12,18.986,23.95,OK,27.41,27.39,OK,25.43,25.35,OK,24.48,24.26,OK,25.96,25.89,OK,26.88,26.81,OK,24.34,24.29,OK,24.31,24.26,OK,0,0,,0,0,,11.31,OK,10.79,OK,10.81,OK,10.79,OK,10.8,OK,10.82,OK,10.79,OK,0,,0,,10.32,OK,10.33,OK,10.33,OK,10.31,OK,10.21,OK,10.21,OK,10.29,OK,0,,0,,,,82.71,OK,,,,82.84,OK,,,,157.17,OK,,,,157.24,OK,,,,37.01,OK,,,,38.26,OK,,,,,,,,,,,,,,,,,
2410120326C,NEW KAPPAEX1.0,CM2P6,2024-10-12 09:50:23,18.696,27.96,OK,23.08,22.92,OK,21.73,21.4,OK,23.57,23.24,OK,21.28,21.1,OK,21.68,21.54,OK,23.36,23.15,OK,22.68,22.54,OK,0,0,,0,0,,15.36,OK,15.36,OK,15.36,OK,15.36,OK,15.36,OK,15.36,OK,15.36,OK,0,,0,,15.36,OK,15.36,OK,15.36,OK,15.36,OK,15.36,OK,15.36,OK,15.36,OK,0,,0,,,,55.05,OK,,,,52.9,OK,,,,-293.29,OK,,,,-292.59,OK,,,,173.35,OK,,,,173.35,OK,,,,,,,,,,,,,,,,,
2410120450D,ATKINSON 3.8 OCV,DM5P5,2024-10-12 09:51:04,18.984,22.85,OK,24.58,24.41,OK,25.29,25.22,OK,25.13,24.92,OK,24.99,24.88,OK,24.18,24.09,OK,24.83,24.69,OK,24.32,24.23,OK,0,0,,0,0,,2.1,OK,2.7,OK,2.67,OK,2.64,OK,2.69,OK,2.82,OK,2.74,OK,0,,0,,0.81,OK,0.82,OK,0.83,OK,0.85,OK,0.83,OK,0.85,OK,0.84,OK,0,,0,,,,82.13,OK,,,,81.68,OK,,,,158.16,OK,,,,158.56,OK,,,,37.95,OK,,,,37.73,OK,,,,,,,,,,,,,,,,,
2410120333C,NEW KAPPAEX1.0,CM4P2,2024-10-12 09:51:09,18.695,28.21,OK,25.14,24.39,OK,22.08,21.84,OK,23.9,23.51,OK,21.09,20.87,OK,22.52,22.52,OK,23,22.32,OK,22.56,21.75,OK,0,0,,0,0,,0,OK,0,OK,0,OK,0,OK,0,OK,0,OK,0,OK,0,,0,,0,OK,0,OK,0,OK,0,OK,0,OK,0,OK,0,OK,0,,0,,,,54.27,OK,,,,54.63,OK,,,,-293.32,OK,,,,-292.57,OK,,,,173.32,OK,,,,173.76,OK,,,,,,,,,,,,,,,,,
2410120334C,NEW KAPPAEX1.0,CM3P1,2024-10-12 09:51:54,18.696,26.77,OK,26.23,25.66,OK,26.09,25.73,OK,26.18,25.75,OK,24.57,24.12,OK,25.48,25.14,OK,25.12,24.53,OK,26.61,25.8,OK,0,0,,0,0,,0,OK,0,OK,0,OK,0,OK,0,OK,0,OK,0,OK,0,,0,,0,OK,0,OK,0,OK,0,OK,0,OK,0,OK,0,OK,0,,0,,,,53.28,OK,,,,53.56,OK,,,,-293.09,OK,,,,-291.86,OK,,,,173.69,OK,,,,172.97,OK,,,,,,,,,,,,,,,,,
2410120451D,ATKINSON 3.8 OCV,DM3P2,2024-10-12 09:51:59,18.988,23.27,OK,26.38,26.33,OK,26.24,26.24,OK,24.89,24.59,OK,24.43,24.33,OK,26.61,26.52,OK,26.77,26.7,OK,25.84,25.7,OK,0,0,,0,0,,11.65,OK,11.63,OK,11.44,OK,11.65,OK,11.66,OK,11.6,OK,11.64,OK,0,,0,,12.78,OK,12.76,OK,12.74,OK,12.68,OK,12.89,OK,12.89,OK,12.75,OK,0,,0,,,,81.75,OK,,,,82.44,OK,,,,156.9,OK,,,,157.38,OK,,,,37.08,OK,,,,37.06,OK,,,,,,,,,,,,,,,,,
2410120335C,NEW KAPPAEX1.0,CM5P5,2024-10-12 09:52:43,18.693,27.4,OK,25.11,24.8,OK,20.88,20.62,OK,22.27,21.93,OK,20.91,20.76,OK,21.77,21.55,OK,21.07,20.64,OK,21.93,21.53,OK,0,0,,0,0,,2.45,OK,2.51,OK,2.46,OK,2.44,OK,2.46,OK,2.44,OK,2.44,OK,0,,0,,2.73,OK,2.48,OK,2.42,OK,2.4,OK,2.48,OK,2.46,OK,2.41,OK,0,,0,,,,54.15,OK,,,,53.29,OK,,,,-293.27,OK,,,,-292.75,OK,,,,172.61,OK,,,,173.01,OK,,,,,,,,,,,,,,,,,
2410120452D,ATKINSON 3.8 OCV,DM4P3,2024-10-12 09:52:54,18.986,24.16,OK,26.72,26.65,OK,24.98,24.91,OK,26.4,26.21,OK,27,26.33,OK,27.63,27.49,OK,25.73,25.61,OK,26.17,26.03,OK,0,0,,0,0,,12,OK,12.23,OK,12.3,OK,11.88,OK,11.97,OK,12,OK,12.31,OK,0,,0,,12.43,OK,12.45,OK,12.51,OK,12.42,OK,12.33,OK,12.42,OK,12.51,OK,0,,0,,,,83.13,OK,,,,82.68,OK,,,,157.9,OK,,,,157.82,OK,,,,37.14,OK,,,,37.31,OK,,,,,,,,,,,,,,,,,
2410120336C,NEW KAPPAEX1.0,CM1P4,2024-10-12 09:53:28,18.699,27.31,OK,22.43,22.32,OK,20.33,19.66,OK,23.06,22.9,OK,21.87,21.31,OK,21.13,20.85,OK,20.57,19.73,OK,20.96,20.59,OK,0,0,,0,0,,5.75,OK,6.39,OK,6.78,OK,6.72,OK,6.62,OK,6.61,OK,6.59,OK,0,,0,,6.16,OK,6.66,OK,6.12,OK,6.32,OK,6.45,OK,6.31,OK,6.08,OK,0,,0,,,,54.16,OK,,,,53.27,OK,,,,-292.55,OK,,,,-292.69,OK,,,,172.94,OK,,,,172.4,OK,,,,,,,,,,,,,,,,,
2410120453D,ATKINSON 3.8 OCV,DM1P9,2024-10-12 09:53:50,18.984,24.36,OK,25.55,25.44,OK,26.88,26.88,OK,24.7,24.22,OK,26.11,26.05,OK,25.57,25.57,OK,25.44,25.44,OK,25.98,25.91,OK,0,0,,0,0,,11.41,OK,11.36,OK,11.37,OK,11.34,OK,11.45,OK,11.51,OK,11.59,OK,0,,0,,9.88,OK,10.12,OK,10.19,OK,10.34,OK,10.29,OK,10.11,OK,10.27,OK,0,,0,,,,82.58,OK,,,,82.63,OK,,,,157.46,OK,,,,157.56,OK,,,,37.43,OK,,,,37.21,OK,,,,,,,,,,,,,,,,,
2410120337C,NEW KAPPAEX1.0,CM2P6,2024-10-12 09:54:17,18.698,27.92,OK,23.2,23.03,OK,21.63,21.4,OK,23.03,22.52,OK,21.59,21.42,OK,22.05,22.03,OK,21.77,21.52,OK,22.73,22.57,OK,0,0,,0,0,,15.36,OK,15.36,OK,15.36,OK,15.36,OK,15.36,OK,15.36,OK,15.36,OK,0,,0,,15.36,OK,15.36,OK,15.36,OK,15.36,OK,15.36,OK,15.36,OK,15.36,OK,0,,0,,,,54.18,OK,,,,53.64,OK,,,,-293.23,OK,,,,-291.81,OK,,,,172.92,OK,,,,173.46,OK,,,,,,,,,,,,,,,,,
2410120454D,ATKINSON 3.8 OCV,DM2P8,2024-10-12 09:54:42,18.984,24.36,OK,31.72,31.72,OK,25.26,25.14,OK,24.36,24.29,OK,26.3,26.23,OK,25.23,25.21,OK,24.75,24.6,OK,23.44,23.34,OK,0,0,,0,0,,11.32,OK,10.77,OK,10.79,OK,10.78,OK,10.78,OK,10.8,OK,10.82,OK,0,,0,,10.33,OK,10.3,OK,10.26,OK,10.24,OK,10.31,OK,10.29,OK,10.3,OK,0,,0,,,,82.19,OK,,,,82.39,OK,,,,157.69,OK,,,,158.01,OK,,,,36.93,OK,,,,37.24,OK,,,,,,,,,,,,,,,,,
2410120338C,NEW KAPPAEX1.0,CM4P9,2024-10-12 09:55:06,18.688,27.65,OK,23.57,22.96,OK,23,22.74,OK,22.96,22.56,OK,22.85,22.54,OK,22.94,22.94,OK,22.56,21.77,OK,22.96,22.58,OK,0,0,,0,0,,0,OK,0,OK,0,OK,0,OK,0,OK,0,OK,0,OK,0,,0,,0,OK,0,OK,0,OK,0,OK,0,OK,0,OK,0,OK,0,,0,,,,54.31,OK,,,,53.67,OK,,,,-294.34,OK,,,,-292.82,OK,,,,173.67,OK,,,,173.06,OK,,,,,,,,,,,,,,,,,
2410120455D,ATKINSON 3.8 OCV,DM5P6,2024-10-12 09:55:37,18.987,23.06,OK,24.27,24.18,OK,24.83,24.74,OK,23.3,22.93,OK,24.78,24.62,OK,23.35,23.21,OK,24.99,24.88,OK,24.27,24.09,OK,0,0,,0,0,,2.07,OK,2.67,OK,2.65,OK,2.73,OK,2.77,OK,2.67,OK,2.65,OK,0,,0,,0.8,OK,0.84,OK,0.81,OK,0.81,OK,0.85,OK,0.85,OK,0.83,OK,0,,0,,,,82.65,OK,,,,83.53,OK,,,,157.65,OK,,,,157.53,OK,,,,37.57,OK,,,,37.83,OK,,,,,,,,,,,,,,,,,
2410120339C,NEW KAPPAEX1.0,CM3P3,2024-10-12 09:55:55,18.688,28.72,OK,29.42,28.85,OK,26.68,26.29,OK,26.59,26.18,OK,25.93,25.23,OK,26.27,25.98,OK,26.41,25.93,OK,26.11,25.46,OK,0,0,,0,0,,0,OK,0,OK,0,OK,0,OK,0,OK,0,OK,0,OK,0,,0,,0,OK,0,OK,0,OK,0,OK,0,OK,0,OK,0,OK,0,,0,,,,53.18,OK,,,,52.55,OK,,,,-291.97,OK,,,,-292.82,OK,,,,173.13,OK,,,,172.7,OK,,,,,,,,,,,,,,,,,
2410120456D,ATKINSON 3.8 OCV,DM3P5,2024-10-12 09:56:29,18.998,23.45,OK,25.82,25.75,OK,26.47,26.38,OK,26.49,26.21,OK,25.77,25.73,OK,26.19,26.19,OK,26.65,26.58,OK,26.35,26.28,OK,0,0,,0,0,,11.8,OK,11.65,OK,11.62,OK,11.48,OK,11.56,OK,11.51,OK,11.49,OK,0,,0,,12.76,OK,12.76,OK,12.86,OK,12.82,OK,12.87,OK,12.9,OK,12.92,OK,0,,0,,,,82.38,OK,,,,82.75,OK,,,,156.96,OK,,,,157.89,OK,,,,36.62,OK,,,,36.82,OK,,,,,,,,,,,,,,,,,
2410120340C,NEW KAPPAEX1.0,CM5P8,2024-10-12 09:56:40,18.692,26.75,OK,25.16,24.97,OK,21.55,21.29,OK,22.34,22.01,OK,20.24,20.21,OK,21.81,21.58,OK,22.03,21.86,OK,20.88,20.64,OK,0,0,,0,0,,2.49,OK,2.45,OK,2.42,OK,2.42,OK,2.44,OK,2.45,OK,2.48,OK,0,,0,,3.04,OK,2.41,OK,2.44,OK,2.43,OK,2.45,OK,2.53,OK,2.36,OK,0,,0,,,,53.76,OK,,,,54.16,OK,,,,-291.79,OK,,,,-293.02,OK,,,,171.31,OK,,,,171.61,OK,,,,,,,,,,,,,,,,,
2410120457D,ATKINSON 3.8 OCV,DM4P1,2024-10-12 09:57:24,18.984,23.5,OK,25.31,25.26,OK,23.41,23.41,OK,25.26,24.78,OK,26.82,26.79,OK,26.1,26,OK,25.68,25.63,OK,24.33,24.29,OK,0,0,,0,0,,11.88,OK,11.88,OK,11.8,OK,12.24,OK,12.16,OK,12.24,OK,12.33,OK,0,,0,,12.43,OK,12.45,OK,12.52,OK,12.5,OK,12.56,OK,12.42,OK,12.4,OK,0,,0,,,,82.47,OK,,,,82.53,OK,,,,157.6,OK,,,,157.63,OK,,,,36.94,OK,,,,37.19,OK,,,,,,,,,,,,,,,,,
2410120341C,NEW KAPPAEX1.0,CM1P7,2024-10-12 09:57:29,18.684,27.38,OK,22.06,21.66,OK,21.87,21.2,OK,22.08,21.9,OK,21.59,21.17,OK,21.36,21.29,OK,21.48,20.89,OK,22.55,22.04,OK,0,0,,0,0,,5.68,OK,6.54,OK,6.46,OK,6.47,OK,6.52,OK,6.97,OK,6.86,OK,0,,0,,5.84,OK,6.21,OK,6.45,OK,6.48,OK,6.8,OK,6.37,OK,6.26,OK,0,,0,,,,53.34,OK,,,,55.48,OK,,,,-293.1,OK,,,,-295.14,NG,,,,172.89,OK,,,,173.17,OK,,,,,,,,,,,,,,,,,
2410120342C,NEW KAPPAEX1.0,CM2P2,2024-10-12 09:58:15,18.696,27.28,OK,25.62,25.46,OK,23.01,22.71,OK,23.8,23.48,OK,22.26,22.03,OK,23.24,23.13,OK,20.7,20.26,OK,22.38,22.1,OK,0,0,,0,0,,15.36,OK,15.36,OK,15.36,OK,15.36,OK,15.36,OK,15.36,OK,15.36,OK,0,,0,,15.36,OK,15.36,OK,15.36,OK,15.36,OK,15.36,OK,15.36,OK,15.36,OK,0,,0,,,,54.41,OK,,,,53.37,OK,,,,-292.81,OK,,,,-292.64,OK,,,,172.57,OK,,,,172.83,OK,,,,,,,,,,,,,,,,,
2410120458D,ATKINSON 3.8 OCV,DM1P7,2024-10-12 09:58:19,18.993,25.48,OK,25.48,25.15,OK,26.52,26.47,OK,26.07,25.87,OK,26.63,26.56,OK,26.14,26.09,OK,25.55,25.37,OK,25.71,25.64,OK,0,0,,0,0,,11.49,OK,11.42,OK,11.42,OK,11.38,OK,11.45,OK,11.43,OK,11.58,OK,0,,0,,9.96,OK,10.33,OK,10.31,OK,10.43,OK,10.27,OK,10.14,OK,10.23,OK,0,,0,,,,82.61,OK,,,,83.15,OK,,,,156.89,OK,,,,156.96,OK,,,,36.79,OK,,,,37.24,OK,,,,,,,,,,,,,,,,,
2410120344C,NEW KAPPAEX1.0,CM3P5,2024-10-12 09:59:03,18.684,26.7,OK,27.99,27.4,OK,26.57,26,OK,27.4,26.9,OK,25,24.17,OK,25,24.71,OK,25.05,24.57,OK,27.31,26.63,OK,0,0,,0,0,,0,OK,0,OK,0,OK,0,OK,0,OK,0,OK,0,OK,0,,0,,0,OK,0,OK,0,OK,0,OK,0,OK,0,OK,0,OK,0,,0,,,,53.2,OK,,,,52.24,OK,,,,-291.6,OK,,,,-291.54,OK,,,,173.55,OK,,,,172.18,OK,,,,,,,,,,,,,,,,,
2410120459D,ATKINSON 3.8 OCV,DM2P5,2024-10-12 09:59:11,18.991,23.53,OK,28.31,28.21,OK,25.64,25.6,OK,25.09,24.85,OK,26.71,26.71,OK,26.15,26.08,OK,25.06,25.01,OK,24.75,24.68,OK,0,0,,0,0,,11.16,OK,10.77,OK,10.77,OK,10.8,OK,10.79,OK,10.81,OK,10.79,OK,0,,0,,10.31,OK,10.27,OK,10.34,OK,10.32,OK,10.34,OK,10.36,OK,10.32,OK,0,,0,,,,82.56,OK,,,,82.19,OK,,,,157.83,OK,,,,157.96,OK,,,,37.61,OK,,,,37.56,OK,,,,,,,,,,,,,,,,,
2410120346C,NEW KAPPAEX1.0,CM1P6,2024-10-12 09:59:49,18.689,28.01,OK,23.88,23.74,OK,21.9,21.13,OK,23.74,23.6,OK,21.57,20.99,OK,21.62,21.43,OK,21.15,20.59,OK,22.34,22.11,OK,0,0,,0,0,,5.75,OK,6.51,OK,7.17,OK,6.8,OK,6.71,OK,6.75,OK,6.74,OK,0,,0,,6.14,OK,6.63,OK,6.39,OK,6.2,OK,6.52,OK,6.51,OK,6.2,OK,0,,0,,,,52.06,OK,,,,54.62,OK,,,,-291.68,OK,,,,-292.34,OK,,,,174.1,OK,,,,173.07,OK,,,,,,,,,,,,,,,,,
2410120460D,ATKINSON 3.8 OCV,DM5P2,2024-10-12 10:00:07,18.995,25.1,OK,23.28,23.18,OK,26.45,26.34,OK,24.81,24.64,OK,23.46,23.39,OK,23.32,23.21,OK,24.71,24.48,OK,23.9,23.76,OK,0,0,,0,0,,2.1,OK,2.65,OK,2.64,OK,2.65,OK,2.69,OK,2.67,OK,2.68,OK,0,,0,,0.81,OK,0.84,OK,0.87,OK,0.84,OK,0.84,OK,0.84,OK,0.82,OK,0,,0,,,,81.73,OK,,,,81.86,OK,,,,157.68,OK,,,,158.31,OK,,,,37.74,OK,,,,37.52,OK,,,,,,,,,,,,,,,,,
2410120347C,NEW KAPPAEX1.0,CM2P9,2024-10-12 10:00:37,18.698,27.51,OK,24.78,24.41,OK,21.66,21.49,OK,23.5,22.99,OK,22.03,21.84,OK,22.54,22.52,OK,21.89,21.73,OK,22.66,22.57,OK,0,0,,0,0,,15.36,OK,15.36,OK,15.36,OK,15.36,OK,15.36,OK,15.36,OK,15.36,OK,0,,0,,15.36,OK,15.36,OK,15.36,OK,15.36,OK,15.36,OK,15.36,OK,15.36,OK,0,,0,,,,52.96,OK,,,,52.63,OK,,,,-292.69,OK,,,,-292.1,OK,,,,172.79,OK,,,,171.81,OK,,,,,,,,,,,,,,,,,
2410120461D,ATKINSON 3.8 OCV,DM3P3,2024-10-12 10:01:02,18.995,23.55,OK,25.75,25.63,OK,26.61,26.58,OK,25.47,25.01,OK,24.38,24.33,OK,27.88,27.77,OK,26.91,26.82,OK,27.3,27.16,OK,0,0,,0,0,,11.6,OK,11.59,OK,11.64,OK,11.29,OK,11.51,OK,11.69,OK,11.26,OK,0,,0,,12.79,OK,12.8,OK,12.7,OK,12.81,OK,12.8,OK,12.78,OK,12.7,OK,0,,0,,,,82.38,OK,,,,82.41,OK,,,,157.44,OK,,,,157.71,OK,,,,36.69,OK,,,,37.09,OK,,,,,,,,,,,,,,,,,
2410120343C,NEW KAPPAEX1.0,CM4P1,2024-10-12 10:01:26,18.688,27.6,OK,24.96,24.26,OK,21.81,21.62,OK,23.2,22.8,OK,23.64,23.38,OK,23.73,23.71,OK,22.12,21.59,OK,21.11,20.71,OK,0,0,,0,0,,0,OK,0,OK,0,OK,0,OK,0,OK,0,OK,0,OK,0,,0,,0,OK,0,OK,0,OK,0,OK,0,OK,0,OK,0,OK,0,,0,,,,53.84,OK,,,,54.06,OK,,,,-292.71,OK,,,,-292.68,OK,,,,172.86,OK,,,,172.18,OK,,,,,,,,,,,,,,,,,
2410120462D,ATKINSON 3.8 OCV,DM4P9,2024-10-12 10:01:57,18.986,23.26,OK,27.91,27.77,OK,24.5,24.4,OK,25.17,24.82,OK,27.81,27.72,OK,27.23,27.16,OK,28.3,28.26,OK,25.82,25.77,OK,0,0,,0,0,,12.12,OK,12.3,OK,12.29,OK,12.31,OK,12.3,OK,12.32,OK,12.33,OK,0,,0,,12.52,OK,12.5,OK,12.55,OK,12.44,OK,12.47,OK,12.45,OK,12.41,OK,0,,0,,,,82.33,OK,,,,82.24,OK,,,,158.03,OK,,,,158.31,OK,,,,38.14,OK,,,,37.44,OK,,,,,,,,,,,,,,,,,
2410120345C,NEW KAPPAEX1.0,CM5P4,2024-10-12 10:02:15,18.692,28.38,OK,24.49,24.35,OK,20.38,20.26,OK,22.08,21.72,OK,20.12,20.09,OK,20.88,20.62,OK,21.81,21.55,OK,21.34,21.03,OK,0,0,,0,0,,2.45,OK,2.46,OK,2.43,OK,2.43,OK,2.46,OK,2.48,OK,2.45,OK,0,,0,,2.65,OK,2.38,OK,2.45,OK,2.44,OK,2.56,OK,2.42,OK,2.33,OK,0,,0,,,,53.8,OK,,,,52.64,OK,,,,-292.32,OK,,,,-292.01,OK,,,,171.83,OK,,,,172.45,OK,,,,,,,,,,,,,,,,,
2410120463D,ATKINSON 3.8 OCV,DM1P8,2024-10-12 10:02:49,18.99,23.05,OK,24.54,24.11,OK,27.1,27.08,OK,24.49,24.09,OK,26.2,26.16,OK,25.46,25.42,OK,25.55,25.55,OK,24.63,24.63,OK,0,0,,0,0,,11.3,OK,11.34,OK,11.38,OK,11.4,OK,11.45,OK,11.49,OK,11.45,OK,0,,0,,9.93,OK,10.21,OK,10.31,OK,10.3,OK,10.27,OK,10.26,OK,10.18,OK,0,,0,,,,81.96,OK,,,,82.13,OK,,,,157.64,OK,,,,157.9,OK,,,,36.78,OK,,,,37.25,OK,,,,,,,,,,,,,,,,,
2410120348C,NEW KAPPAEX1.0,CM3P8,2024-10-12 10:03:01,18.696,27.87,OK,28.81,28.1,OK,26.93,26.43,OK,27.97,27.52,OK,26.75,25.93,OK,26.61,26.29,OK,26,25.34,OK,26.14,25.48,OK,0,0,,0,0,,0,OK,0,OK,0,OK,0,OK,0,OK,0,OK,0,OK,0,,0,,0,OK,0,OK,0,OK,0,OK,0,OK,0,OK,0,OK,0,,0,,,,52.08,OK,,,,52.72,OK,,,,-292.46,OK,,,,-291.41,OK,,,,171.62,OK,,,,171.94,OK,,,,,,,,,,,,,,,,,
2410120464D,ATKINSON 3.8 OCV,DM2P6,2024-10-12 10:03:44,18.992,23.23,OK,26.08,25.94,OK,25.04,24.92,OK,24.99,24.8,OK,25.57,25.55,OK,27.87,27.82,OK,25.77,25.72,OK,24.53,24.48,OK,0,0,,0,0,,11.27,OK,10.77,OK,10.77,OK,10.8,OK,10.78,OK,10.82,OK,10.81,OK,0,,0,,10.34,OK,10.32,OK,10.34,OK,10.32,OK,10.32,OK,10.33,OK,10.35,OK,0,,0,,,,82.88,OK,,,,83.17,OK,,,,157.56,OK,,,,156.87,OK,,,,37.31,OK,,,,37.9,OK,,,,,,,,,,,,,,,,,
2410120349C,NEW KAPPAEX1.0,CM1P7,2024-10-12 10:03:49,18.698,26.56,OK,23.83,23.74,OK,21.29,20.54,OK,22.69,22.5,OK,20.94,20.4,OK,21.34,21.13,OK,21.36,20.96,OK,21.57,21.27,OK,0,0,,0,0,,5.64,OK,6.52,OK,6.46,OK,6.61,OK,6.67,OK,7.27,OK,6.76,OK,0,,0,,5.85,OK,6.19,OK,6.46,OK,6.45,OK,6.88,OK,6.18,OK,6.23,OK,0,,0,,,,54.13,OK,,,,54.32,OK,,,,-291.68,OK,,,,-293.42,OK,,,,172.19,OK,,,,172.81,OK,,,,,,,,,,,,,,,,,
2410120350C,NEW KAPPAEX1.0,CM2P2,2024-10-12 10:04:35,18.686,28.1,OK,24.18,23.76,OK,23.43,23.22,OK,24.69,24.41,OK,22.78,22.54,OK,23.99,23.87,OK,23.69,23.24,OK,23.8,23.55,OK,0,0,,0,0,,15.36,OK,15.36,OK,15.36,OK,15.36,OK,15.36,OK,15.36,OK,15.36,OK,0,,0,,15.36,OK,15.36,OK,15.36,OK,15.36,OK,15.36,OK,15.36,OK,15.36,OK,0,,0,,,,53.57,OK,,,,54.84,OK,,,,-291.94,OK,,,,-292.03,OK,,,,172.51,OK,,,,173.23,OK,,,,,,,,,,,,,,,,,
2410120465D,ATKINSON 3.8 OCV,DM5P4,2024-10-12 10:04:36,18.997,25.1,OK,25.09,24.83,OK,25.34,25.25,OK,25.76,25.2,OK,24.13,23.95,OK,23.53,23.44,OK,24.55,24.37,OK,24.71,24.53,OK,0,0,,0,0,,2.07,OK,2.66,OK,2.66,OK,2.73,OK,2.73,OK,2.69,OK,2.69,OK,0,,0,,0.85,OK,0.82,OK,0.85,OK,0.82,OK,0.85,OK,0.87,OK,0.83,OK,0,,0,,,,81.19,OK,,,,82.81,OK,,,,157.75,OK,,,,158.42,OK,,,,37.66,OK,,,,37.92,OK,,,,,,,,,,,,,,,,,
2410120351C,NEW KAPPAEX1.0,CM4P4,2024-10-12 10:05:27,18.693,27.66,OK,25.44,24.7,OK,20.91,20.67,OK,22.39,22.01,OK,21.86,21.46,OK,23.16,23.07,OK,20.69,20.27,OK,22.34,21.62,OK,0,0,,0,0,,0,OK,0,OK,0,OK,0,OK,0,OK,0,OK,0,OK,0,,0,,0,OK,0,OK,0,OK,0,OK,0,OK,0,OK,0,OK,0,,0,,,,53.61,OK,,,,53.85,OK,,,,-293.31,OK,,,,-292.77,OK,,,,172.67,OK,,,,173.52,OK,,,,,,,,,,,,,,,,,
2410120466D,ATKINSON 3.8 OCV,DM3P1,2024-10-12 10:05:32,18.984,24.58,OK,26.05,25.96,OK,26.65,26.61,OK,26.42,26.12,OK,25.36,25.33,OK,26.79,26.77,OK,26.7,26.65,OK,26.26,26.17,OK,0,0,,0,0,,11.6,OK,11.62,OK,11.47,OK,11.65,OK,11.64,OK,11.6,OK,11.48,OK,0,,0,,12.81,OK,12.75,OK,12.81,OK,12.81,OK,12.89,OK,12.77,OK,12.89,OK,0,,0,,,,82.71,OK,,,,82.92,OK,,,,157.34,OK,,,,157.91,OK,,,,36.81,OK,,,,36.9,OK,,,,,,,,,,,,,,,,,
2410120352C,NEW KAPPAEX1.0,CM5P3,2024-10-12 10:06:12,18.686,28.12,OK,24.9,24.73,OK,21.12,20.81,OK,22.17,21.79,OK,20.72,20.62,OK,22.48,21.98,OK,22.17,21.62,OK,23.39,22.89,OK,0,0,,0,0,,2.49,OK,2.47,OK,2.45,OK,2.47,OK,2.45,OK,2.49,OK,2.5,OK,0,,0,,2.66,OK,2.41,OK,2.48,OK,2.41,OK,2.55,OK,2.75,OK,2.41,OK,0,,0,,,,53.27,OK,,,,54.11,OK,,,,-292.43,OK,,,,-292.07,OK,,,,171.64,OK,,,,172.74,OK,,,,,,,,,,,,,,,,,
2410120468D,ATKINSON 3.8 OCV,DM1P5,2024-10-12 10:06:24,18.993,23.6,OK,25.1,25.1,OK,26.99,26.97,OK,24.63,24.36,OK,26.68,26.68,OK,24.16,24.11,OK,24.27,24.18,OK,23.91,23.86,OK,0,0,,0,0,,11.32,OK,11.38,OK,11.39,OK,11.4,OK,11.45,OK,11.47,OK,11.72,OK,0,,0,,9.95,OK,10.34,OK,10.29,OK,10.3,OK,10.25,OK,10.16,OK,10.12,OK,0,,0,,,,82.96,OK,,,,81.84,OK,,,,157.55,OK,,,,157.86,OK,,,,37.88,OK,,,,37.62,OK,,,,,,,,,,,,,,,,,
2410120353C,NEW KAPPAEX1.0,CM3P5,2024-10-12 10:07:01,18.696,27.5,OK,29.1,28.53,OK,26.9,26.57,OK,26.32,25.95,OK,24.91,24.28,OK,26.38,26.02,OK,26.09,25.55,OK,25.37,24.14,OK,0,0,,0,0,,0,OK,0,OK,0,OK,0,OK,0,OK,0,OK,0,OK,0,,0,,0,OK,0,OK,0,OK,0,OK,0,OK,0,OK,0,OK,0,,0,,,,53.46,OK,,,,53.24,OK,,,,-292.06,OK,,,,-291.97,OK,,,,173.7,OK,,,,172.54,OK,,,,,,,,,,,,,,,,,
2410120469D,ATKINSON 3.8 OCV,DM2P2,2024-10-12 10:07:19,18.996,24.56,OK,28.07,28.02,OK,23.92,23.88,OK,23.85,23.78,OK,26.9,26.86,OK,26.59,26.49,OK,22.98,22.86,OK,24.94,24.87,OK,0,0,,0,0,,10.81,OK,11.09,OK,10.75,OK,11.1,OK,10.74,OK,10.8,OK,10.81,OK,0,,0,,10.29,OK,10.36,OK,10.3,OK,10.34,OK,10.43,OK,10.36,OK,10.2,OK,0,,0,,,,81.86,OK,,,,82.33,OK,,,,157.92,OK,,,,157.97,OK,,,,37.79,OK,,,,37.41,OK,,,,,,,,,,,,,,,,,
2410120354C,NEW KAPPAEX1.0,CM1P6,2024-10-12 10:07:50,18.69,26.98,OK,23.76,23.51,OK,22.53,21.9,OK,24.58,24.35,OK,22.27,21.87,OK,21.8,21.71,OK,23.3,22.81,OK,21.64,21.36,OK,0,0,,0,0,,6.17,OK,6.58,OK,6.47,OK,6.55,OK,6.65,OK,7.4,OK,6.89,OK,0,,0,,6.11,OK,6.39,OK,6.42,OK,6.88,OK,6.98,OK,6.41,OK,6.27,OK,0,,0,,,,53.37,OK,,,,54.16,OK,,,,-292.67,OK,,,,-293.22,OK,,,,174.13,OK,,,,172.87,OK,,,,,,,,,,,,,,,,,
2410120467D,ATKINSON 3.8 OCV,DM4P7,2024-10-12 10:08:11,18.984,24.58,OK,25.45,25.29,OK,24.15,24.06,OK,26.24,25.73,OK,27,26.98,OK,26.63,26.42,OK,25.59,25.56,OK,26.45,26.4,OK,0,0,,0,0,,12.11,OK,12.11,OK,12.12,OK,12.14,OK,12.15,OK,12.13,OK,12.4,OK,0,,0,,12.42,OK,12.46,OK,12.01,OK,12.41,OK,11.9,OK,12.42,OK,12.4,OK,0,,0,,,,82.33,OK,,,,82.83,OK,,,,157.98,OK,,,,157.87,OK,,,,37.64,OK,,,,37.64,OK,,,,,,,,,,,,,,,,,
2410120355C,NEW KAPPAEX1.0,CM2P9,2024-10-12 10:08:39,18.683,27.52,OK,24.5,24.36,OK,23.08,22.87,OK,24.22,23.83,OK,23.64,23.45,OK,22.75,22.68,OK,22.08,21.68,OK,23.73,23.38,OK,0,0,,0,0,,15.36,OK,15.36,OK,15.36,OK,15.36,OK,15.36,OK,15.36,OK,15.36,OK,0,,0,,15.36,OK,15.36,OK,15.36,OK,15.36,OK,15.36,OK,15.36,OK,15.36,OK,0,,0,,,,53.45,OK,,,,52.6,OK,,,,-292.79,OK,,,,-291.39,OK,,,,173.72,OK,,,,171.53,OK,,,,,,,,,,,,,,,,,
2410120470D,ATKINSON 3.8 OCV,DM5P3,2024-10-12 10:09:06,18.996,23.18,OK,23,22.81,OK,27.08,26.94,OK,25.18,24.71,OK,24.46,24.39,OK,25.41,25.25,OK,24.18,24.02,OK,25.02,24.81,OK,0,0,,0,0,,2.11,OK,2.61,OK,2.59,OK,2.65,OK,2.69,OK,2.64,OK,2.6,OK,0,,0,,0.79,OK,0.84,OK,0.82,OK,0.82,OK,0.82,OK,0.84,OK,0.84,OK,0,,0,,,,82.43,OK,,,,81.81,OK,,,,158.26,OK,,,,158.62,OK,,,,37.85,OK,,,,37.8,OK,,,,,,,,,,,,,,,,,
2410120356C,NEW KAPPAEX1.0,CM4P8,2024-10-12 10:09:24,18.695,28.11,OK,24.65,24.17,OK,20.98,20.63,OK,23.02,22.58,OK,22.91,22.65,OK,23.35,23.29,OK,22.36,21.75,OK,22.28,21.86,OK,0,0,,0,0,,0,OK,0,OK,0,OK,0,OK,0,OK,0,OK,0,OK,0,,0,,0,OK,0,OK,0,OK,0,OK,0,OK,0,OK,0,OK,0,,0,,,,54.99,OK,,,,54.74,OK,,,,-292.69,OK,,,,-291.84,OK,,,,171.04,OK,,,,171.39,OK,,,,,,,,,,,,,,,,,
2410120472D,ATKINSON 3.8 OCV,DM1P6,2024-10-12 10:09:58,18.992,24.41,OK,23.32,23.23,OK,28.5,28.39,OK,25.1,24.85,OK,26.83,26.79,OK,24.83,24.79,OK,25.69,25.66,OK,25.62,25.6,OK,0,0,,0,0,,11.41,OK,11.41,OK,11.39,OK,11.42,OK,11.48,OK,11.66,OK,11.46,OK,0,,0,,9.84,OK,10.18,OK,10.27,OK,10.35,OK,10.21,OK,10.27,OK,10.31,OK,0,,0,,,,83.03,OK,,,,83.17,OK,,,,157.15,OK,,,,157.37,OK,,,,37.05,OK,,,,37.47,OK,,,,,,,,,,,,,,,,,
2410120357C,NEW KAPPAEX1.0,CM5P3,2024-10-12 10:10:13,18.686,27.68,OK,24.9,24.59,OK,21.67,21.5,OK,22.29,22.08,OK,20.86,20.79,OK,22.2,21.98,OK,22.27,21.79,OK,21.72,21.48,OK,0,0,,0,0,,2.49,OK,2.49,OK,2.46,OK,2.48,OK,2.57,OK,2.5,OK,2.51,OK,0,,0,,2.65,OK,2.45,OK,2.52,OK,2.51,OK,2.67,OK,2.5,OK,2.43,OK,0,,0,,,,53,OK,,,,53.42,OK,,,,-293.27,OK,,,,-292.15,OK,,,,171.73,OK,,,,173.26,OK,,,,,,,,,,,,,,,,,
2410120473D,ATKINSON 3.8 OCV,DM2P4,2024-10-12 10:10:57,18.998,23.63,OK,26.73,26.69,OK,24.43,24.38,OK,24.02,23.71,OK,25.96,25.96,OK,26.37,26.37,OK,24.22,24.17,OK,24.68,24.6,OK,0,0,,0,0,,11.25,OK,10.81,OK,10.77,OK,10.81,OK,10.82,OK,10.79,OK,10.77,OK,0,,0,,10.31,OK,10.37,OK,10.31,OK,10.33,OK,10.31,OK,10.34,OK,10.34,OK,0,,0,,,,82.12,OK,,,,82.41,OK,,,,157.38,OK,,,,157.86,OK,,,,37.05,OK,,,,37.2,OK,,,,,,,,,,,,,,,,,
2410120358C,NEW KAPPAEX1.0,CM3P7,2024-10-12 10:11:01,18.694,27.8,OK,27.67,26.97,OK,26.61,26.14,OK,26.7,26.29,OK,26.84,26.2,OK,25.14,24.82,OK,24.1,23.53,OK,24.98,24.26,OK,0,0,,0,0,,0,OK,0,OK,0,OK,0,OK,0,OK,0,OK,0,OK,0,,0,,0,OK,0,OK,0,OK,0,OK,0,OK,0,OK,0,OK,0,,0,,,,52.62,OK,,,,52.75,OK,,,,-292.42,OK,,,,-292.32,OK,,,,172.23,OK,,,,170.63,OK,,,,,,,,,,,,,,,,,
2410120359C,NEW KAPPAEX1.0,CM1P2,2024-10-12 10:11:47,18.698,25.6,OK,21.97,21.8,OK,21.2,20.71,OK,22.99,22.76,OK,21.31,20.75,OK,21.73,21.66,OK,21.38,20.94,OK,22.76,22.64,OK,0,0,,0,0,,5.99,OK,6.53,OK,6.57,OK,6.53,OK,6.64,OK,7.16,OK,6.84,OK,0,,0,,5.92,OK,6.27,OK,6.37,OK,6.54,OK,6.82,OK,6.29,OK,6.19,OK,0,,0,,,,53.46,OK,,,,53.66,OK,,,,-292.73,OK,,,,-293.22,OK,,,,173.69,OK,,,,172.71,OK,,,,,,,,,,,,,,,,,
2410120471D,ATKINSON 3.8 OCV,DM3P9,2024-10-12 10:11:49,18.992,24.85,OK,30.34,30.32,OK,25.4,25.36,OK,25.84,25.49,OK,23.75,23.68,OK,26.7,26.52,OK,26.12,26,OK,26.12,26.05,OK,0,0,,0,0,,11.62,OK,11.57,OK,11.54,OK,11.66,OK,11.65,OK,11.65,OK,11.48,OK,0,,0,,12.83,OK,12.77,OK,12.78,OK,12.76,OK,12.76,OK,12.92,OK,12.81,OK,0,,0,,,,82.15,OK,,,,82.27,OK,,,,157.57,OK,,,,157.89,OK,,,,37.83,OK,,,,37.27,OK,,,,,,,,,,,,,,,,,
2410120360C,NEW KAPPAEX1.0,CM2P3,2024-10-12 10:12:39,18.685,28.12,OK,23.8,23.64,OK,22.29,22.05,OK,24.53,24.11,OK,23.92,23.69,OK,23.08,22.99,OK,22.26,21.98,OK,22.45,22.29,OK,0,0,,0,0,,15.36,OK,15.36,OK,15.36,OK,15.36,OK,15.36,OK,15.36,OK,15.36,OK,0,,0,,15.36,OK,15.36,OK,15.36,OK,15.36,OK,15.36,OK,15.36,OK,15.36,OK,0,,0,,,,53.63,OK,,,,53.44,OK,,,,-292.64,OK,,,,-292.06,OK,,,,171.11,OK,,,,172.23,OK,,,,,,,,,,,,,,,,,
2410120474D,ATKINSON 3.8 OCV,DM4P8,2024-10-12 10:12:44,18.994,22.7,OK,25.52,25.42,OK,24.45,24.4,OK,24.61,24.5,OK,25.82,25.7,OK,26.07,25.98,OK,25.12,25.08,OK,25.7,25.66,OK,0,0,,0,0,,11.95,OK,11.97,OK,12.31,OK,12.38,OK,12.4,OK,12.34,OK,12.35,OK,0,,0,,12.44,OK,12.43,OK,12.37,OK,12.42,OK,12.44,OK,12.43,OK,12.42,OK,0,,0,,,,81.74,OK,,,,82.01,OK,,,,158.11,OK,,,,158.12,OK,,,,37.38,OK,,,,37.75,OK,,,,,,,,,,,,,,,,,
2410120361C,NEW KAPPAEX1.0,CM4P5,2024-10-12 10:13:24,18.698,28.28,OK,25.27,24.59,OK,23.46,23.2,OK,22.98,22.61,OK,23.38,22.98,OK,23.82,23.79,OK,21.7,21.2,OK,22.74,22.3,OK,0,0,,0,0,,0,OK,0,OK,0,OK,0,OK,0,OK,0,OK,0,OK,0,,0,,0,OK,0,OK,0,OK,0,OK,0,OK,0,OK,0,OK,0,,0,,,,52.88,OK,,,,53.83,OK,,,,-293.88,OK,,,,-291.76,OK,,,,172.26,OK,,,,173.46,OK,,,,,,,,,,,,,,,,,
2410120475D,ATKINSON 3.8 OCV,DM5P1,2024-10-12 10:13:39,18.992,24.56,OK,26.96,26.9,OK,25.13,25.04,OK,25.32,24.83,OK,24.04,23.9,OK,24.71,24.6,OK,24.06,23.95,OK,23.79,23.6,OK,0,0,,0,0,,2.11,OK,2.65,OK,2.64,OK,2.67,OK,2.71,OK,2.67,OK,2.69,OK,0,,0,,0.81,OK,0.88,OK,0.84,OK,0.85,OK,0.85,OK,0.86,OK,0.85,OK,0,,0,,,,82.27,OK,,,,82.69,OK,,,,157.67,OK,,,,158.59,OK,,,,37.67,OK,,,,37.89,OK,,,,,,,,,,,,,,,,,
2410120362C,NEW KAPPAEX1.0,CM5P4,2024-10-12 10:14:13,18.694,28.1,OK,24.59,24.42,OK,21.36,21.24,OK,22.6,22.34,OK,20.55,20.48,OK,22.44,22.17,OK,21.65,21.22,OK,21.91,21.58,OK,0,0,,0,0,,2.49,OK,2.48,OK,2.47,OK,2.49,OK,2.5,OK,2.51,OK,2.49,OK,0,,0,,2.75,OK,2.41,OK,2.51,OK,2.56,OK,2.76,OK,2.48,OK,2.4,OK,0,,0,,,,53.89,OK,,,,52.8,OK,,,,-292.78,OK,,,,-292.49,OK,,,,172.34,OK,,,,173.89,OK,,,,,,,,,,,,,,,,,
2410120476D,ATKINSON 3.8 OCV,DM1P5,2024-10-12 10:14:34,18.991,22.63,OK,24.49,24.34,OK,26.63,26.54,OK,26.02,25.82,OK,25.8,25.71,OK,24.58,24.47,OK,25.84,25.78,OK,24.67,24.65,OK,0,0,,0,0,,11.42,OK,11.36,OK,11.35,OK,11.34,OK,11.44,OK,11.55,OK,11.69,OK,0,,0,,9.94,OK,10.1,OK,10.31,OK,10.26,OK,10.27,OK,10.24,OK,10.15,OK,0,,0,,,,82.18,OK,,,,81.94,OK,,,,157.91,OK,,,,157.86,OK,,,,37.46,OK,,,,37.64,OK,,,,,,,,,,,,,,,,,
2410120363C,NEW KAPPAEX1.0,CM3P6,2024-10-12 10:15:02,18.684,27.07,OK,29.8,29.24,OK,24.42,23.89,OK,24.82,24.19,OK,24.91,23.99,OK,25.14,24.87,OK,25.37,24.73,OK,25.89,25.14,OK,0,0,,0,0,,0,OK,0,OK,0,OK,0,OK,0,OK,0,OK,0,OK,0,,0,,0,OK,0,OK,0,OK,0,OK,0,OK,0,OK,0,OK,0,,0,,,,52.46,OK,,,,53.11,OK,,,,-292.88,OK,,,,-291.25,OK,,,,172.77,OK,,,,173.23,OK,,,,,,,,,,,,,,,,,
2410120477D,ATKINSON 3.8 OCV,DM2P2,2024-10-12 10:15:26,18.994,23.58,OK,29.01,28.91,OK,25.69,25.67,OK,23.56,23.34,OK,25.79,25.79,OK,26.1,26.08,OK,24.51,24.43,OK,23.97,23.92,OK,0,0,,0,0,,11.28,OK,10.86,OK,10.77,OK,10.78,OK,10.8,OK,10.81,OK,10.84,OK,0,,0,,10.35,OK,10.36,OK,10.37,OK,10.37,OK,10.33,OK,10.33,OK,10.34,OK,0,,0,,,,81.75,OK,,,,82.38,OK,,,,157.71,OK,,,,157.95,OK,,,,37.6,OK,,,,37.43,OK,,,,,,,,,,,,,,,,,
2410120364C,NEW KAPPAEX1.0,CM1P9,2024-10-12 10:15:51,18.691,27.8,OK,24.7,24.58,OK,22.04,21.57,OK,23.3,23.16,OK,22.13,21.69,OK,22.39,22.13,OK,22.53,22.22,OK,22.69,22.22,OK,0,0,,0,0,,6.17,OK,6.5,OK,6.52,OK,6.6,OK,6.75,OK,6.75,OK,6.97,OK,0,,0,,6.04,OK,6.42,OK,6.39,OK,6.83,OK,6.71,OK,6.57,OK,6.3,OK,0,,0,,,,55.09,OK,,,,53.66,OK,,,,-294.76,OK,,,,-293.82,OK,,,,171.95,OK,,,,172.58,OK,,,,,,,,,,,,,,,,,
2410120478D,ATKINSON 3.8 OCV,DM3P7,2024-10-12 10:16:22,18.984,24.43,OK,26.42,26.28,OK,25.8,25.75,OK,25.52,25.31,OK,22.46,22.41,OK,25.68,25.59,OK,26.17,26.05,OK,24.96,24.91,OK,0,0,,0,0,,11.66,OK,11.65,OK,11.5,OK,11.83,OK,11.74,OK,11.53,OK,11.6,OK,0,,0,,12.81,OK,12.78,OK,12.81,OK,12.82,OK,12.82,OK,12.76,OK,12.88,OK,0,,0,,,,82.49,OK,,,,83.1,OK,,,,157.49,OK,,,,158.17,OK,,,,37.12,OK,,,,37.15,OK,,,,,,,,,,,,,,,,,
2410120365C,NEW KAPPAEX1.0,CM2P1,2024-10-12 10:16:36,18.699,26.73,OK,23.66,23.43,OK,23.1,22.94,OK,24.99,24.69,OK,23.55,23.27,OK,22.99,22.89,OK,22.59,22.31,OK,22.38,22.22,OK,0,0,,0,0,,15.36,OK,15.36,OK,15.36,OK,15.36,OK,15.36,OK,15.36,OK,15.36,OK,0,,0,,15.36,OK,15.36,OK,15.36,OK,15.36,OK,15.36,OK,15.36,OK,15.36,OK,0,,0,,,,53.65,OK,,,,52.95,OK,,,,-292.88,OK,,,,-292.03,OK,,,,171.94,OK,,,,170.92,OK,,,,,,,,,,,,,,,,,
2410120479D,ATKINSON 3.8 OCV,DM4P3,2024-10-12 10:17:17,18.996,24.16,OK,28.95,28.86,OK,24.2,24.2,OK,26.26,25.94,OK,27.07,26.86,OK,27.65,27.51,OK,27.1,26.96,OK,26.31,26.14,OK,0,0,,0,0,,12,OK,12.27,OK,11.95,OK,12.16,OK,12.13,OK,12.03,OK,12.42,OK,0,,0,,12.48,OK,12.42,OK,12.02,OK,12.46,OK,12.52,OK,12.45,OK,12.41,OK,0,,0,,,,82.67,OK,,,,82,OK,,,,158.08,OK,,,,158.33,OK,,,,37.37,OK,,,,37.5,OK,,,,,,,,,,,,,,,,,
2410120366C,NEW KAPPAEX1.0,CM4P7,2024-10-12 10:17:25,18.685,28.96,OK,24.1,23.42,OK,22.54,22.17,OK,23.9,23.38,OK,21.64,21.31,OK,22.74,22.67,OK,22.23,21.79,OK,23.57,23.16,OK,0,0,,0,0,,0,OK,0,OK,0,OK,0,OK,0,OK,0,OK,0,OK,0,,0,,0,OK,0,OK,0,OK,0,OK,0,OK,0,OK,0,OK,0,,0,,,,53.69,OK,,,,53.06,OK,,,,-292.67,OK,,,,-292.74,OK,,,,173.46,OK,,,,172.83,OK,,,,,,,,,,,,,,,,,
2410120367C,NEW KAPPAEX1.0,CM5P8,2024-10-12 10:18:11,18.69,28.17,OK,24.04,23.7,OK,22.79,22.36,OK,21.74,21.55,OK,21.15,21,OK,21.53,21.29,OK,21.53,21.26,OK,20.86,20.69,OK,0,0,,0,0,,2.44,OK,2.44,OK,2.45,OK,2.54,OK,2.49,OK,2.44,OK,2.45,OK,0,,0,,2.71,OK,2.41,OK,2.47,OK,2.48,OK,2.58,OK,2.48,OK,2.41,OK,0,,0,,,,53.5,OK,,,,53.19,OK,,,,-292.01,OK,,,,-292.94,OK,,,,172.21,OK,,,,172.13,OK,,,,,,,,,,,,,,,,,
2410120480D,ATKINSON 3.8 OCV,DM5P9,2024-10-12 10:18:12,18.986,23.7,OK,24.74,24.64,OK,24.3,24.27,OK,23.93,23.53,OK,24.81,24.69,OK,24.83,24.71,OK,23.44,23.35,OK,24.2,24.11,OK,0,0,,0,0,,2.1,OK,2.65,OK,2.66,OK,2.66,OK,2.84,OK,2.73,OK,2.73,OK,0,,0,,0.83,OK,0.8,OK,0.82,OK,0.83,OK,0.85,OK,0.85,OK,0.87,OK,0,,0,,,,82.52,OK,,,,82.71,OK,,,,158.3,OK,,,,158.64,OK,,,,38.4,OK,,,,37.93,OK,,,,,,,,,,,,,,,,,
2410120368C,NEW KAPPAEX1.0,CM3P2,2024-10-12 10:18:59,18.698,27.68,OK,27.18,26.81,OK,25.93,25.43,OK,27.02,26.61,OK,26.45,25.91,OK,25,24.57,OK,25.61,24.87,OK,26.18,25.68,OK,0,0,,0,0,,0,OK,0,OK,0,OK,0,OK,0,OK,0,OK,0,OK,0,,0,,0,OK,0,OK,0,OK,0,OK,0,OK,0,OK,0,OK,0,,0,,,,53.09,OK,,,,53.16,OK,,,,-291.75,OK,,,,-293.35,OK,,,,172.32,OK,,,,171.1,OK,,,,,,,,,,,,,,,,,
2410120481D,ATKINSON 3.8 OCV,DM1P6,2024-10-12 10:19:04,18.987,23.02,OK,24,23.71,OK,27.26,27.22,OK,25.01,24.52,OK,28.7,28.63,OK,25.51,25.39,OK,25.15,25.08,OK,25.21,25.1,OK,0,0,,0,0,,11.46,OK,11.43,OK,11.42,OK,11.45,OK,11.51,OK,11.46,OK,11.39,OK,0,,0,,9.97,OK,10.14,OK,10.3,OK,10.38,OK,10.25,OK,10.1,OK,10.14,OK,0,,0,,,,82.79,OK,,,,82.93,OK,,,,157.02,OK,,,,156.44,OK,,,,37.02,OK,,,,37.4,OK,,,,,,,,,,,,,,,,,
2410120369C,NEW KAPPAEX1.0,CM1P3,2024-10-12 10:19:45,18.695,27.05,OK,24.18,23.93,OK,22.13,21.66,OK,24.74,24.53,OK,22.85,22.18,OK,21.73,21.66,OK,22.04,21.73,OK,22.34,22.15,OK,0,0,,0,0,,5.82,OK,6.46,OK,6.99,OK,6.85,OK,6.78,OK,6.65,OK,6.62,OK,0,,0,,6.17,OK,6.76,OK,6.28,OK,6.37,OK,6.5,OK,6.37,OK,6.42,OK,0,,0,,,,54.98,OK,,,,55.53,OK,,,,-293.47,OK,,,,-293.78,OK,,,,174.41,OK,,,,173.19,OK,,,,,,,,,,,,,,,,,
2410120482D,ATKINSON 3.8 OCV,DM2P4,2024-10-12 10:19:59,18.987,23.13,OK,26.69,26.66,OK,25.84,25.79,OK,24.43,24.14,OK,25.94,25.84,OK,25.81,25.79,OK,24,23.9,OK,24.05,23.9,OK,0,0,,0,0,,11.29,OK,10.84,OK,10.82,OK,10.79,OK,10.78,OK,10.82,OK,10.81,OK,0,,0,,10.36,OK,10.33,OK,10.34,OK,10.39,OK,10.36,OK,10.34,OK,10.33,OK,0,,0,,,,81.93,OK,,,,81.91,OK,,,,157.76,OK,,,,158.15,OK,,,,37.42,OK,,,,37.91,OK,,,,,,,,,,,,,,,,,
2410120370C,NEW KAPPAEX1.0,CM2P4,2024-10-12 10:20:33,18.685,27.01,OK,24.27,24.04,OK,24.27,24.01,OK,24.85,24.41,OK,23.13,22.94,OK,23.31,23.29,OK,22.57,22.36,OK,23.27,23.01,OK,0,0,,0,0,,15.36,OK,15.36,OK,15.36,OK,15.36,OK,15.36,OK,15.36,OK,15.36,OK,0,,0,,15.36,OK,15.36,OK,15.36,OK,15.36,OK,15.36,OK,15.36,OK,15.36,OK,0,,0,,,,53.7,OK,,,,52.51,OK,,,,-292.28,OK,,,,-291.41,OK,,,,171.68,OK,,,,172.97,OK,,,,,,,,,,,,,,,,,
2410120483D,ATKINSON 3.8 OCV,DM3P8,2024-10-12 10:20:55,18.987,24.48,OK,26.63,26.54,OK,25.54,25.45,OK,25.7,25.59,OK,24.59,24.57,OK,26.7,26.61,OK,26.72,26.7,OK,26.56,26.47,OK,0,0,,0,0,,11.33,OK,11.64,OK,11.66,OK,11.45,OK,11.78,OK,11.4,OK,11.51,OK,0,,0,,12.75,OK,12.77,OK,12.85,OK,12.81,OK,12.8,OK,12.79,OK,12.81,OK,0,,0,,,,81.74,OK,,,,81.93,OK,,,,157.96,OK,,,,158.04,OK,,,,37.13,OK,,,,37.22,OK,,,,,,,,,,,,,,,,,
2410120371C,NEW KAPPAEX1.0,CM4P6,2024-10-12 10:21:19,18.694,27.75,OK,25.49,24.67,OK,23.11,22.91,OK,24.61,24.17,OK,23.66,23.4,OK,23.13,23.11,OK,22.98,22.67,OK,23.33,22.83,OK,0,0,,0,0,,0,OK,0,OK,0,OK,0,OK,0,OK,0,OK,0,OK,0,,0,,0,OK,0,OK,0,OK,0,OK,0,OK,0,OK,0,OK,0,,0,,,,53.46,OK,,,,53.29,OK,,,,-293.75,OK,,,,-292.54,OK,,,,173.08,OK,,,,174.02,OK,,,,,,,,,,,,,,,,,
2410120484D,ATKINSON 3.8 OCV,DM4P1,2024-10-12 10:21:47,18.994,23.35,OK,26.58,26.56,OK,25.61,25.49,OK,24.89,24.66,OK,26.91,26.75,OK,25.94,25.89,OK,26.24,26.17,OK,24.36,24.26,OK,0,0,,0,0,,12.1,OK,12.28,OK,12.26,OK,12.32,OK,12.3,OK,12.3,OK,12.32,OK,0,,0,,12.33,OK,12.37,OK,12.34,OK,12.38,OK,12.39,OK,12.44,OK,12.4,OK,0,,0,,,,82.15,OK,,,,82.38,OK,,,,157.97,OK,,,,157.86,OK,,,,37.35,OK,,,,37.5,OK,,,,,,,,,,,,,,,,,
2410120373C,NEW KAPPAEX1.0,CM3P9,2024-10-12 10:22:08,18.688,27.22,OK,27.45,26.7,OK,26.09,25.03,OK,26.27,25.77,OK,25.34,24.46,OK,24.71,24.39,OK,24.37,23.67,OK,26.02,25.18,OK,0,0,,0,0,,0,OK,0,OK,0,OK,0,OK,0,OK,0,OK,0,OK,0,,0,,0,OK,0,OK,0,OK,0,OK,0,OK,0,OK,0,OK,0,,0,,,,52.8,OK,,,,53.49,OK,,,,-292.69,OK,,,,-291.72,OK,,,,173.69,OK,,,,173.32,OK,,,,,,,,,,,,,,,,,
2410120485D,ATKINSON 3.8 OCV,DM5P5,2024-10-12 10:22:42,18.992,24.12,OK,25.53,25.41,OK,25.25,25.16,OK,24.85,24.74,OK,24.09,24.09,OK,24.04,23.93,OK,24.81,24.76,OK,24.95,24.78,OK,0,0,,0,0,,2.13,OK,2.69,OK,2.67,OK,2.76,OK,2.76,OK,2.71,OK,2.71,OK,0,,0,,0.82,OK,0.83,OK,0.86,OK,0.85,OK,0.85,OK,0.86,OK,0.86,OK,0,,0,,,,81.75,OK,,,,80.75,OK,,,,158.2,OK,,,,158.46,OK,,,,38.06,OK,,,,38.19,OK,,,,,,,,,,,,,,,,,
2410120372C,NEW KAPPAEX1.0,CM5P5,2024-10-12 10:22:53,18.688,27.1,OK,23.37,23.13,OK,21.29,21.05,OK,22.84,22.55,OK,21.38,21.22,OK,21.31,20.95,OK,21.74,21.48,OK,22.22,21.89,OK,0,0,,0,0,,2.46,OK,2.48,OK,2.46,OK,2.51,OK,2.49,OK,2.46,OK,2.51,OK,0,,0,,2.69,OK,2.43,OK,2.5,OK,2.53,OK,2.47,OK,2.46,OK,2.39,OK,0,,0,,,,54.16,OK,,,,53.59,OK,,,,-293.3,OK,,,,-292.97,OK,,,,172.58,OK,,,,171.84,OK,,,,,,,,,,,,,,,,,
2410120486D,ATKINSON 3.8 OCV,DM1P2,2024-10-12 10:23:34,18.988,25.01,OK,25.53,25.37,OK,26.38,26.32,OK,24.09,23.62,OK,25.71,25.62,OK,24.45,24.29,OK,24.61,24.56,OK,22.96,22.92,OK,0,0,,0,0,,11.44,OK,11.36,OK,11.34,OK,11.41,OK,11.44,OK,11.51,OK,11.44,OK,0,,0,,9.93,OK,10.15,OK,10.29,OK,10.35,OK,10.28,OK,10.23,OK,10.14,OK,0,,0,,,,81.94,OK,,,,82.19,OK,,,,157.3,OK,,,,158,OK,,,,37.71,OK,,,,37.54,OK,,,,,,,,,,,,,,,,,
2410120374C,NEW KAPPAEX1.0,CM1P1,2024-10-12 10:23:42,18.693,26.76,OK,22.46,22.25,OK,21.34,20.78,OK,23.86,23.69,OK,20.8,20.33,OK,21.06,20.87,OK,21.64,20.89,OK,21.59,21.41,OK,0,0,,0,0,,5.72,OK,6.87,OK,6.81,OK,6.63,OK,6.68,OK,6.78,OK,6.67,OK,0,,0,,6.6,OK,6.15,OK,6.24,OK,6.25,OK,6.24,OK,6.46,OK,6.22,OK,0,,0,,,,54.68,OK,,,,54.59,OK,,,,-293.47,OK,,,,-292.92,OK,,,,172.12,OK,,,,173.01,OK,,,,,,,,,,,,,,,,,
2410120375C,NEW KAPPAEX1.0,CM2P8,2024-10-12 10:24:28,18.686,28.42,OK,22.61,22.52,OK,21.96,21.75,OK,23.38,23.01,OK,20.98,20.75,OK,22.19,22.1,OK,21.75,21.24,OK,23.24,22.99,OK,0,0,,0,0,,15.36,OK,15.36,OK,15.36,OK,15.36,OK,15.36,OK,15.36,OK,15.36,OK,0,,0,,15.36,OK,15.36,OK,15.36,OK,15.36,OK,15.36,OK,15.36,OK,15.36,OK,0,,0,,,,53.7,OK,,,,54.77,OK,,,,-292.04,OK,,,,-292.29,OK,,,,170.49,OK,,,,172.11,OK,,,,,,,,,,,,,,,,,
2410120487D,ATKINSON 3.8 OCV,DM2P7,2024-10-12 10:24:29,18.984,23.51,OK,25.55,25.45,OK,25.09,25.06,OK,23.83,23.63,OK,26.49,26.47,OK,25.74,25.72,OK,25.16,25.11,OK,26.71,26.69,OK,0,0,,0,0,,11.25,OK,10.8,OK,10.79,OK,10.78,OK,10.82,OK,10.83,OK,10.82,OK,0,,0,,10.36,OK,10.34,OK,10.36,OK,10.34,OK,10.37,OK,10.35,OK,10.35,OK,0,,0,,,,82.12,OK,,,,81.49,OK,,,,158.07,OK,,,,158.23,OK,,,,37.69,OK,,,,37.85,OK,,,,,,,,,,,,,,,,,
2410120376C,NEW KAPPAEX1.0,CM4P2,2024-10-12 10:25:13,18.696,28.07,OK,25.27,24.65,OK,23.13,22.8,OK,24.85,24.1,OK,23.93,23.4,OK,25.55,25.49,OK,22.87,22.21,OK,23.68,23.38,OK,0,0,,0,0,,0,OK,0,OK,0,OK,0,OK,0,OK,0,OK,0,OK,0,,0,,0,OK,0,OK,0,OK,0,OK,0,OK,0,OK,0,OK,0,,0,,,,54.44,OK,,,,54.51,OK,,,,-293.32,OK,,,,-292.22,OK,,,,172.51,OK,,,,172.45,OK,,,,,,,,,,,,,,,,,
2410120488D,ATKINSON 3.8 OCV,DM3P3,2024-10-12 10:25:24,18.998,23.41,OK,25.26,25.17,OK,24.54,24.52,OK,24.8,24.57,OK,25.96,25.91,OK,26.79,26.52,OK,26.35,26.24,OK,26.14,25.8,OK,0,0,,0,0,,11.65,OK,11.61,OK,11.46,OK,11.62,OK,11.67,OK,11.54,OK,11.7,OK,0,,0,,12.79,OK,12.57,OK,12.8,OK,12.74,OK,12.87,OK,12.85,OK,12.88,OK,0,,0,,,,82.42,OK,,,,81.97,OK,,,,157.71,OK,,,,158.05,OK,,,,37.28,OK,,,,37.34,OK,,,,,,,,,,,,,,,,,
2410120377C,NEW KAPPAEX1.0,CM3P3,2024-10-12 10:26:02,18.695,27.2,OK,26.27,25.41,OK,25.82,25.34,OK,26.75,26.25,OK,25.98,25.23,OK,25.89,25.55,OK,24.82,24.26,OK,25.61,25.09,OK,0,0,,0,0,,0,OK,0,OK,0,OK,0,OK,0,OK,0,OK,0,OK,0,,0,,0,OK,0,OK,0,OK,0,OK,0,OK,0,OK,0,OK,0,,0,,,,53.4,OK,,,,52.46,OK,,,,-292.17,OK,,,,-292.78,OK,,,,171.99,OK,,,,173.43,OK,,,,,,,,,,,,,,,,,
2410120489D,ATKINSON 3.8 OCV,DM4P9,2024-10-12 10:26:20,18.987,22.65,OK,24.94,24.91,OK,24.26,24.17,OK,25.24,24.87,OK,26.7,26.61,OK,26.72,26.61,OK,25.4,25.31,OK,25.01,24.89,OK,0,0,,0,0,,11.96,OK,12.24,OK,12.24,OK,11.78,OK,11.93,OK,12.04,OK,12.33,OK,0,,0,,12.44,OK,12.46,OK,12.48,OK,12.5,OK,12.48,OK,12.45,OK,12.56,OK,0,,0,,,,81.94,OK,,,,82.12,OK,,,,158.34,OK,,,,158.26,OK,,,,38.2,OK,,,,37.7,OK,,,,,,,,,,,,,,,,,
2410120378C,NEW KAPPAEX1.0,CM5P7,2024-10-12 10:26:50,18.696,27.16,OK,25.16,24.97,OK,21.17,21.03,OK,22.27,22.08,OK,19.83,19.78,OK,20.31,19.97,OK,21.93,21.6,OK,21.72,21.38,OK,0,0,,0,0,,2.51,OK,2.49,OK,2.46,OK,2.47,OK,2.46,OK,2.48,OK,2.46,OK,0,,0,,2.92,OK,2.4,OK,2.44,OK,2.43,OK,2.45,OK,2.51,OK,2.42,OK,0,,0,,,,53.07,OK,,,,49.55,NG,,,,-292.35,OK,,,,-292.32,OK,,,,171.29,OK,,,,171.86,OK,,,,,,,,,,,,,,,,,
2410120490D,ATKINSON 3.8 OCV,DM5P6,2024-10-12 10:27:12,18.985,24.61,OK,24.78,24.67,OK,24.34,24.23,OK,24.83,24.64,OK,24.95,24.76,OK,26.76,26.62,OK,24,23.81,OK,24.71,24.55,OK,0,0,,0,0,,2.22,OK,2.66,OK,2.63,OK,2.68,OK,2.72,OK,2.68,OK,2.66,OK,0,,0,,0.85,OK,0.86,OK,0.86,OK,0.86,OK,0.88,OK,0.88,OK,0.87,OK,0,,0,,,,83.06,OK,,,,82.97,OK,,,,157.97,OK,,,,157.45,OK,,,,37.68,OK,,,,38.03,OK,,,,,,,,,,,,,,,,,
2410120379C,NEW KAPPAEX1.0,CM1P4,2024-10-12 10:27:36,18.686,27.63,OK,24.18,23.97,OK,21.45,20.78,OK,22.67,22.39,OK,20.85,20.33,OK,21.78,21.69,OK,21.9,21.22,OK,20.99,20.8,OK,0,0,,0,0,,5.71,OK,6.7,OK,6.58,OK,6.59,OK,6.59,OK,6.61,OK,6.65,OK,0,,0,,5.87,OK,6.16,OK,6.17,OK,6.37,OK,6.47,OK,6.8,OK,6.35,OK,0,,0,,,,53.61,OK,,,,52.46,OK,,,,-292.7,OK,,,,-292.36,OK,,,,172.62,OK,,,,171.48,OK,,,,,,,,,,,,,,,,,
2410120491D,ATKINSON 3.8 OCV,DM1P4,2024-10-12 10:28:07,18.996,23.4,OK,23.62,23.5,OK,27.13,27.08,OK,25.55,25.26,OK,27.35,27.26,OK,26.45,26.36,OK,26.74,26.68,OK,26.74,26.74,OK,0,0,,0,0,,11.43,OK,11.42,OK,11.41,OK,11.54,OK,11.68,OK,11.38,OK,11.44,OK,0,,0,,9.85,OK,10.32,OK,10.4,OK,10.28,OK,10.27,OK,10.19,OK,10.19,OK,0,,0,,,,81.8,OK,,,,82.07,OK,,,,157.51,OK,,,,157.9,OK,,,,37.19,OK,,,,37.38,OK,,,,,,,,,,,,,,,,,
2410120380C,NEW KAPPAEX1.0,CM2P5,2024-10-12 10:28:28,18.686,27.63,OK,22.99,22.68,OK,23.87,23.73,OK,23.22,22.8,OK,22.15,21.73,OK,23.03,22.94,OK,22.19,21.87,OK,22.4,21.68,OK,0,0,,0,0,,15.36,OK,15.36,OK,15.36,OK,15.36,OK,15.36,OK,15.36,OK,15.36,OK,0,,0,,15.36,OK,15.36,OK,15.36,OK,15.36,OK,15.36,OK,15.36,OK,15.36,OK,0,,0,,,,52.15,OK,,,,53.97,OK,,,,-292.8,OK,,,,-292.68,OK,,,,173.16,OK,,,,173.61,OK,,,,,,,,,,,,,,,,,
2410120492D,ATKINSON 3.8 OCV,DM2P8,2024-10-12 10:29:02,18.991,24.66,OK,29.69,29.64,OK,25.64,25.57,OK,24.6,24.41,OK,25.4,25.35,OK,26.2,26.18,OK,25.45,25.38,OK,25.18,25.14,OK,0,0,,0,0,,10.73,OK,10.77,OK,10.76,OK,10.79,OK,10.79,OK,10.8,OK,10.83,OK,0,,0,,10.42,OK,10.35,OK,10.4,OK,10.33,OK,10.37,OK,10.37,OK,10.36,OK,0,,0,,,,81.68,OK,,,,82.21,OK,,,,157.55,OK,,,,157.87,OK,,,,37.28,OK,,,,37.54,OK,,,,,,,,,,,,,,,,,
2410120381C,NEW KAPPAEX1.0,CM4P6,2024-10-12 10:29:14,18.689,27.3,OK,25.88,25.36,OK,23.11,22.72,OK,24.56,24.15,OK,23.49,23,OK,24.96,24.83,OK,21.86,21.24,OK,21.84,21.2,OK,0,0,,0,0,,0,OK,0,OK,0,OK,0,OK,0,OK,0,OK,0,OK,0,,0,,0,OK,0,OK,0,OK,0,OK,0,OK,0,OK,0,OK,0,,0,,,,53.74,OK,,,,52.61,OK,,,,-294.26,OK,,,,-293.17,OK,,,,173,OK,,,,172.93,OK,,,,,,,,,,,,,,,,,
2410120493D,ATKINSON 3.8 OCV,DM3P1,2024-10-12 10:29:54,18.983,23.35,OK,25.29,25.26,OK,24.36,24.29,OK,25.4,24.96,OK,24.45,24.43,OK,26.1,25.89,OK,26.47,26.33,OK,25.7,25.59,OK,0,0,,0,0,,11.61,OK,11.56,OK,11.55,OK,11.64,OK,11.67,OK,11.55,OK,11.43,OK,0,,0,,12.77,OK,12.77,OK,12.81,OK,12.8,OK,12.88,OK,12.91,OK,12.76,OK,0,,0,,,,82.15,OK,,,,82.53,OK,,,,157.2,OK,,,,157.89,OK,,,,36.68,OK,,,,36.77,OK,,,,,,,,,,,,,,,,,
2410120382C,NEW KAPPAEX1.0,CM3P1,2024-10-12 10:30:02,18.696,28,OK,28.44,27.61,OK,26.18,25.59,OK,26.68,26.29,OK,25.95,25.48,OK,25.28,25.03,OK,27.13,26.5,OK,25.21,24.8,OK,0,0,,0,0,,0,OK,0,OK,0,OK,0,OK,0,OK,0,OK,0,OK,0,,0,,0,OK,0,OK,0,OK,0,OK,0,OK,0,OK,0,OK,0,,0,,,,53.65,OK,,,,53.54,OK,,,,-292.72,OK,,,,-290.88,OK,,,,173.11,OK,,,,172.22,OK,,,,,,,,,,,,,,,,,
2410120494D,ATKINSON 3.8 OCV,DM4P5,2024-10-12 10:30:46,18.991,24.48,OK,25.38,25.22,OK,24.87,24.8,OK,25.73,25.45,OK,26.28,26.21,OK,25.47,25.45,OK,25.7,25.68,OK,26.33,26.26,OK,0,0,,0,0,,12.05,OK,11.92,OK,11.87,OK,12.1,OK,12.14,OK,12.14,OK,12.38,OK,0,,0,,12.41,OK,12.43,OK,12.65,OK,12.53,OK,12.5,OK,12.45,OK,12.46,OK,0,,0,,,,82.21,OK,,,,81.75,OK,,,,157.76,OK,,,,158.19,OK,,,,37.73,OK,,,,37.64,OK,,,,,,,,,,,,,,,,,
2410120383C,NEW KAPPAEX1.0,CM5P9,2024-10-12 10:30:51,18.669,27.6,OK,26.04,25.85,OK,22.55,22.32,OK,21.98,21.81,OK,20.36,20.17,OK,21.86,21.65,OK,21.77,21.58,OK,21.03,20.76,OK,0,0,,0,0,,2.45,OK,2.46,OK,2.43,OK,2.55,OK,2.47,OK,2.47,OK,2.45,OK,0,,0,,2.75,OK,2.44,OK,2.47,OK,2.5,OK,2.63,OK,2.53,OK,2.36,OK,0,,0,,,,54.83,OK,,,,54.69,OK,,,,-293.04,OK,,,,-292.6,OK,,,,171.52,OK,,,,172.85,OK,,,,,,,,,,,,,,,,,
2410120384C,NEW KAPPAEX1.0,CM1P8,2024-10-12 10:31:37,18.686,27.86,OK,23.11,22.92,OK,22.69,22.43,OK,23.72,23.62,OK,21.55,21.08,OK,21.22,21.13,OK,22.25,21.9,OK,21.9,21.66,OK,0,0,,0,0,,5.89,OK,7.04,OK,6.88,OK,6.75,OK,6.9,OK,6.76,OK,6.68,OK,0,,0,,6.45,OK,6.39,OK,6.5,OK,6.21,OK,6.39,OK,6.48,OK,6.45,OK,0,,0,,,,53.36,OK,,,,53.28,OK,,,,-292.58,OK,,,,-293.76,OK,,,,173.24,OK,,,,173.11,OK,,,,,,,,,,,,,,,,,
2410120495D,ATKINSON 3.8 OCV,DM5P2,2024-10-12 10:31:41,18.99,24.13,OK,22.97,22.81,OK,24.69,24.6,OK,24.48,24.23,OK,23.88,23.74,OK,23.95,23.88,OK,24.04,23.95,OK,25.32,25.2,OK,0,0,,0,0,,2.08,OK,2.61,OK,2.73,OK,2.61,OK,2.66,OK,2.66,OK,2.63,OK,0,,0,,0.82,OK,0.82,OK,0.86,OK,0.84,OK,0.83,OK,0.83,OK,0.86,OK,0,,0,,,,81.27,OK,,,,82.44,OK,,,,158.04,OK,,,,158.74,OK,,,,38.08,OK,,,,38,OK,,,,,,,,,,,,,,,,,
2410120385C,NEW KAPPAEX1.0,CM2P2,2024-10-12 10:32:25,18.692,28.51,OK,24.85,24.62,OK,22.4,21.59,OK,24.53,24.22,OK,21.45,21.26,OK,23.87,23.8,OK,21.42,21.17,OK,22.89,22.59,OK,0,0,,0,0,,15.36,OK,15.36,OK,15.36,OK,15.36,OK,15.36,OK,15.36,OK,15.36,OK,0,,0,,15.36,OK,15.36,OK,15.36,OK,15.36,OK,15.36,OK,15.36,OK,15.36,OK,0,,0,,,,53.81,OK,,,,54.51,OK,,,,-291.71,OK,,,,-291.77,OK,,,,172.22,OK,,,,172.75,OK,,,,,,,,,,,,,,,,,
2410120496D,ATKINSON 3.8 OCV,DM1P7,2024-10-12 10:32:37,18.993,23.95,OK,27.28,27.04,OK,27.35,27.31,OK,25.62,25.19,OK,26.18,26.02,OK,24.67,24.54,OK,26.18,26.11,OK,24.85,24.83,OK,0,0,,0,0,,11.35,OK,11.35,OK,11.37,OK,11.36,OK,11.49,OK,11.47,OK,11.46,OK,0,,0,,9.81,OK,10.09,OK,10.32,OK,10.33,OK,10.23,OK,10.25,OK,10.14,OK,0,,0,,,,82.72,OK,,,,83.05,OK,,,,157.12,OK,,,,157.18,OK,,,,36.45,OK,,,,36.74,OK,,,,,,,,,,,,,,,,,
2410120386C,NEW KAPPAEX1.0,CM4P7,2024-10-12 10:33:14,18.688,27.95,OK,25.33,24.78,OK,21.9,21.68,OK,23.42,22.96,OK,22.91,22.58,OK,22.39,22.36,OK,21.37,20.8,OK,22.63,21.97,OK,0,0,,0,0,,0,OK,0,OK,0,OK,0,OK,0,OK,0,OK,0,OK,0,,0,,0,OK,0,OK,0,OK,0,OK,0,OK,0,OK,0,OK,0,,0,,,,54.18,OK,,,,53.87,OK,,,,-293.04,OK,,,,-293.26,OK,,,,173,OK,,,,173.83,OK,,,,,,,,,,,,,,,,,
2410120497D,ATKINSON 3.8 OCV,DM2P3,2024-10-12 10:33:32,18.999,24.25,OK,26.4,26.37,OK,24.7,24.58,OK,24.89,24.6,OK,29.4,29.4,OK,26.98,26.9,OK,24.87,24.85,OK,25.35,25.23,OK,0,0,,0,0,,11.23,OK,10.79,OK,10.79,OK,10.79,OK,10.79,OK,10.85,OK,10.81,OK,0,,0,,10.46,OK,10.42,OK,10.38,OK,10.38,OK,10.65,OK,10.35,OK,10.37,OK,0,,0,,,,82.64,OK,,,,82.4,OK,,,,157.65,OK,,,,158.26,OK,,,,37.77,OK,,,,37.87,OK,,,,,,,,,,,,,,,,,
2410120387C,NEW KAPPAEX1.0,CM3P3,2024-10-12 10:34:00,18.696,27.9,OK,27.54,27.13,OK,26.32,25.93,OK,26.2,25.77,OK,27,26.34,OK,25.48,25.14,OK,26.09,25.57,OK,25.91,25.32,OK,0,0,,0,0,,0,OK,0,OK,0,OK,0,OK,0,OK,0,OK,0,OK,0,,0,,0,OK,0,OK,0,OK,0,OK,0,OK,0,OK,0,OK,0,,0,,,,53.81,OK,,,,53.27,OK,,,,-291.87,OK,,,,-292.86,OK,,,,171.92,OK,,,,172.56,OK,,,,,,,,,,,,,,,,,
2410120498D,ATKINSON 3.8 OCV,DM3P9,2024-10-12 10:34:24,18.984,23.05,OK,28.95,28.86,OK,28.44,28.37,OK,24.61,24.31,OK,24.26,24.22,OK,28.67,28.46,OK,25.94,25.87,OK,24.87,24.82,OK,0,0,,0,0,,11.62,OK,11.6,OK,11.6,OK,11.59,OK,11.6,OK,11.57,OK,11.64,OK,0,,0,,12.83,OK,12.79,OK,12.83,OK,12.86,OK,12.9,OK,12.91,OK,12.87,OK,0,,0,,,,81.94,OK,,,,82.03,OK,,,,158.05,OK,,,,158.36,OK,,,,38.3,OK,,,,37.98,OK,,,,,,,,,,,,,,,,,
2410120388C,NEW KAPPAEX1.0,CM5P4,2024-10-12 10:34:48,18.691,28.43,OK,22.82,22.53,OK,20.62,20.33,OK,21.15,20.76,OK,19.74,19.45,OK,20.95,20.55,OK,21.41,21,OK,20.64,20.31,OK,0,0,,0,0,,2.45,OK,2.45,OK,2.42,OK,2.39,OK,2.44,OK,2.42,OK,2.46,OK,0,,0,,2.63,OK,2.35,OK,2.42,OK,2.38,OK,2.44,OK,2.5,OK,2.36,OK,0,,0,,,,54.16,OK,,,,53.31,OK,,,,-293.01,OK,,,,-292.18,OK,,,,171.67,OK,,,,172.46,OK,,,,,,,,,,,,,,,,,
2410120501D,ATKINSON 3.8 OCV,DM1P8,2024-10-12 10:35:19,18.986,23.41,OK,24.11,23.95,OK,26.79,26.65,OK,24.56,24.13,OK,25.37,25.3,OK,23.35,23.23,OK,25.6,25.51,OK,25.53,25.46,OK,0,0,,0,0,,11.42,OK,11.43,OK,11.42,OK,11.41,OK,11.6,OK,11.47,OK,11.64,OK,0,,0,,9.74,OK,10.11,OK,10.29,OK,10.25,OK,10.13,OK,10.16,OK,10.22,OK,0,,0,,,,81.66,OK,,,,81.98,OK,,,,157.91,OK,,,,158.23,OK,,,,37.91,OK,,,,37.32,OK,,,,,,,,,,,,,,,,,
2410120389C,NEW KAPPAEX1.0,CM1P5,2024-10-12 10:35:37,18.684,27.27,OK,23.53,23.34,OK,22.36,21.83,OK,23.18,23.06,OK,22.22,21.73,OK,22.69,22.53,OK,23.13,22.43,OK,21.48,20.89,OK,0,0,,0,0,,5.98,OK,6.54,OK,6.53,OK,6.58,OK,7.3,OK,6.94,OK,6.93,OK,0,,0,,6.16,OK,6.52,OK,6.55,OK,7.06,OK,6.51,OK,6.52,OK,6.25,OK,0,,0,,,,54.95,OK,,,,53.46,OK,,,,-292.36,OK,,,,-292.86,OK,,,,172.89,OK,,,,173.29,OK,,,,,,,,,,,,,,,,,
2410120502D,ATKINSON 3.8 OCV,DM2P1,2024-10-12 10:36:11,18.998,24.05,OK,27.32,27.27,OK,25.23,25.16,OK,24.12,23.8,OK,27.29,27.24,OK,25.18,25.16,OK,24.63,24.48,OK,24.99,24.89,OK,0,0,,0,0,,10.77,OK,10.77,OK,10.8,OK,10.79,OK,10.77,OK,10.8,OK,10.81,OK,0,,0,,10.34,OK,10.36,OK,10.51,OK,10.37,OK,10.4,OK,10.36,OK,10.39,OK,0,,0,,,,82,OK,,,,82.31,OK,,,,157.66,OK,,,,158.55,OK,,,,37.46,OK,,,,37.92,OK,,,,,,,,,,,,,,,,,
2410120390C,NEW KAPPAEX1.0,CM2P6,2024-10-12 10:36:26,18.686,29.25,OK,23.76,23.5,OK,23.1,22.75,OK,23.66,23.2,OK,22.8,22.54,OK,23.38,23.34,OK,21.91,21.61,OK,22.45,22.22,OK,0,0,,0,0,,15.36,OK,15.36,OK,15.36,OK,15.36,OK,15.36,OK,15.36,OK,15.36,OK,0,,0,,15.36,OK,15.36,OK,15.36,OK,15.36,OK,15.36,OK,15.36,OK,15.36,OK,0,,0,,,,54.02,OK,,,,52.77,OK,,,,-292.72,OK,,,,-291.65,OK,,,,172.66,OK,,,,172.79,OK,,,,,,,,,,,,,,,,,
2410120503D,ATKINSON 3.8 OCV,DM3P5,2024-10-12 10:37:06,18.994,24.32,OK,26.61,26.52,OK,25.45,25.38,OK,26.31,25.96,OK,24.03,24.03,OK,26.61,26.49,OK,25.98,25.96,OK,26.54,26.42,OK,0,0,,0,0,,11.62,OK,11.6,OK,11.64,OK,11.64,OK,11.79,OK,11.65,OK,11.65,OK,0,,0,,12.81,OK,12.79,OK,12.79,OK,12.78,OK,12.79,OK,12.77,OK,12.79,OK,0,,0,,,,81.86,OK,,,,81.72,OK,,,,157.88,OK,,,,158.06,OK,,,,37.86,OK,,,,37.94,OK,,,,,,,,,,,,,,,,,
2410120391C,NEW KAPPAEX1.0,CM4P1,2024-10-12 10:37:14,18.684,28.07,OK,25.75,25.29,OK,22.94,22.72,OK,24.23,23.66,OK,23.95,23.68,OK,23.68,23.68,OK,22.74,22.36,OK,23.84,23.35,OK,0,0,,0,0,,0,OK,0,OK,0,OK,0,OK,0,OK,0,OK,0,OK,0,,0,,0,OK,0,OK,0,OK,0,OK,0,OK,0,OK,0,OK,0,,0,,,,54.23,OK,,,,53.86,OK,,,,-292.28,OK,,,,-291.61,OK,,,,171.73,OK,,,,172.89,OK,,,,,,,,,,,,,,,,,
2410120499D,ATKINSON 3.8 OCV,DM4P6,2024-10-12 10:38:02,18.992,23.51,OK,25.36,25.31,OK,23.71,23.66,OK,26.17,25.87,OK,28.05,27.86,OK,27.1,26.96,OK,27.68,27.58,OK,24.91,24.82,OK,0,0,,0,0,,11.78,OK,11.9,OK,11.64,OK,12.2,OK,12.15,OK,12.16,OK,12.3,OK,0,,0,,12.41,OK,12.48,OK,12.52,OK,12.52,OK,12.5,OK,12.43,OK,12.46,OK,0,,0,,,,82.95,OK,,,,82.59,OK,,,,157.61,OK,,,,157.77,OK,,,,37.91,OK,,,,37.93,OK,,,,,,,,,,,,,,,,,
2410120392C,NEW KAPPAEX1.0,CM3P9,2024-10-12 10:38:07,18.684,28.07,OK,28.1,27.36,OK,26.29,25.8,OK,25.86,25.32,OK,25.12,24.66,OK,25.91,25.5,OK,24.69,24.23,OK,25.46,24.85,OK,0,0,,0,0,,0,OK,0,OK,0,OK,0,OK,0,OK,0,OK,0,OK,0,,0,,0,OK,0,OK,0,OK,0,OK,0,OK,0,OK,0,OK,0,,0,,,,52.62,OK,,,,52.64,OK,,,,-292.39,OK,,,,-291.58,OK,,,,171.6,OK,,,,172.84,OK,,,,,,,,,,,,,,,,,
2410120393C,NEW KAPPAEX1.0,CM5P8,2024-10-12 10:38:52,18.684,27.57,OK,24.8,24.75,OK,20.57,20.4,OK,22.89,22.65,OK,20.14,20.02,OK,21.79,21.65,OK,22.51,22.22,OK,21.41,21.05,OK,0,0,,0,0,,2.53,OK,2.44,OK,2.46,OK,2.44,OK,2.44,OK,2.45,OK,2.52,OK,0,,0,,2.69,OK,2.38,OK,2.46,OK,2.42,OK,2.53,OK,2.52,OK,2.58,OK,0,,0,,,,52.93,OK,,,,54.32,OK,,,,-292.01,OK,,,,-293.35,OK,,,,171.63,OK,,,,173.08,OK,,,,,,,,,,,,,,,,,
2410120500D,ATKINSON 3.8 OCV,DM5P4,2024-10-12 10:38:57,18.986,23.41,OK,23.37,23.23,OK,25.04,24.92,OK,24.23,23.67,OK,23.76,23.51,OK,23.97,23.83,OK,24.23,24.13,OK,26.32,26.2,OK,0,0,,0,0,,2.09,OK,2.71,OK,2.77,OK,2.62,OK,2.66,OK,2.78,OK,2.72,OK,0,,0,,0.8,OK,0.77,OK,0.82,OK,0.81,OK,0.83,OK,0.84,OK,0.88,OK,0,,0,,,,81.84,OK,,,,82.76,OK,,,,158.17,OK,,,,158.84,OK,,,,38.22,OK,,,,38.18,OK,,,,,,,,,,,,,,,,,
2410120394C,NEW KAPPAEX1.0,CM1P2,2024-10-12 10:39:44,18.696,28.08,OK,23.88,23.74,OK,22.6,21.94,OK,23.32,23.16,OK,21.27,20.64,OK,21.76,21.48,OK,23.97,23.69,OK,21.62,21.24,OK,0,0,,0,0,,6.01,OK,6.52,OK,6.47,OK,6.48,OK,6.68,OK,6.99,OK,6.94,OK,0,,0,,6.11,OK,6.3,OK,6.41,OK,6.35,OK,6.31,OK,6.14,OK,6.12,OK,0,,0,,,,53.14,OK,,,,54.02,OK,,,,-292.71,OK,,,,-293.08,OK,,,,173.9,OK,,,,172.55,OK,,,,,,,,,,,,,,,,,
2410120504D,ATKINSON 3.8 OCV,DM1P3,2024-10-12 10:39:49,18.996,23.52,OK,24.72,24.45,OK,27.6,27.46,OK,24.38,24.04,OK,26.2,26.18,OK,26.54,26.45,OK,25.66,25.57,OK,25.28,25.26,OK,0,0,,0,0,,11.31,OK,11.45,OK,11.43,OK,11.44,OK,11.5,OK,11.35,OK,11.5,OK,0,,0,,9.94,OK,10.2,OK,10.26,OK,10.25,OK,10.16,OK,10.13,OK,10.14,OK,0,,0,,,,82.63,OK,,,,82.13,OK,,,,157.77,OK,,,,157.9,OK,,,,37.52,OK,,,,37.84,OK,,,,,,,,,,,,,,,,,
2410120395C,NEW KAPPAEX1.0,CM2P7,2024-10-12 10:40:33,18.698,27.7,OK,24.74,24.55,OK,22.45,22.26,OK,23.43,23.01,OK,21.82,21.63,OK,22.59,22.59,OK,22.78,22.43,OK,22.66,22.33,OK,0,0,,0,0,,15.36,OK,15.36,OK,15.36,OK,15.36,OK,15.36,OK,15.36,OK,15.36,OK,0,,0,,15.36,OK,15.36,OK,15.36,OK,15.36,OK,15.36,OK,15.36,OK,15.36,OK,0,,0,,,,53.78,OK,,,,54.13,OK,,,,-292.13,OK,,,,-292.62,OK,,,,171.46,OK,,,,173.47,OK,,,,,,,,,,,,,,,,,
2410120505D,ATKINSON 3.8 OCV,DM2P9,2024-10-12 10:40:44,18.99,25.2,OK,27.75,27.65,OK,25.01,24.89,OK,26.27,26.1,OK,24.19,24.12,OK,27,27,OK,26.06,25.96,OK,26.1,26.06,OK,0,0,,0,0,,11.26,OK,10.8,OK,10.78,OK,10.78,OK,10.77,OK,10.83,OK,10.83,OK,0,,0,,10.45,OK,10.36,OK,10.42,OK,10.36,OK,10.37,OK,10.36,OK,10.38,OK,0,,0,,,,81.56,OK,,,,81.83,OK,,,,158.28,OK,,,,158.46,OK,,,,38.38,OK,,,,37.73,OK,,,,,,,,,,,,,,,,,
2410120397C,NEW KAPPAEX1.0,CM3P4,2024-10-12 10:41:18,18.694,27.47,OK,28.92,28.15,OK,26.68,26.32,OK,26.47,26.09,OK,24.98,24.32,OK,23.83,23.42,OK,25.86,25.14,OK,24.71,24.05,OK,0,0,,0,0,,0,OK,0,OK,0,OK,0,OK,0,OK,0,OK,0,OK,0,,0,,0,OK,0,OK,0,OK,0,OK,0,OK,0,OK,0,OK,0,,0,,,,54.21,OK,,,,52.8,OK,,,,-292.79,OK,,,,-292.53,OK,,,,172.48,OK,,,,172.42,OK,,,,,,,,,,,,,,,,,
2410120506D,ATKINSON 3.8 OCV,DM3P6,2024-10-12 10:41:36,18.99,24.03,OK,30.11,30.09,OK,26.56,26.49,OK,26.98,26.7,OK,26.17,26.1,OK,29.65,29.55,OK,28.02,27.93,OK,25.87,25.8,OK,0,0,,0,0,,11.37,OK,11.61,OK,11.5,OK,11.7,OK,11.71,OK,11.6,OK,11.59,OK,0,,0,,12.76,OK,12.79,OK,12.83,OK,12.84,OK,12.79,OK,12.9,OK,12.79,OK,0,,0,,,,82.25,OK,,,,82.5,OK,,,,157.67,OK,,,,157.36,OK,,,,37.34,OK,,,,37.98,OK,,,,,,,,,,,,,,,,,
2410120398C,NEW KAPPAEX1.0,CM5P5,2024-10-12 10:42:07,18.698,27.78,OK,23.2,22.94,OK,21.77,21.5,OK,22.24,21.91,OK,19.86,19.69,OK,21.5,21.17,OK,22.48,21.91,OK,22.15,21.72,OK,0,0,,0,0,,2.44,OK,2.45,OK,2.46,OK,2.45,OK,2.44,OK,2.44,OK,2.46,OK,0,,0,,2.68,OK,2.4,OK,2.48,OK,2.7,OK,2.4,OK,2.45,OK,2.39,OK,0,,0,,,,53.03,OK,,,,52.49,OK,,,,-293.72,OK,,,,-292.75,OK,,,,172.86,OK,,,,172.45,OK,,,,,,,,,,,,,,,,,
2410120507D,ATKINSON 3.8 OCV,DM4P2,2024-10-12 10:42:31,18.986,23.78,OK,25.05,24.98,OK,23.45,23.38,OK,25.15,24.71,OK,26,25.87,OK,25.68,25.63,OK,25.26,25.19,OK,24.82,24.78,OK,0,0,,0,0,,12.14,OK,12.29,OK,12.28,OK,12.12,OK,12.09,OK,12.08,OK,12.33,OK,0,,0,,12.44,OK,12.46,OK,12.5,OK,12.48,OK,12.49,OK,12.41,OK,12.47,OK,0,,0,,,,81.83,OK,,,,82.06,OK,,,,157.92,OK,,,,158.09,OK,,,,38.29,OK,,,,37.83,OK,,,,,,,,,,,,,,,,,
2410120399C,NEW KAPPAEX1.0,CM1P6,2024-10-12 10:42:56,18.689,27.02,OK,22.99,22.71,OK,21.69,21.1,OK,23.16,22.97,OK,21.69,21.15,OK,20.85,20.68,OK,22.25,21.83,OK,22.62,21.99,OK,0,0,,0,0,,5.73,OK,6.54,OK,6.71,OK,7,OK,6.89,OK,6.75,OK,6.73,OK,0,,0,,6.19,OK,7.01,OK,6.92,OK,6.47,OK,6.41,OK,6.35,OK,6.55,OK,0,,0,,,,50.91,OK,,,,53.43,OK,,,,-292.76,OK,,,,-292.74,OK,,,,174.08,OK,,,,173.7,OK,,,,,,,,,,,,,,,,,
2410120509D,ATKINSON 3.8 OCV,DM1P4,2024-10-12 10:43:27,18.994,23.48,OK,27.01,26.88,OK,25.84,25.69,OK,25.82,25.33,OK,25.03,24.97,OK,23.86,23.8,OK,25.8,25.75,OK,26.07,25.98,OK,0,0,,0,0,,11.37,OK,11.38,OK,11.41,OK,11.42,OK,11.42,OK,11.42,OK,11.45,OK,0,,0,,9.9,OK,10.14,OK,10.17,OK,10.16,OK,10.03,OK,10.06,OK,10.08,OK,0,,0,,,,82.02,OK,,,,82.18,OK,,,,157.53,OK,,,,158.06,OK,,,,37.79,OK,,,,37.45,OK,,,,,,,,,,,,,,,,,
2410120400C,NEW KAPPAEX1.0,CM2P1,2024-10-12 10:43:45,18.684,28.41,OK,23.76,23.59,OK,23.78,23.62,OK,24.53,24.18,OK,24.01,23.83,OK,23.01,22.92,OK,22.38,22.05,OK,23.83,23.64,OK,0,0,,0,0,,15.36,OK,15.36,OK,15.36,OK,15.36,OK,15.36,OK,15.36,OK,15.36,OK,0,,0,,15.36,OK,15.36,OK,15.36,OK,15.36,OK,15.36,OK,15.36,OK,15.36,OK,0,,0,,,,53.8,OK,,,,53.44,OK,,,,-292.64,OK,,,,-291.77,OK,,,,172.8,OK,,,,173.09,OK,,,,,,,,,,,,,,,,,
2410120510D,ATKINSON 3.8 OCV,DM2P8,2024-10-12 10:44:22,18.994,23.48,OK,26.88,26.83,OK,26.52,26.44,OK,25.5,25.35,OK,26.78,26.71,OK,25.81,25.81,OK,26.15,26.06,OK,25.77,25.72,OK,0,0,,0,0,,10.8,OK,11.1,OK,10.87,OK,11.11,OK,10.76,OK,10.81,OK,10.8,OK,0,,0,,10.33,OK,10.49,OK,10.37,OK,10.44,OK,10.36,OK,10.37,OK,10.4,OK,0,,0,,,,81.96,OK,,,,81.82,OK,,,,158.05,OK,,,,158.34,OK,,,,37.55,OK,,,,37.85,OK,,,,,,,,,,,,,,,,,
2410120401C,NEW KAPPAEX1.0,CM4P9,2024-10-12 10:44:33,18.686,27.78,OK,25.05,24.5,OK,22.36,22.06,OK,24.21,23.79,OK,22.74,21.97,OK,23.05,22.98,OK,22.21,21.59,OK,22.34,21.95,OK,0,0,,0,0,,0,OK,0,OK,0,OK,0,OK,0,OK,0,OK,0,OK,0,,0,,0,OK,0,OK,0,OK,0,OK,0,OK,0,OK,0,OK,0,,0,,,,54.16,OK,,,,52.9,OK,,,,-293.27,OK,,,,-293.46,OK,,,,172.73,OK,,,,172.54,OK,,,,,,,,,,,,,,,,,
2410120511D,ATKINSON 3.8 OCV,DM3P1,2024-10-12 10:45:14,18.988,21.9,OK,27.81,27.74,OK,26.19,26.1,OK,24.45,24.15,OK,24.89,24.87,OK,26.58,26.56,OK,25.82,25.77,OK,25.66,25.61,OK,0,0,,0,0,,11.61,OK,11.62,OK,11.65,OK,11.29,OK,11.58,OK,11.66,OK,11.65,OK,0,,0,,12.83,OK,12.79,OK,12.54,OK,12.81,OK,12.62,OK,12.59,OK,12.56,OK,0,,0,,,,81.73,OK,,,,82.01,OK,,,,157.69,OK,,,,158.43,OK,,,,37.28,OK,,,,37.27,OK,,,,,,,,,,,,,,,,,
2410120402C,NEW KAPPAEX1.0,CM3P8,2024-10-12 10:45:19,18.689,27.7,OK,28.47,27.45,OK,25.57,25.37,OK,27.13,26.68,OK,25.18,24.42,OK,24.62,24.28,OK,25.71,24.96,OK,24.62,23.89,OK,0,0,,0,0,,0,OK,0,OK,0,OK,0,OK,0,OK,0,OK,0,OK,0,,0,,0,OK,0,OK,0,OK,0,OK,0,OK,0,OK,0,OK,0,,0,,,,52.66,OK,,,,53.02,OK,,,,-291.83,OK,,,,-292.11,OK,,,,173,OK,,,,172.4,OK,,,,,,,,,,,,,,,,,
2410120508D,ATKINSON 3.8 OCV,DM5P7,2024-10-12 10:46:06,18.996,24.17,OK,23.6,23.53,OK,24.3,24.25,OK,24.39,23.95,OK,23.35,23.21,OK,25.97,25.87,OK,23.6,23.53,OK,22.72,22.6,OK,0,0,,0,0,,2.07,OK,2.63,OK,2.75,OK,2.61,OK,2.64,OK,2.63,OK,2.61,OK,0,,0,,0.79,OK,0.81,OK,0.84,OK,0.82,OK,0.83,OK,0.79,OK,0.82,OK,0,,0,,,,81.63,OK,,,,82.54,OK,,,,158.14,OK,,,,158.47,OK,,,,37.89,OK,,,,38.17,OK,,,,,,,,,,,,,,,,,
2410120403C,NEW KAPPAEX1.0,CM5P2,2024-10-12 10:46:11,18.696,27.57,OK,26.14,25.99,OK,21.26,20.98,OK,22.51,22.22,OK,20.52,20.38,OK,21.98,21.77,OK,22.65,22.34,OK,23.15,22.75,OK,0,0,,0,0,,2.57,OK,2.48,OK,2.46,OK,2.46,OK,2.44,OK,2.48,OK,2.47,OK,0,,0,,2.91,OK,2.4,OK,2.43,OK,2.4,OK,2.49,OK,2.52,OK,2.44,OK,0,,0,,,,54.7,OK,,,,53.58,OK,,,,-292.98,OK,,,,-293.73,OK,,,,172.19,OK,,,,172.26,OK,,,,,,,,,,,,,,,,,
2410120405C,NEW KAPPAEX1.0,CM2P3,2024-10-12 10:46:56,18.684,28,OK,23.69,23.5,OK,21.96,21.75,OK,24.27,23.83,OK,23.08,22.89,OK,23.43,23.34,OK,21.49,21.24,OK,23.57,23.31,OK,0,0,,0,0,,15.36,OK,15.36,OK,15.36,OK,15.36,OK,15.36,OK,15.36,OK,15.36,OK,0,,0,,15.36,OK,15.36,OK,15.36,OK,15.36,OK,15.36,OK,15.36,OK,15.36,OK,0,,0,,,,53.55,OK,,,,53.98,OK,,,,-293.11,OK,,,,-292.38,OK,,,,173.01,OK,,,,172.55,OK,,,,,,,,,,,,,,,,,
2410120512D,ATKINSON 3.8 OCV,DM4P5,2024-10-12 10:46:58,18.997,24.37,OK,27.07,27,OK,24.87,24.78,OK,24.03,23.52,OK,25.52,25.29,OK,26.31,26.17,OK,25.31,25.19,OK,24.84,24.8,OK,0,0,,0,0,,11.94,OK,12.28,OK,12.28,OK,12.08,OK,12.15,OK,12.28,OK,12.3,OK,0,,0,,12.35,OK,12.51,OK,12.45,OK,12.47,OK,12.43,OK,12.28,OK,12.48,OK,0,,0,,,,81.45,OK,,,,81.15,OK,,,,158.81,OK,,,,158.62,OK,,,,38.38,OK,,,,38.26,OK,,,,,,,,,,,,,,,,,
2410120406C,NEW KAPPAEX1.0,CM4P4,2024-10-12 10:47:45,18.696,26.71,OK,25.49,24.94,OK,22.85,22.5,OK,24.12,23.71,OK,22.21,21.84,OK,23.46,23.4,OK,23.11,22.65,OK,22.61,22.28,OK,0,0,,0,0,,0,OK,0,OK,0,OK,0,OK,0,OK,0,OK,0,OK,0,,0,,0,OK,0,OK,0,OK,0,OK,0,OK,0,OK,0,OK,0,,0,,,,53.85,OK,,,,54.1,OK,,,,-293.62,OK,,,,-293.02,OK,,,,173.07,OK,,,,173.38,OK,,,,,,,,,,,,,,,,,
2410120513D,ATKINSON 3.8 OCV,DM1P9,2024-10-12 10:47:53,18.997,24.37,OK,24.43,24.31,OK,28.48,28.34,OK,25.17,24.9,OK,27.44,27.35,OK,24.94,24.94,OK,25.3,25.28,OK,25.42,25.39,OK,0,0,,0,0,,11.45,OK,11.4,OK,11.37,OK,11.31,OK,11.5,OK,11.42,OK,11.42,OK,0,,0,,9.92,OK,10.17,OK,10.23,OK,10.41,OK,10.22,OK,10.15,OK,10.15,OK,0,,0,,,,82.09,OK,,,,81.81,OK,,,,158.32,OK,,,,158.37,OK,,,,38.25,OK,,,,39.46,OK,,,,,,,,,,,,,,,,,
2410120407C,NEW KAPPAEX1.0,CM3P5,2024-10-12 10:48:31,18.696,27.68,OK,27.54,26.68,OK,25.95,25.34,OK,26.11,25.61,OK,26.52,25.41,OK,25.18,24.85,OK,25.84,25.09,OK,25.55,25.09,OK,0,0,,0,0,,0,OK,0,OK,0,OK,0,OK,0,OK,0,OK,0,OK,0,,0,,0,OK,0,OK,0,OK,0,OK,0,OK,0,OK,0,OK,0,,0,,,,53.32,OK,,,,52.29,OK,,,,-292.82,OK,,,,-292.36,OK,,,,171.67,OK,,,,172.58,OK,,,,,,,,,,,,,,,,,
2410120514D,ATKINSON 3.8 OCV,DM2P6,2024-10-12 10:48:48,18.99,24.43,OK,26.93,26.86,OK,24.41,24.34,OK,25.23,24.99,OK,25.91,25.84,OK,24.63,24.58,OK,25.28,25.16,OK,24.53,24.51,OK,0,0,,0,0,,11.27,OK,10.78,OK,10.79,OK,10.82,OK,10.8,OK,10.82,OK,10.81,OK,0,,0,,10.44,OK,10.43,OK,10.34,OK,10.37,OK,10.34,OK,10.36,OK,10.35,OK,0,,0,,,,82.72,OK,,,,82.88,OK,,,,158.08,OK,,,,157.78,OK,,,,37.75,OK,,,,38.29,OK,,,,,,,,,,,,,,,,,
2410120408C,NEW KAPPAEX1.0,CM5P6,2024-10-12 10:49:16,18.685,27.43,OK,25.11,24.87,OK,21.22,21.07,OK,22.51,22.05,OK,20.33,20.17,OK,22.41,22.32,OK,22.01,21.69,OK,22.12,21.74,OK,0,0,,0,0,,2.56,OK,2.49,OK,2.44,OK,2.45,OK,2.46,OK,2.46,OK,2.46,OK,0,,0,,2.91,OK,2.42,OK,2.44,OK,2.45,OK,2.5,OK,2.52,OK,2.46,OK,0,,0,,,,53.89,OK,,,,53.65,OK,,,,-293.47,OK,,,,-293.37,OK,,,,171.75,OK,,,,173.16,OK,,,,,,,,,,,,,,,,,
2410120515D,ATKINSON 3.8 OCV,DM3P2,2024-10-12 10:49:40,18.987,25.91,OK,24.59,24.5,OK,25.1,25.03,OK,26.63,26.47,OK,26.1,26.07,OK,27.07,27.03,OK,27.23,27.23,OK,25.68,25.59,OK,0,0,,0,0,,11.28,OK,11.42,OK,11.6,OK,11.65,OK,11.46,OK,11.29,OK,11.39,OK,0,,0,,12.64,OK,12.8,OK,12.8,OK,12.81,OK,12.8,OK,12.8,OK,12.79,OK,0,,0,,,,81.4,OK,,,,81.92,OK,,,,157.86,OK,,,,158.22,OK,,,,37.6,OK,,,,37.62,OK,,,,,,,,,,,,,,,,,
2410120409C,NEW KAPPAEX1.0,CM1P1,2024-10-12 10:50:05,18.686,27.3,OK,23.55,23.3,OK,22.69,21.94,OK,24.63,24.39,OK,22.22,21.85,OK,22.22,22.06,OK,22.32,21.76,OK,22.41,22.08,OK,0,0,,0,0,,6.17,OK,6.6,OK,6.61,OK,6.61,OK,6.75,OK,6.69,OK,6.73,OK,0,,0,,5.85,OK,6.38,OK,6.4,OK,6.49,OK,6.52,OK,6.71,OK,6.94,OK,0,,0,,,,54.3,OK,,,,54.34,OK,,,,-293.15,OK,,,,-293.24,OK,,,,173.27,OK,,,,172.55,OK,,,,,,,,,,,,,,,,,
2410120516D,ATKINSON 3.8 OCV,DM5P3,2024-10-12 10:50:32,18.988,21.41,OK,22.86,22.7,OK,26.36,26.22,OK,25.76,25.48,OK,24.02,23.9,OK,24.99,24.88,OK,25.29,25.09,OK,24.64,24.62,OK,0,0,,0,0,,2.08,OK,2.75,OK,2.7,OK,2.61,OK,2.69,OK,2.66,OK,2.64,OK,0,,0,,0.8,OK,0.82,OK,0.85,OK,0.86,OK,0.83,OK,0.84,OK,0.85,OK,0,,0,,,,81.69,OK,,,,81.32,OK,,,,158.59,OK,,,,158.92,OK,,,,38.35,OK,,,,38.41,OK,,,,,,,,,,,,,,,,,
2410120410C,NEW KAPPAEX1.0,CM2P9,2024-10-12 10:50:54,18.692,26.67,OK,24.9,24.64,OK,22.92,22.45,OK,25.46,25.16,OK,23.36,23.15,OK,23.1,23.1,OK,22.17,21.91,OK,23.29,23.06,OK,0,0,,0,0,,15.36,OK,15.36,OK,15.36,OK,15.36,OK,15.36,OK,15.36,OK,15.36,OK,0,,0,,15.36,OK,15.36,OK,15.36,OK,15.36,OK,15.36,OK,15.36,OK,15.36,OK,0,,0,,,,53.73,OK,,,,53.95,OK,,,,-292.69,OK,,,,-291.45,OK,,,,173.79,OK,,,,172.23,OK,,,,,,,,,,,,,,,,,
2410120517D,ATKINSON 3.8 OCV,DM4P7,2024-10-12 10:51:28,18.999,23.27,OK,24.75,24.68,OK,24.75,24.71,OK,25.61,25.36,OK,28.58,28.46,OK,26.19,26.14,OK,27.47,27.4,OK,26.17,25.98,OK,0,0,,0,0,,11.98,OK,12.14,OK,12.24,OK,12.29,OK,12.28,OK,12.27,OK,12.23,OK,0,,0,,12.39,OK,12.51,OK,12.39,OK,12.48,OK,12.48,OK,12.51,OK,12.45,OK,0,,0,,,,82.41,OK,,,,82.6,OK,,,,158.27,OK,,,,158.21,OK,,,,37.68,OK,,,,37.65,OK,,,,,,,,,,,,,,,,,
2410120412C,NEW KAPPAEX1.0,CM3P2,2024-10-12 10:51:42,18.69,27.53,OK,28.42,27.56,OK,25.3,24.75,OK,26.57,26,OK,25.61,25.07,OK,26.5,26.11,OK,24.39,23.53,OK,25.57,24.85,OK,0,0,,0,0,,0,OK,0,OK,0,OK,0,OK,0,OK,0,OK,0,OK,0,,0,,0,OK,0,OK,0,OK,0,OK,0,OK,0,OK,0,OK,0,,0,,,,150.37,NG,,,,150.07,NG,,,,-271.45,NG,,,,-270.17,NG,,,,29.03,NG,,,,31.34,NG,,,,,,,,,,,,,,,,,
2410120518D,ATKINSON 3.8 OCV,DM1P4,2024-10-12 10:52:23,18.997,22.43,OK,25.15,25.06,OK,26.47,26.38,OK,26.77,26.38,OK,26.38,26.25,OK,24.74,24.65,OK,24.61,24.52,OK,24.58,24.54,OK,0,0,,0,0,,11.4,OK,11.4,OK,11.4,OK,11.38,OK,11.44,OK,11.5,OK,11.58,OK,0,,0,,9.81,OK,10.14,OK,10.24,OK,10.27,OK,10.18,OK,10.07,OK,10.16,OK,0,,0,,,,81.63,OK,,,,81.95,OK,,,,157.75,OK,,,,158.15,OK,,,,37.81,OK,,,,38.26,OK,,,,,,,,,,,,,,,,,
2410120411C,NEW KAPPAEX1.0,CM4P8,2024-10-12 10:52:57,18.684,26.77,OK,26.57,25.91,OK,23.55,23.29,OK,23.4,22.98,OK,22.39,22.06,OK,22.03,21.97,OK,22.17,21.4,OK,22.32,21.9,OK,0,0,,0,0,,0,OK,0,OK,0,OK,0,OK,0,OK,0,OK,0,OK,0,,0,,0,OK,0,OK,0,OK,0,OK,0,OK,0,OK,0,OK,0,,0,,,,54.26,OK,,,,52.27,OK,,,,-292.86,OK,,,,-292.1,OK,,,,172.45,OK,,,,173.26,OK,,,,,,,,,,,,,,,,,
2410120519D,ATKINSON 3.8 OCV,DM2P8,2024-10-12 10:53:18,18.991,22.61,OK,29.86,29.76,OK,23.73,23.59,OK,24.34,24.14,OK,27.29,27.27,OK,26.71,26.69,OK,23.56,23.46,OK,23.78,23.68,OK,0,0,,0,0,,11.28,OK,10.77,OK,10.77,OK,10.79,OK,10.82,OK,10.79,OK,10.81,OK,0,,0,,10.39,OK,10.4,OK,10.37,OK,10.37,OK,10.43,OK,10.38,OK,10.34,OK,0,,0,,,,81.68,OK,,,,81.52,OK,,,,158.1,OK,,,,158.45,OK,,,,37.81,OK,,,,38.11,OK,,,,,,,,,,,,,,,,,
2410120413C,NEW KAPPAEX1.0,CM5P7,2024-10-12 10:53:42,18.696,26.38,OK,23.87,23.73,OK,21.74,21.38,OK,21.81,21.5,OK,19.88,19.81,OK,21.67,21.46,OK,22.51,22.17,OK,21.34,21.03,OK,0,0,,0,0,,2.49,OK,2.47,OK,2.45,OK,2.47,OK,2.45,OK,2.47,OK,2.49,OK,0,,0,,2.73,OK,2.41,OK,2.48,OK,2.51,OK,2.52,OK,2.54,OK,2.38,OK,0,,0,,,,53.42,OK,,,,52.71,OK,,,,-293.25,OK,,,,-293.05,OK,,,,173.8,OK,,,,172.74,OK,,,,,,,,,,,,,,,,,
2410120520D,ATKINSON 3.8 OCV,DM3P1,2024-10-12 10:54:10,18.994,25.83,OK,28.44,28.32,OK,28.14,28.05,OK,26.21,25.91,OK,24.59,24.52,OK,27.72,27.56,OK,25.96,25.89,OK,25.7,25.63,OK,0,0,,0,0,,11.48,OK,11.59,OK,11.61,OK,11.63,OK,11.61,OK,11.66,OK,11.66,OK,0,,0,,12.6,OK,12.81,OK,12.8,OK,12.59,OK,12.63,OK,12.76,OK,12.6,OK,0,,0,,,,81.8,OK,,,,82.07,OK,,,,157.5,OK,,,,158.22,OK,,,,37.29,OK,,,,37.49,OK,,,,,,,,,,,,,,,,,
2410120414C,NEW KAPPAEX1.0,CM1P3,2024-10-12 10:54:31,18.692,26.76,OK,22.76,22.48,OK,22.62,22.11,OK,24.51,24.28,OK,22.76,22.27,OK,23.16,23.06,OK,22.34,22.08,OK,23.44,23.23,OK,0,0,,0,0,,5.85,OK,6.8,OK,6.98,OK,6.86,OK,6.89,OK,6.86,OK,6.8,OK,0,,0,,6.47,OK,6.35,OK,6.41,OK,6.47,OK,6.48,OK,6.56,OK,6.5,OK,0,,0,,,,53.31,OK,,,,55.75,OK,,,,-293.34,OK,,,,-293.24,OK,,,,173.94,OK,,,,172.25,OK,,,,,,,,,,,,,,,,,
2410120522D,ATKINSON 3.8 OCV,DM4P9,2024-10-12 10:55:05,18.998,23.06,OK,25.75,25.73,OK,24.73,24.64,OK,24.15,23.75,OK,26.4,26.05,OK,26.19,26.1,OK,26.38,26.21,OK,24.33,24.2,OK,0,0,,0,0,,11.79,OK,12.19,OK,12.17,OK,12.04,OK,12.3,OK,12.31,OK,12.26,OK,0,,0,,12.53,OK,12.49,OK,12.43,OK,12.42,OK,12.46,OK,12.44,OK,12.48,OK,0,,0,,,,81.66,OK,,,,81.57,OK,,,,158.91,OK,,,,158.7,OK,,,,38.2,OK,,,,37.81,OK,,,,,,,,,,,,,,,,,
2410120396C,NEW KAPPAEX1.0,CM4P3,2024-10-12 10:55:17,18.696,27.92,OK,29.21,28.06,OK,22.65,22.3,OK,25.14,24.54,OK,23.64,23.4,OK,24.67,24.67,OK,23.44,23.02,OK,23.71,23.07,OK,0,0,,0,0,,0,OK,0,OK,0,OK,0,OK,0,OK,0,OK,0,OK,0,,0,,0,OK,0,OK,0,OK,0,OK,0,OK,0,OK,0,OK,0,,0,,,,54.69,OK,,,,53.57,OK,,,,-294.21,OK,,,,-291.71,OK,,,,172.08,OK,,,,173.34,OK,,,,,,,,,,,,,,,,,
2410120521D,ATKINSON 3.8 OCV,DM5P5,2024-10-12 10:56:01,18.985,23.61,OK,25.67,25.5,OK,24.44,24.34,OK,24.78,24.44,OK,24.74,24.62,OK,26.04,25.97,OK,24.04,23.97,OK,24.25,24.11,OK,0,0,,0,0,,2.06,OK,2.69,OK,2.7,OK,2.63,OK,2.67,OK,2.78,OK,2.65,OK,0,,0,,0.83,OK,0.82,OK,0.83,OK,0.85,OK,0.84,OK,0.84,OK,0.86,OK,0,,0,,,,82.01,OK,,,,80.9,OK,,,,158.81,OK,,,,159.3,OK,,,,38.5,OK,,,,38.5,OK,,,,,,,,,,,,,,,,,
2410120404C,NEW KAPPAEX1.0,CM1P7,2024-10-12 10:56:06,18.696,27.96,OK,22.85,22.46,OK,21.52,21.22,OK,21.83,21.59,OK,20.57,19.73,OK,21.99,21.85,OK,21.9,21.29,OK,21.9,21.73,OK,0,0,,0,0,,5.99,OK,6.47,OK,6.39,OK,6.49,OK,6.64,OK,6.71,OK,7.19,OK,0,,0,,5.96,OK,6.13,OK,6.35,OK,6.6,OK,6.65,OK,6.41,OK,6.22,OK,0,,0,,,,54.14,OK,,,,56.52,NG,,,,-291.68,OK,,,,-293.63,OK,,,,172.63,OK,,,,173.28,OK,,,,,,,,,,,,,,,,,
2410120418C,NEW KAPPAEX1.0,CM5P1,2024-10-12 10:56:51,18.694,26.82,OK,25.49,25.33,OK,21.5,21.26,OK,21.89,21.55,OK,19.83,19.62,OK,21.79,21.38,OK,21.15,20.64,OK,22.67,22.32,OK,0,0,,0,0,,2.52,OK,2.46,OK,2.45,OK,2.45,OK,2.46,OK,2.45,OK,2.48,OK,0,,0,,3.05,OK,2.42,OK,2.48,OK,2.45,OK,2.49,OK,2.54,OK,2.66,OK,0,,0,,,,54.63,OK,,,,53.61,OK,,,,-292.89,OK,,,,-292.87,OK,,,,171.33,OK,,,,171.88,OK,,,,,,,,,,,,,,,,,
2410120523D,ATKINSON 3.8 OCV,DM1P6,2024-10-12 10:56:56,18.987,24.03,OK,24.4,24.07,OK,26.79,26.7,OK,25.35,24.88,OK,27.22,26.97,OK,25.44,25.37,OK,25.87,25.78,OK,25.03,24.97,OK,0,0,,0,0,,11.37,OK,11.37,OK,11.39,OK,11.37,OK,11.46,OK,11.51,OK,11.45,OK,0,,0,,9.89,OK,10.27,OK,10.32,OK,10.39,OK,10.27,OK,10.3,OK,10.18,OK,0,,0,,,,82.62,OK,,,,82.69,OK,,,,157.62,OK,,,,157.71,OK,,,,37.42,OK,,,,37.99,OK,,,,,,,,,,,,,,,,,
2410120415C,NEW KAPPAEX1.0,CM2P4,2024-10-12 10:57:40,18.694,27.18,OK,25.27,24.92,OK,23.8,23.48,OK,24.57,24.29,OK,21.98,21.63,OK,23.06,23.01,OK,22.03,21.82,OK,23.1,22.92,OK,0,0,,0,0,,15.36,OK,15.36,OK,15.36,OK,15.36,OK,15.36,OK,15.36,OK,15.36,OK,0,,0,,15.36,OK,15.36,OK,15.36,OK,15.36,OK,15.36,OK,15.36,OK,15.36,OK,0,,0,,,,53.31,OK,,,,53.02,OK,,,,-292.5,OK,,,,-291.46,OK,,,,171.46,OK,,,,172.79,OK,,,,,,,,,,,,,,,,,
2410120524D,ATKINSON 3.8 OCV,DM2P2,2024-10-12 10:57:48,18.993,21.08,OK,26.71,26.66,OK,23.95,23.88,OK,24.09,23.95,OK,27.36,27.32,OK,24.77,24.77,OK,25.67,25.57,OK,23.63,23.56,OK,0,0,,0,0,,11.27,OK,10.8,OK,10.75,OK,10.77,OK,10.81,OK,10.8,OK,10.79,OK,0,,0,,10.34,OK,10.36,OK,10.35,OK,10.36,OK,10.36,OK,10.34,OK,10.35,OK,0,,0,,,,81.34,OK,,,,82.05,OK,,,,157.76,OK,,,,158.54,OK,,,,38.05,OK,,,,38.01,OK,,,,,,,,,,,,,,,,,
2410120417C,NEW KAPPAEX1.0,CM4P6,2024-10-12 10:58:25,18.694,27.71,OK,23.86,23.2,OK,22.1,21.51,OK,23.18,22.74,OK,21.31,21.02,OK,22.28,22.25,OK,22.32,21.55,OK,22.52,21.95,OK,0,0,,0,0,,0,OK,0,OK,0,OK,0,OK,0,OK,0,OK,0,OK,0,,0,,0,OK,0,OK,0,OK,0,OK,0,OK,0,OK,0,OK,0,,0,,,,53.69,OK,,,,53.13,OK,,,,-293.87,OK,,,,-292.53,OK,,,,173.84,OK,,,,173.64,OK,,,,,,,,,,,,,,,,,
2410120525D,ATKINSON 3.8 OCV,DM3P3,2024-10-12 10:58:43,18.987,23.05,OK,26.07,25.96,OK,26.68,26.61,OK,25.54,25.31,OK,24.98,24.94,OK,27.26,27.1,OK,26.61,26.47,OK,27.63,27.4,OK,0,0,,0,0,,11.47,OK,11.58,OK,11.58,OK,11.68,OK,11.76,OK,11.44,OK,11.25,OK,0,,0,,12.79,OK,12.79,OK,12.81,OK,12.82,OK,12.8,OK,12.83,OK,12.83,OK,0,,0,,,,82.48,OK,,,,82.22,OK,,,,158.13,OK,,,,158.48,OK,,,,37.67,OK,,,,37.66,OK,,,,,,,,,,,,,,,,,
2410120416C,NEW KAPPAEX1.0,CM3P5,2024-10-12 10:59:14,18.697,26.87,OK,26.52,25.93,OK,25.66,24.85,OK,26.25,25.71,OK,25.61,24.6,OK,24.91,24.55,OK,25.71,25.16,OK,25.64,25.05,OK,0,0,,0,0,,0,OK,0,OK,0,OK,0,OK,0,OK,0,OK,0,OK,0,,0,,0,OK,0,OK,0,OK,0,OK,0,OK,0,OK,0,OK,0,,0,,,,53.23,OK,,,,53.51,OK,,,,-292.24,OK,,,,-291.94,OK,,,,173.36,OK,,,,172.22,OK,,,,,,,,,,,,,,,,,
2410120526D,ATKINSON 3.8 OCV,DM4P4,2024-10-12 10:59:42,18.993,23.68,OK,25.49,25.45,OK,25.61,25.54,OK,24.22,23.57,OK,26.21,25.98,OK,25.75,25.42,OK,26.49,26.38,OK,24.66,24.54,OK,0,0,,0,0,,11.93,OK,12.1,OK,12.11,OK,12.26,OK,12.29,OK,12.13,OK,12.19,OK,0,,0,,12.42,OK,12.47,OK,12.37,OK,12.53,OK,12.41,OK,12.45,OK,12.45,OK,0,,0,,,,81.56,OK,,,,81.77,OK,,,,158.1,OK,,,,158.28,OK,,,,37.94,OK,,,,38.05,OK,,,,,,,,,,,,,,,,,
2410120421C,NEW KAPPAEX1.0,CM3P8,2024-10-12 11:00:00,18.686,26.72,OK,27.86,27.4,OK,24.78,24.35,OK,26.29,25.91,OK,25.25,24.69,OK,24.17,23.78,OK,24.44,23.8,OK,24.62,23.83,OK,0,0,,0,0,,0,OK,0,OK,0,OK,0,OK,0,OK,0,OK,0,OK,0,,0,,0,OK,0,OK,0,OK,0,OK,0,OK,0,OK,0,OK,0,,0,,,,52.85,OK,,,,53.55,OK,,,,-292.37,OK,,,,-291.87,OK,,,,171.75,OK,,,,172.33,OK,,,,,,,,,,,,,,,,,
2410120527D,ATKINSON 3.8 OCV,DM5P7,2024-10-12 11:00:40,18.987,22.92,OK,23.69,23.48,OK,23.58,23.46,OK,25.13,24.71,OK,26.04,25.85,OK,24.74,24.6,OK,23.88,23.79,OK,24.74,24.55,OK,0,0,,0,0,,2.07,OK,2.66,OK,2.66,OK,2.72,OK,2.82,OK,2.71,OK,2.67,OK,0,,0,,0.81,OK,0.8,OK,0.84,OK,0.83,OK,0.84,OK,0.86,OK,0.85,OK,0,,0,,,,82.56,OK,,,,82.8,OK,,,,157.17,OK,,,,157.78,OK,,,,37.46,OK,,,,37.59,OK,,,,,,,,,,,,,,,,,
2410120419C,NEW KAPPAEX1.0,CM1P9,2024-10-12 11:00:45,18.692,27.18,OK,23.39,23.18,OK,22.76,22.04,OK,23.11,22.92,OK,22.36,21.85,OK,21.76,21.64,OK,22.76,22.25,OK,22.57,22.41,OK,0,0,,0,0,,5.82,OK,7.03,OK,6.72,OK,6.79,OK,7,OK,6.93,OK,6.75,OK,0,,0,,6.71,OK,6.29,OK,6.37,OK,6.36,OK,6.42,OK,6.72,OK,6.52,OK,0,,0,,,,54.91,OK,,,,54.47,OK,,,,-294.03,OK,,,,-293.29,OK,,,,172.42,OK,,,,173.15,OK,,,,,,,,,,,,,,,,,
2410120528D,ATKINSON 3.8 OCV,DM1P8,2024-10-12 11:01:32,18.998,23.38,OK,26.27,25.91,OK,27.8,27.71,OK,24.79,24.52,OK,27.24,27.15,OK,26.07,26,OK,26.52,26.47,OK,25.78,25.44,OK,0,0,,0,0,,11.36,OK,11.4,OK,11.39,OK,11.36,OK,11.42,OK,11.48,OK,11.6,OK,0,,0,,9.98,OK,10.28,OK,10.36,OK,10.34,OK,10.29,OK,10.23,OK,10.26,OK,0,,0,,,,82.17,OK,,,,82.35,OK,,,,156.97,OK,,,,157.53,OK,,,,36.73,OK,,,,37.08,OK,,,,,,,,,,,,,,,,,
2410120420C,NEW KAPPAEX1.0,CM2P2,2024-10-12 11:01:37,18.686,26.72,OK,24.25,24.08,OK,23.83,23.45,OK,24.04,23.71,OK,23.41,23.22,OK,22.57,22.52,OK,22.61,22.33,OK,23.45,23.31,OK,0,0,,0,0,,15.36,OK,15.36,OK,15.36,OK,15.36,OK,15.36,OK,15.36,OK,15.36,OK,0,,0,,15.36,OK,15.36,OK,15.36,OK,15.36,OK,15.36,OK,15.36,OK,15.36,OK,0,,0,,,,54.27,OK,,,,54.61,OK,,,,-292.16,OK,,,,-291.64,OK,,,,172.99,OK,,,,172.88,OK,,,,,,,,,,,,,,,,,
2410120422C,NEW KAPPAEX1.0,CM4P7,2024-10-12 11:02:22,18.691,26.92,OK,24.83,24.23,OK,21.48,21.04,OK,22.8,22.5,OK,20.76,20.45,OK,23.35,23.31,OK,22.3,21.77,OK,21.55,20.74,OK,0,0,,0,0,,0,OK,0,OK,0,OK,0,OK,0,OK,0,OK,0,OK,0,,0,,0,OK,0,OK,0,OK,0,OK,0,OK,0,OK,0,OK,0,,0,,,,54.4,OK,,,,53.53,OK,,,,-292.76,OK,,,,-293.19,OK,,,,173.99,OK,,,,174.64,OK,,,,,,,,,,,,,,,,,
2410120529D,ATKINSON 3.8 OCV,DM2P1,2024-10-12 11:02:27,18.994,22.01,OK,26.15,26.15,OK,24.46,24.46,OK,25.55,25.38,OK,26.88,26.83,OK,24.77,24.72,OK,25.21,25.18,OK,23.08,23.03,OK,0,0,,0,0,,11.03,OK,10.9,OK,10.78,OK,10.75,OK,10.82,OK,10.81,OK,10.81,OK,0,,0,,10.48,OK,10.35,OK,10.36,OK,10.33,OK,10.38,OK,10.37,OK,10.32,OK,0,,0,,,,82.38,OK,,,,82.67,OK,,,,157.52,OK,,,,157.64,OK,,,,36.98,OK,,,,37.44,OK,,,,,,,,,,,,,,,,,
2410120423C,NEW KAPPAEX1.0,CM5P3,2024-10-12 11:03:11,18.69,27,OK,25.02,24.9,OK,22.2,21.89,OK,22.7,22.27,OK,20.93,20.72,OK,21.79,21.55,OK,21.93,21.6,OK,21.38,20.95,OK,0,0,,0,0,,2.48,OK,2.49,OK,2.47,OK,2.45,OK,2.47,OK,2.46,OK,2.46,OK,0,,0,,2.8,OK,2.61,OK,2.46,OK,2.46,OK,2.5,OK,2.49,OK,2.41,OK,0,,0,,,,53.85,OK,,,,53.66,OK,,,,-293.11,OK,,,,-292.2,OK,,,,172.12,OK,,,,172.1,OK,,,,,,,,,,,,,,,,,
2410120530D,ATKINSON 3.8 OCV,DM3P5,2024-10-12 11:03:19,18.991,24.21,OK,27.72,27.68,OK,26.47,26.47,OK,25.63,25.36,OK,25.7,25.68,OK,27.33,27.21,OK,27.26,27.21,OK,26.26,26.21,OK,0,0,,0,0,,11.42,OK,11.61,OK,11.74,OK,11.49,OK,11.64,OK,11.48,OK,11.5,OK,0,,0,,12.78,OK,12.77,OK,12.89,OK,12.77,OK,12.91,OK,12.86,OK,12.74,OK,0,,0,,,,83.04,OK,,,,82.57,OK,,,,157.24,OK,,,,157.59,OK,,,,37.14,OK,,,,36.92,OK,,,,,,,,,,,,,,,,,
2410120424C,NEW KAPPAEX1.0,CM1P4,2024-10-12 11:04:00,18.68,26.35,OK,23.2,22.9,OK,23.04,22.53,OK,23.79,23.48,OK,22.76,22.39,OK,22.71,22.67,OK,22.34,21.99,OK,22.57,22.25,OK,0,0,,0,0,,5.81,OK,6.85,OK,6.8,OK,6.87,OK,6.9,OK,6.83,OK,6.81,OK,0,,0,,5.93,OK,6.33,OK,6.54,OK,6.3,OK,6.41,OK,6.57,OK,6.39,OK,0,,0,,,,53.25,OK,,,,53,OK,,,,-292.47,OK,,,,-292.77,OK,,,,171.58,OK,,,,172.02,OK,,,,,,,,,,,,,,,,,
2410120531D,ATKINSON 3.8 OCV,DM4P9,2024-10-12 11:04:15,18.986,24.81,OK,24.31,24.2,OK,23.57,23.52,OK,25.87,25.54,OK,27,26.93,OK,26.84,26.72,OK,26.07,25.98,OK,26.31,26.19,OK,0,0,,0,0,,11.6,OK,11.94,OK,11.94,OK,12.15,OK,12.07,OK,11.98,OK,12.24,OK,0,,0,,12.47,OK,12.47,OK,12.54,OK,12.49,OK,12.48,OK,12.48,OK,12.49,OK,0,,0,,,,82.54,OK,,,,82.6,OK,,,,157.95,OK,,,,157.8,OK,,,,37.67,OK,,,,36.93,OK,,,,,,,,,,,,,,,,,
2410120425C,NEW KAPPAEX1.0,CM2P5,2024-10-12 11:04:49,18.682,25.52,OK,24.81,24.55,OK,25.58,25.2,OK,25.46,24.92,OK,23.48,23.17,OK,23.36,23.31,OK,22.15,21.87,OK,23.85,23.59,OK,0,0,,0,0,,15.36,OK,15.36,OK,15.36,OK,15.36,OK,15.36,OK,15.36,OK,15.36,OK,0,,0,,15.36,OK,15.36,OK,15.36,OK,15.36,OK,15.36,OK,15.36,OK,15.36,OK,0,,0,,,,53.48,OK,,,,53.04,OK,,,,-292.42,OK,,,,-292.74,OK,,,,171.34,OK,,,,172.31,OK,,,,,,,,,,,,,,,,,
2410120532D,ATKINSON 3.8 OCV,DM5P6,2024-10-12 11:05:10,18.996,23.5,OK,28.77,28.73,OK,24.71,24.62,OK,26.01,25.67,OK,24.41,24.23,OK,24.62,24.51,OK,23.97,23.9,OK,25.36,25.27,OK,0,0,,0,0,,2.24,OK,2.69,OK,2.67,OK,2.75,OK,2.69,OK,2.75,OK,2.84,OK,0,,0,,0.86,OK,0.89,OK,0.86,OK,0.85,OK,0.86,OK,0.85,OK,0.89,OK,0,,0,,,,82.5,OK,,,,82.87,OK,,,,157.32,OK,,,,157.08,OK,,,,37.26,OK,,,,37.51,OK,,,,,,,,,,,,,,,,,
2410120426C,NEW KAPPAEX1.0,CM3P6,2024-10-12 11:05:34,18.682,25.52,OK,26.38,25.71,OK,25.68,25,OK,26.16,25.48,OK,24.75,24.01,OK,24.62,24.05,OK,26.54,25.89,OK,23.22,22.29,OK,0,0,,0,0,,0,OK,0,OK,0,OK,0,OK,0,OK,0,OK,0,OK,0,,0,,0,OK,0,OK,0,OK,0,OK,0,OK,0,OK,0,OK,0,,0,,,,53.08,OK,,,,53.66,OK,,,,-292.24,OK,,,,-291.59,OK,,,,171.61,OK,,,,173.44,OK,,,,,,,,,,,,,,,,,
2410120533D,ATKINSON 3.8 OCV,DM1P2,2024-10-12 11:06:02,18.994,23.06,OK,23.41,23.3,OK,26.7,26.65,OK,25.26,24.88,OK,24.85,24.76,OK,24.97,24.94,OK,24.22,24.09,OK,25.24,25.21,OK,0,0,,0,0,,11.37,OK,11.43,OK,11.37,OK,11.45,OK,11.47,OK,11.45,OK,11.57,OK,0,,0,,9.91,OK,10.23,OK,10.38,OK,10.28,OK,10.22,OK,10.19,OK,10.26,OK,0,,0,,,,82.73,OK,,,,82.94,OK,,,,156.67,OK,,,,157.19,OK,,,,36.95,OK,,,,36.83,OK,,,,,,,,,,,,,,,,,
2410120427C,NEW KAPPAEX1.0,CM4P1,2024-10-12 11:06:26,18.692,26.58,OK,25.99,25.27,OK,23.05,22.76,OK,24.67,24.12,OK,23.53,23.18,OK,22.34,22.32,OK,22.83,22.23,OK,22.74,22.36,OK,0,0,,0,0,,0,OK,0,OK,0,OK,0,OK,0,OK,0,OK,0,OK,0,,0,,0,OK,0,OK,0,OK,0,OK,0,OK,0,OK,0,OK,0,,0,,,,54.66,OK,,,,53.45,OK,,,,-292.48,OK,,,,-292.74,OK,,,,172.9,OK,,,,173.37,OK,,,,,,,,,,,,,,,,,
2410120534D,ATKINSON 3.8 OCV,DM2P3,2024-10-12 11:06:57,18.991,21.36,OK,25.77,25.77,OK,27.36,27.22,OK,24.14,23.78,OK,28.43,28.38,OK,26.37,26.35,OK,25.98,25.89,OK,25.69,25.64,OK,0,0,,0,0,,11.06,OK,10.83,OK,10.81,OK,11.1,OK,10.8,OK,10.81,OK,10.79,OK,0,,0,,10.38,OK,10.39,OK,10.35,OK,10.35,OK,10.38,OK,10.33,OK,10.34,OK,0,,0,,,,83.08,OK,,,,82.81,OK,,,,157.09,OK,,,,157.64,OK,,,,37.26,OK,,,,37.51,OK,,,,,,,,,,,,,,,,,
2410120428C,NEW KAPPAEX1.0,CM5P9,2024-10-12 11:07:12,18.689,26.9,OK,24.54,24.32,OK,22.22,22.03,OK,22.22,21.96,OK,19.81,19.52,OK,22.36,22.17,OK,22.77,22.41,OK,21.72,21.43,OK,0,0,,0,0,,2.45,OK,2.48,OK,2.45,OK,2.46,OK,2.46,OK,2.46,OK,2.45,OK,0,,0,,2.9,OK,2.46,OK,2.47,OK,2.44,OK,2.56,OK,2.51,OK,2.48,OK,0,,0,,,,54.23,OK,,,,54.88,OK,,,,-293.22,OK,,,,-293.36,OK,,,,172.19,OK,,,,172.5,OK,,,,,,,,,,,,,,,,,
2410120535D,ATKINSON 3.8 OCV,DM3P4,2024-10-12 11:07:52,18.998,22.5,OK,27.56,27.51,OK,25.22,25.12,OK,25.63,25.31,OK,25.73,25.66,OK,26.63,26.58,OK,26.49,26.45,OK,27.12,27.03,OK,0,0,,0,0,,11.63,OK,11.65,OK,11.48,OK,11.64,OK,11.64,OK,11.57,OK,11.56,OK,0,,0,,12.83,OK,12.8,OK,12.81,OK,12.81,OK,12.87,OK,12.88,OK,12.86,OK,0,,0,,,,82.31,OK,,,,82.81,OK,,,,156.62,OK,,,,157.27,OK,,,,36.68,OK,,,,37,OK,,,,,,,,,,,,,,,,,
2410120429C,NEW KAPPAEX1.0,CM1P2,2024-10-12 11:08:01,18.69,26.97,OK,24.21,24.04,OK,23.55,23.23,OK,24.02,23.79,OK,23.06,22.43,OK,22.48,22.41,OK,22.6,22.39,OK,22.41,22.18,OK,0,0,,0,0,,5.78,OK,7.2,OK,6.91,OK,6.93,OK,6.91,OK,6.9,OK,6.95,OK,0,,0,,6.6,OK,6.16,OK,6.22,OK,6.42,OK,6.42,OK,6.69,OK,6.18,OK,0,,0,,,,53.7,OK,,,,53.67,OK,,,,-292.87,OK,,,,-293.23,OK,,,,173.53,OK,,,,172.97,OK,,,,,,,,,,,,,,,,,
2410120536D,ATKINSON 3.8 OCV,DM4P7,2024-10-12 11:08:44,18.988,23,OK,24.15,24.06,OK,25.52,25.36,OK,25.17,24.87,OK,26,25.96,OK,26.54,26.4,OK,26.38,26.21,OK,25.96,25.8,OK,0,0,,0,0,,11.85,OK,12.04,OK,12.1,OK,11.87,OK,11.93,OK,11.97,OK,12.26,OK,0,,0,,12.46,OK,12.45,OK,12.47,OK,12.46,OK,12.43,OK,12.44,OK,12.65,OK,0,,0,,,,82.39,OK,,,,83.32,OK,,,,157.53,OK,,,,157.44,OK,,,,37.28,OK,,,,37.29,OK,,,,,,,,,,,,,,,,,
2410120430C,NEW KAPPAEX1.0,CM2P8,2024-10-12 11:08:49,18.692,27.48,OK,24.08,23.83,OK,23.5,23.41,OK,25.34,25.02,OK,23.64,23.31,OK,23.17,23.06,OK,22.82,22.57,OK,23.2,22.94,OK,0,0,,0,0,,15.36,OK,15.36,OK,15.36,OK,15.36,OK,15.36,OK,15.36,OK,15.36,OK,0,,0,,15.36,OK,15.36,OK,15.36,OK,15.36,OK,15.36,OK,15.36,OK,15.36,OK,0,,0,,,,53.79,OK,,,,54.91,OK,,,,-291.94,OK,,,,-292.28,OK,,,,171.6,OK,,,,172.57,OK,,,,,,,,,,,,,,,,,
2410120431C,NEW KAPPAEX1.0,CM3P7,2024-10-12 11:09:35,18.699,26.51,OK,27.63,26.79,OK,25.86,25.28,OK,26.52,26,OK,25.12,24.32,OK,24.69,24.39,OK,25.23,24.62,OK,25.48,24.82,OK,0,0,,0,0,,0,OK,0,OK,0,OK,0,OK,0,OK,0,OK,0,OK,0,,0,,0,OK,0,OK,0,OK,0,OK,0,OK,0,OK,0,OK,0,,0,,,,53.4,OK,,,,54,OK,,,,-292.82,OK,,,,-291.79,OK,,,,170.5,OK,,,,172.62,OK,,,,,,,,,,,,,,,,,
2410120537D,ATKINSON 3.8 OCV,DM5P8,2024-10-12 11:09:40,18.998,22.11,OK,24.13,24.06,OK,25.13,24.97,OK,24.27,23.83,OK,24.34,24.09,OK,24.74,24.58,OK,23.93,23.86,OK,23.07,22.97,OK,0,0,,0,0,,2.07,OK,2.7,OK,2.71,OK,2.62,OK,2.66,OK,2.77,OK,2.77,OK,0,,0,,0.81,OK,0.82,OK,0.87,OK,0.85,OK,0.85,OK,0.84,OK,0.84,OK,0,,0,,,,82.69,OK,,,,82.04,OK,,,,158.32,OK,,,,158.55,OK,,,,37.46,OK,,,,37.9,OK,,,,,,,,,,,,,,,,,
2410120432C,NEW KAPPAEX1.0,CM4P3,2024-10-12 11:10:27,18.698,26.81,OK,25.62,25.11,OK,23.88,23.53,OK,25.03,24.15,OK,22.94,22.65,OK,23.88,23.82,OK,22.83,22.54,OK,22.01,21.66,OK,0,0,,0,0,,0,OK,0,OK,0,OK,0,OK,0,OK,0,OK,0,OK,0,,0,,0,OK,0,OK,0,OK,0,OK,0,OK,0,OK,0,OK,0,,0,,,,54.56,OK,,,,53.53,OK,,,,-293.84,OK,,,,-292.83,OK,,,,172.78,OK,,,,172.3,OK,,,,,,,,,,,,,,,,,
2410120538D,ATKINSON 3.8 OCV,DM1P1,2024-10-12 11:10:35,18.991,22.35,OK,25.15,25.08,OK,25.82,25.73,OK,25.01,24.58,OK,24.76,24.65,OK,24.63,24.58,OK,23.73,23.68,OK,24.56,24.52,OK,0,0,,0,0,,11.39,OK,11.34,OK,11.36,OK,11.41,OK,11.48,OK,11.48,OK,11.52,OK,0,,0,,9.83,OK,10.15,OK,10.3,OK,10.23,OK,10.13,OK,10.12,OK,10.15,OK,0,,0,,,,82.87,OK,,,,83.05,OK,,,,157.12,OK,,,,157.43,OK,,,,36.57,OK,,,,36.74,OK,,,,,,,,,,,,,,,,,
2410120433C,NEW KAPPAEX1.0,CM5P4,2024-10-12 11:11:12,18.695,26.68,OK,24.25,24.11,OK,22.6,22.32,OK,22.12,21.86,OK,21.05,20.88,OK,21.43,21.19,OK,22.32,21.89,OK,22.41,22.15,OK,0,0,,0,0,,2.46,OK,2.47,OK,2.46,OK,2.45,OK,2.49,OK,2.5,OK,2.47,OK,0,,0,,2.72,OK,2.46,OK,2.5,OK,2.44,OK,2.58,OK,2.45,OK,2.39,OK,0,,0,,,,53.64,OK,,,,53.15,OK,,,,-293.23,OK,,,,-292.61,OK,,,,171.9,OK,,,,173.06,OK,,,,,,,,,,,,,,,,,
2410120539D,ATKINSON 3.8 OCV,DM2P5,2024-10-12 11:11:27,18.988,22.21,OK,25.47,25.47,OK,25.62,25.6,OK,23.83,23.66,OK,26.32,26.25,OK,24.75,24.72,OK,24.53,24.48,OK,25.52,25.45,OK,0,0,,0,0,,11.23,OK,10.78,OK,10.77,OK,10.81,OK,10.8,OK,10.8,OK,10.82,OK,0,,0,,10.37,OK,10.37,OK,10.34,OK,10.31,OK,10.33,OK,10.32,OK,10.35,OK,0,,0,,,,82.49,OK,,,,82.47,OK,,,,157.22,OK,,,,157.7,OK,,,,36.93,OK,,,,37.29,OK,,,,,,,,,,,,,,,,,
2410120434C,NEW KAPPAEX1.0,CM1P5,2024-10-12 11:12:01,18.695,26.68,OK,26.03,25.82,OK,23.2,22.64,OK,24.56,24.25,OK,22.46,21.9,OK,22.55,22.36,OK,22.32,22.01,OK,23.13,22.88,OK,0,0,,0,0,,5.88,OK,6.79,OK,6.76,OK,6.73,OK,6.82,OK,6.91,OK,6.88,OK,0,,0,,5.93,OK,6.43,OK,6.43,OK,6.67,OK,6.54,OK,6.83,OK,6.76,OK,0,,0,,,,53.85,OK,,,,54.27,OK,,,,-292.81,OK,,,,-293.03,OK,,,,174.17,OK,,,,174.18,OK,,,,,,,,,,,,,,,,,
2410120540D,ATKINSON 3.8 OCV,DM3P9,2024-10-12 11:12:22,18.988,22.21,OK,26.82,26.72,OK,26.31,26.31,OK,25.49,25.22,OK,25.19,25.12,OK,27.79,27.42,OK,26.1,26.07,OK,26.03,25.98,OK,0,0,,0,0,,11.64,OK,11.64,OK,11.49,OK,11.63,OK,11.65,OK,11.52,OK,11.58,OK,0,,0,,12.78,OK,12.78,OK,12.82,OK,12.8,OK,12.9,OK,12.76,OK,12.72,OK,0,,0,,,,82.93,OK,,,,83.02,OK,,,,157.32,OK,,,,157.52,OK,,,,37.33,OK,,,,37.02,OK,,,,,,,,,,,,,,,,,
2410120435C,NEW KAPPAEX1.0,CM2P6,2024-10-12 11:12:50,18.688,26.63,OK,24.92,24.64,OK,22.99,22.8,OK,23.85,23.52,OK,23.29,22.96,OK,23.38,23.31,OK,23.48,23.15,OK,23.64,23.15,OK,0,0,,0,0,,15.36,OK,15.36,OK,15.36,OK,15.36,OK,15.36,OK,15.36,OK,15.36,OK,0,,0,,15.36,OK,15.36,OK,15.36,OK,15.36,OK,15.36,OK,15.36,OK,15.36,OK,0,,0,,,,53.24,OK,,,,54.14,OK,,,,-293.08,OK,,,,-292.42,OK,,,,173.04,OK,,,,173.42,OK,,,,,,,,,,,,,,,,,
2410120541D,ATKINSON 3.8 OCV,DM4P6,2024-10-12 11:13:14,18.992,24.17,OK,26.21,26.12,OK,24.36,24.29,OK,25.73,25.49,OK,26.49,26.4,OK,26.68,26.61,OK,26.26,26.26,OK,25.98,25.96,OK,0,0,,0,0,,11.86,OK,12.13,OK,12.02,OK,12.12,OK,11.97,OK,11.96,OK,12.29,OK,0,,0,,12.44,OK,12.47,OK,12.25,OK,12.43,OK,12.21,OK,12.43,OK,12.45,OK,0,,0,,,,83,OK,,,,83.36,OK,,,,157.07,OK,,,,157.14,OK,,,,37,OK,,,,37.05,OK,,,,,,,,,,,,,,,,,
2410120436C,NEW KAPPAEX1.0,CM3P1,2024-10-12 11:13:39,18.689,26.42,OK,27.29,26.5,OK,24.89,24.35,OK,25.93,25.55,OK,24.75,23.99,OK,23.96,23.6,OK,24.85,23.8,OK,24.94,24.03,OK,0,0,,0,0,,0,OK,0,OK,0,OK,0,OK,0,OK,0,OK,0,OK,0,,0,,0,OK,0,OK,0,OK,0,OK,0,OK,0,OK,0,OK,0,,0,,,,54.26,OK,,,,53.91,OK,,,,-293.63,OK,,,,-291.16,OK,,,,172.87,OK,,,,172.2,OK,,,,,,,,,,,,,,,,,
2410120542D,ATKINSON 3.8 OCV,DM5P2,2024-10-12 11:14:09,18.99,23.36,OK,23.04,22.88,OK,25.85,25.8,OK,24,23.72,OK,22.77,22.65,OK,25.29,25.2,OK,25.43,25.27,OK,24.3,24.18,OK,0,0,,0,0,,2.08,OK,2.69,OK,2.67,OK,2.66,OK,2.67,OK,2.83,OK,2.77,OK,0,,0,,0.83,OK,0.82,OK,0.83,OK,0.81,OK,0.84,OK,0.85,OK,0.87,OK,0,,0,,,,82.57,OK,,,,82.84,OK,,,,157.71,OK,,,,158.15,OK,,,,37.29,OK,,,,37.18,OK,,,,,,,,,,,,,,,,,
2410120437C,NEW KAPPAEX1.0,CM4P9,2024-10-12 11:14:27,18.677,28.02,OK,24.94,24.23,OK,21.84,21.53,OK,23.64,23.07,OK,21.84,21.59,OK,22.72,22.65,OK,22.85,22.06,OK,22.45,21.84,OK,0,0,,0,0,,0,OK,0,OK,0,OK,0,OK,0,OK,0,OK,0,OK,0,,0,,0,OK,0,OK,0,OK,0,OK,0,OK,0,OK,0,OK,0,,0,,,,54.41,OK,,,,54.21,OK,,,,-292.62,OK,,,,-292.45,OK,,,,172.99,OK,,,,173.96,OK,,,,,,,,,,,,,,,,,
2410120543D,ATKINSON 3.8 OCV,DM1P3,2024-10-12 11:15:01,18.988,22.18,OK,24.79,24.72,OK,27.76,27.67,OK,25.87,25.37,OK,27.94,27.91,OK,26.2,26.2,OK,24.47,24.38,OK,26.95,26.95,OK,0,0,,0,0,,11.37,OK,11.4,OK,11.37,OK,11.44,OK,11.48,OK,11.42,OK,11.47,OK,0,,0,,9.8,OK,10.12,OK,10.23,OK,10.33,OK,10.2,OK,10.14,OK,10.23,OK,0,,0,,,,83.33,OK,,,,82.91,OK,,,,157.47,OK,,,,157.51,OK,,,,36.63,OK,,,,36.71,OK,,,,,,,,,,,,,,,,,
2410120438C,NEW KAPPAEX1.0,CM5P2,2024-10-12 11:15:16,18.692,27.02,OK,25.09,24.8,OK,22.01,21.77,OK,21.89,21.62,OK,20.24,20.09,OK,21.05,20.67,OK,22.72,22.39,OK,22.89,22.58,OK,0,0,,0,0,,2.48,OK,2.45,OK,2.45,OK,2.45,OK,2.46,OK,2.54,OK,2.46,OK,0,,0,,2.63,OK,2.41,OK,2.45,OK,2.43,OK,2.49,OK,2.6,OK,2.36,OK,0,,0,,,,53.59,OK,,,,52.62,OK,,,,-291.87,OK,,,,-292.39,OK,,,,171.8,OK,,,,171.9,OK,,,,,,,,,,,,,,,,,
2410120544D,ATKINSON 3.8 OCV,DM2P4,2024-10-12 11:15:57,18.984,24.1,OK,27.85,27.78,OK,24.85,24.77,OK,24.14,23.83,OK,26.95,26.88,OK,25.84,25.81,OK,24.7,24.63,OK,25.18,25.16,OK,0,0,,0,0,,11.29,OK,10.75,OK,10.79,OK,10.81,OK,10.81,OK,10.82,OK,10.81,OK,0,,0,,10.36,OK,10.35,OK,10.37,OK,10.37,OK,10.32,OK,10.35,OK,10.33,OK,0,,0,,,,82.33,OK,,,,82.97,OK,,,,156.72,OK,,,,157.58,OK,,,,37.11,OK,,,,37.08,OK,,,,,,,,,,,,,,,,,
2410120439C,NEW KAPPAEX1.0,CM1P8,2024-10-12 11:16:02,18.691,27.76,OK,23.72,23.48,OK,22.71,22.08,OK,23.72,23.55,OK,22.22,21.52,OK,23.39,23.23,OK,22.27,21.62,OK,22.43,22.18,OK,0,0,,0,0,,5.95,OK,6.67,OK,6.6,OK,6.65,OK,6.8,OK,6.84,OK,6.8,OK,0,,0,,6.07,OK,6.64,OK,6.6,OK,6.48,OK,6.67,OK,6.99,OK,7.25,OK,0,,0,,,,53.59,OK,,,,53.62,OK,,,,-292.64,OK,,,,-293.82,OK,,,,172.74,OK,,,,173.2,OK,,,,,,,,,,,,,,,,,
2410120545D,ATKINSON 3.8 OCV,DM3P7,2024-10-12 11:16:49,18.987,24.1,OK,28.79,28.74,OK,26.05,25.98,OK,26.4,26.07,OK,26.63,26.58,OK,26.58,26.54,OK,28.93,28.86,OK,26.56,26.49,OK,0,0,,0,0,,11.59,OK,11.64,OK,11.47,OK,11.64,OK,11.7,OK,11.62,OK,11.65,OK,0,,0,,12.8,OK,12.83,OK,12.77,OK,12.67,OK,12.93,OK,12.85,OK,12.85,OK,0,,0,,,,83.06,OK,,,,83.41,OK,,,,157.02,OK,,,,157.2,OK,,,,37.07,OK,,,,36.91,OK,,,,,,,,,,,,,,,,,
2410120440C,NEW KAPPAEX1.0,CM2P7,2024-10-12 11:16:50,18.684,28.46,OK,22.85,22.54,OK,23.66,23.48,OK,23.64,23.36,OK,21.96,21.4,OK,21.61,21.54,OK,21.28,20.93,OK,22.15,21.7,OK,0,0,,0,0,,15.36,OK,15.36,OK,15.36,OK,15.36,OK,15.36,OK,15.36,OK,15.36,OK,0,,0,,15.36,OK,15.36,OK,15.36,OK,15.36,OK,15.36,OK,15.36,OK,15.36,OK,0,,0,,,,54.09,OK,,,,53.51,OK,,,,-292.15,OK,,,,-292.87,OK,,,,172.22,OK,,,,173.19,OK,,,,,,,,,,,,,,,,,
2410120441C,NEW KAPPAEX1.0,CM3P3,2024-10-12 11:17:36,18.686,27.68,OK,27.97,27.11,OK,25.86,25.25,OK,26.45,25.93,OK,25.37,24.42,OK,25.25,24.96,OK,25.59,24.71,OK,25.95,25.12,OK,0,0,,0,0,,0,OK,0,OK,0,OK,0,OK,0,OK,0,OK,0,OK,0,,0,,0,OK,0,OK,0,OK,0,OK,0,OK,0,OK,0,OK,0,,0,,,,52.79,OK,,,,52.57,OK,,,,-291.82,OK,,,,-292.23,OK,,,,172.25,OK,,,,173.24,OK,,,,,,,,,,,,,,,,,
2410120546D,ATKINSON 3.8 OCV,DM4P8,2024-10-12 11:17:44,18.997,22.86,OK,27.23,27.14,OK,23.24,23.2,OK,24.01,23.82,OK,25.96,25.87,OK,24.68,24.64,OK,24.8,24.78,OK,26.21,26.1,OK,0,0,,0,0,,11.82,OK,12.12,OK,12.1,OK,11.71,OK,11.93,OK,11.96,OK,12.25,OK,0,,0,,12.49,OK,12.49,OK,12.5,OK,12.49,OK,12.45,OK,12.47,OK,12.41,OK,0,,0,,,,82.08,OK,,,,82.33,OK,,,,157.83,OK,,,,157.75,OK,,,,36.77,OK,,,,37.02,OK,,,,,,,,,,,,,,,,,
2410120442C,NEW KAPPAEX1.0,CM4P4,2024-10-12 11:18:25,18.69,28.17,OK,24.41,23.66,OK,22.65,22.34,OK,23.79,23.33,OK,22.23,21.92,OK,23.42,23.35,OK,23.11,22.39,OK,21.59,20.96,OK,0,0,,0,0,,0,OK,0,OK,0,OK,0,OK,0,OK,0,OK,0,OK,0,,0,,0,OK,0,OK,0,OK,0,OK,0,OK,0,OK,0,OK,0,,0,,,,54.04,OK,,,,53.53,OK,,,,-293.02,OK,,,,-292.33,OK,,,,172.2,OK,,,,173.34,OK,,,,,,,,,,,,,,,,,
2410120547D,ATKINSON 3.8 OCV,DM5P1,2024-10-12 11:18:36,18.989,23.28,OK,26.04,25.87,OK,26.29,26.15,OK,24.83,24.48,OK,24.64,24.55,OK,26.01,25.8,OK,27.78,27.66,OK,25.43,25.34,OK,0,0,,0,0,,2.15,OK,2.72,OK,2.72,OK,2.71,OK,2.74,OK,2.89,OK,2.83,OK,0,,0,,0.86,OK,2.43,OK,0.84,OK,0.85,OK,0.83,OK,0.86,OK,0.89,OK,0,,0,,,,82.11,OK,,,,82.15,OK,,,,157.67,OK,,,,158.52,OK,,,,37.28,OK,,,,37.61,OK,,,,,,,,,,,,,,,,,
2410120443C,NEW KAPPAEX1.0,CM5P5,2024-10-12 11:19:10,18.684,28.02,OK,23.87,23.61,OK,22.55,22.36,OK,22.27,21.93,OK,21.65,21.34,OK,22.53,22.2,OK,21.72,21.31,OK,22.01,21.67,OK,0,0,,0,0,,2.41,OK,2.45,OK,2.49,OK,2.46,OK,2.47,OK,2.47,OK,2.47,OK,0,,0,,2.68,OK,2.46,OK,2.51,OK,2.7,OK,2.5,OK,2.45,OK,2.4,OK,0,,0,,,,53.15,OK,,,,53.51,OK,,,,-293.05,OK,,,,-292.6,OK,,,,172.52,OK,,,,172.23,OK,,,,,,,,,,,,,,,,,
2410120548D,ATKINSON 3.8 OCV,DM1P5,2024-10-12 11:19:28,18.996,21.81,OK,24.11,23.84,OK,28.59,28.48,OK,26.11,25.84,OK,25.26,25.17,OK,24.76,24.74,OK,25.71,25.6,OK,25.17,25.15,OK,0,0,,0,0,,11.47,OK,11.4,OK,11.41,OK,11.37,OK,11.6,OK,11.65,OK,11.75,OK,0,,0,,9.9,OK,10.34,OK,10.25,OK,10.29,OK,10.18,OK,10.07,OK,10.23,OK,0,,0,,,,82.39,OK,,,,82.2,OK,,,,157.34,OK,,,,157.45,OK,,,,37.53,OK,,,,37.55,OK,,,,,,,,,,,,,,,,,
2410120444C,NEW KAPPAEX1.0,CM1P6,2024-10-12 11:19:59,18.688,27.58,OK,23.48,23.18,OK,22.43,21.97,OK,21.83,21.55,OK,22.22,21.64,OK,22.04,21.83,OK,21.08,20.71,OK,21.41,21.24,OK,0,0,,0,0,,5.96,OK,6.54,OK,6.53,OK,6.64,OK,6.7,OK,6.7,OK,6.74,OK,0,,0,,6.12,OK,6.23,OK,6.44,OK,6.6,OK,6.69,OK,6.76,OK,6.52,OK,0,,0,,,,50.95,OK,,,,54.45,OK,,,,-292.31,OK,,,,-293.06,OK,,,,173.63,OK,,,,172.92,OK,,,,,,,,,,,,,,,,,
2410120549D,ATKINSON 3.8 OCV,DM2P9,2024-10-12 11:20:23,18.996,21.81,OK,27.56,27.49,OK,25.81,25.72,OK,25.5,25.4,OK,27.32,27.24,OK,25.67,25.62,OK,26.49,26.35,OK,24.58,24.51,OK,0,0,,0,0,,10.72,OK,10.81,OK,10.78,OK,10.81,OK,10.81,OK,10.83,OK,10.76,OK,0,,0,,10.38,OK,10.36,OK,10.35,OK,10.34,OK,10.37,OK,10.42,OK,10.36,OK,0,,0,,,,82.53,OK,,,,83.03,OK,,,,157.4,OK,,,,157.94,OK,,,,37.69,OK,,,,37.24,OK,,,,,,,,,,,,,,,,,
2410120445C,NEW KAPPAEX1.0,CM2P1,2024-10-12 11:20:47,18.688,27.58,OK,22.4,22.12,OK,22.59,22.45,OK,23.36,22.92,OK,22.68,22.36,OK,22.5,22.5,OK,23.1,22.66,OK,22.87,22.61,OK,0,0,,0,0,,15.36,OK,15.36,OK,15.36,OK,15.36,OK,15.36,OK,15.36,OK,15.36,OK,0,,0,,15.36,OK,15.36,OK,15.36,OK,15.36,OK,15.36,OK,15.36,OK,15.36,OK,0,,0,,,,53.63,OK,,,,52.95,OK,,,,-292.8,OK,,,,-291.68,OK,,,,171.49,OK,,,,172.11,OK,,,,,,,,,,,,,,,,,
2410120550D,ATKINSON 3.8 OCV,DM3P6,2024-10-12 11:21:18,18.999,23.55,OK,25.4,25.33,OK,26.17,26.12,OK,25.66,25.22,OK,24.33,24.29,OK,26.1,26,OK,26.96,26.91,OK,25.01,24.91,OK,0,0,,0,0,,11.6,OK,11.65,OK,11.66,OK,11.48,OK,11.65,OK,11.48,OK,11.47,OK,0,,0,,12.77,OK,12.79,OK,12.79,OK,12.82,OK,12.84,OK,12.9,OK,12.73,OK,0,,0,,,,82.74,OK,,,,83.2,OK,,,,157.02,OK,,,,156.87,OK,,,,36.79,OK,,,,37.1,OK,,,,,,,,,,,,,,,,,
2410120446C,NEW KAPPAEX1.0,CM3P9,2024-10-12 11:21:36,18.694,26.52,OK,25.75,25.14,OK,24.14,23.78,OK,25.43,25,OK,25.66,24.73,OK,24.3,23.94,OK,24.21,23.35,OK,24.51,24.08,OK,0,0,,0,0,,0,OK,0,OK,0,OK,0,OK,0,OK,0,OK,0,OK,0,,0,,0,OK,0,OK,0,OK,0,OK,0,OK,0,OK,0,OK,0,,0,,,,52.57,OK,,,,53.52,OK,,,,-294.25,OK,,,,-292.13,OK,,,,172.8,OK,,,,172.31,OK,,,,,,,,,,,,,,,,,
2410120551D,ATKINSON 3.8 OCV,DM4P2,2024-10-12 11:22:10,18.984,22.7,OK,25.17,25.12,OK,24.47,24.4,OK,25.17,24.84,OK,25.96,25.66,OK,26.72,26.65,OK,25.91,25.82,OK,25.05,25.01,OK,0,0,,0,0,,11.58,OK,11.69,OK,11.56,OK,12.02,OK,12.02,OK,11.94,OK,12.29,OK,0,,0,,12.43,OK,12.46,OK,12.58,OK,12.05,OK,12.3,OK,12.45,OK,12.47,OK,0,,0,,,,82.09,OK,,,,82.45,OK,,,,157.46,OK,,,,157.56,OK,,,,37.16,OK,,,,36.73,OK,,,,,,,,,,,,,,,,,
2410120447C,NEW KAPPAEX1.0,CM4P2,2024-10-12 11:22:25,18.679,26.28,OK,24.01,23.4,OK,22.61,22.34,OK,23.66,23.35,OK,22.45,22.14,OK,23.82,23.62,OK,21.48,21.11,OK,22.01,21.48,OK,0,0,,0,0,,0,OK,0,OK,0,OK,0,OK,0,OK,0,OK,0,OK,0,,0,,0,OK,0,OK,0,OK,0,OK,0,OK,0,OK,0,OK,0,,0,,,,55.66,OK,,,,54.2,OK,,,,-292.83,OK,,,,-291.86,OK,,,,173,OK,,,,172.84,OK,,,,,,,,,,,,,,,,,
2410120552D,ATKINSON 3.8 OCV,DM5P3,2024-10-12 11:23:06,18.988,22.21,OK,26.29,26.18,OK,25.87,25.74,OK,24.85,24.34,OK,24.9,24.71,OK,24.9,24.83,OK,25.29,25.06,OK,24.46,24.34,OK,0,0,,0,0,,2.08,OK,2.71,OK,2.71,OK,2.65,OK,2.68,OK,2.67,OK,2.65,OK,0,,0,,0.82,OK,0.83,OK,0.87,OK,0.84,OK,0.84,OK,0.86,OK,0.84,OK,0,,0,,,,82.19,OK,,,,82.59,OK,,,,157.95,OK,,,,158.5,OK,,,,37.44,OK,,,,37.75,OK,,,,,,,,,,,,,,,,,
2410120448C,NEW KAPPAEX1.0,CM5P8,2024-10-12 11:23:11,18.696,26.17,OK,23.7,23.51,OK,22.29,22.03,OK,22.58,22.34,OK,20.52,20.4,OK,21.98,21.74,OK,21.86,21.43,OK,21.38,21.1,OK,0,0,,0,0,,2.47,OK,2.52,OK,2.44,OK,2.49,OK,2.47,OK,2.49,OK,2.44,OK,0,,0,,2.82,OK,2.6,OK,2.69,OK,2.46,OK,2.5,OK,2.49,OK,2.4,OK,0,,0,,,,53.44,OK,,,,52.86,OK,,,,-291.56,OK,,,,-292.75,OK,,,,171.01,OK,,,,172.78,OK,,,,,,,,,,,,,,,,,
2410120553D,ATKINSON 3.8 OCV,DM1P4,2024-10-12 11:24:01,18.996,23.71,OK,24.99,24.88,OK,28.07,28,OK,27.24,26.92,OK,27.31,27.24,OK,26.54,26.45,OK,27.71,27.67,OK,25.26,25.21,OK,0,0,,0,0,,11.33,OK,11.46,OK,11.4,OK,11.47,OK,11.49,OK,11.44,OK,11.68,OK,0,,0,,9.93,OK,10.18,OK,10.3,OK,10.31,OK,10.23,OK,10.26,OK,10.19,OK,0,,0,,,,82.14,OK,,,,82.44,OK,,,,157.36,OK,,,,157.96,OK,,,,37.05,OK,,,,37.19,OK,,,,,,,,,,,,,,,,,
2410120449C,NEW KAPPAEX1.0,CM1P7,2024-10-12 11:24:03,18.694,27.03,OK,23.97,23.76,OK,22.76,22.13,OK,23.65,23.34,OK,22.08,21.69,OK,23.25,23.18,OK,22.62,22.43,OK,22.67,22.29,OK,0,0,,0,0,,5.88,OK,6.82,OK,6.81,OK,6.74,OK,6.92,OK,6.99,OK,6.91,OK,0,,0,,6.12,OK,6.41,OK,6.41,OK,6.47,OK,6.54,OK,6.48,OK,6.39,OK,0,,0,,,,54.87,OK,,,,55.4,OK,,,,-291.34,OK,,,,-293.21,OK,,,,172.24,OK,,,,172.98,OK,,,,,,,,,,,,,,,,,
2410120450C,NEW KAPPAEX1.0,CM2P3,2024-10-12 11:24:48,18.684,26.43,OK,25.44,25.11,OK,22.89,22.78,OK,24.13,23.76,OK,22.61,22.45,OK,24.34,24.29,OK,23.06,22.64,OK,22.68,22.1,OK,0,0,,0,0,,15.36,OK,15.36,OK,15.36,OK,15.36,OK,15.36,OK,15.36,OK,15.36,OK,0,,0,,15.36,OK,15.36,OK,15.36,OK,15.36,OK,15.36,OK,15.36,OK,15.36,OK,0,,0,,,,53.16,OK,,,,52.33,OK,,,,-291.9,OK,,,,-292.56,OK,,,,172.19,OK,,,,170.74,OK,,,,,,,,,,,,,,,,,
2410120554D,ATKINSON 3.8 OCV,DM2P7,2024-10-12 11:24:53,18.994,23.12,OK,27.39,27.32,OK,25.84,25.77,OK,25.77,25.69,OK,25.91,25.91,OK,26.52,26.47,OK,24.58,24.46,OK,24.55,24.53,OK,0,0,,0,0,,11.07,OK,10.77,OK,10.76,OK,10.75,OK,10.79,OK,10.84,OK,10.81,OK,0,,0,,10.33,OK,10.37,OK,10.39,OK,10.34,OK,10.3,OK,10.33,OK,10.35,OK,0,,0,,,,82.71,OK,,,,82.59,OK,,,,157.46,OK,,,,157.69,OK,,,,36.95,OK,,,,37.17,OK,,,,,,,,,,,,,,,,,
2410120451C,NEW KAPPAEX1.0,CM3P4,2024-10-12 11:25:40,18.697,26.7,OK,26.59,25.77,OK,25.07,24.46,OK,24.8,24.19,OK,24.17,23.37,OK,25.43,25.05,OK,25.16,24.39,OK,24.19,23.51,OK,0,0,,0,0,,0,OK,0,OK,0,OK,0,OK,0,OK,0,OK,0,OK,0,,0,,0,OK,0,OK,0,OK,0,OK,0,OK,0,OK,0,OK,0,,0,,,,53.55,OK,,,,52.61,OK,,,,-292.92,OK,,,,-292.66,OK,,,,173.46,OK,,,,172.59,OK,,,,,,,,,,,,,,,,,
2410120555D,ATKINSON 3.8 OCV,DM3P8,2024-10-12 11:25:48,18.991,23.56,OK,30.18,30.09,OK,27.33,27.3,OK,26.12,25.63,OK,25.45,25.38,OK,26.19,26.12,OK,26.68,26.65,OK,26,25.96,OK,0,0,,0,0,,11.63,OK,11.64,OK,11.64,OK,11.62,OK,11.63,OK,11.64,OK,11.61,OK,0,,0,,12.81,OK,12.79,OK,12.8,OK,12.78,OK,12.78,OK,12.81,OK,12.79,OK,0,,0,,,,81.89,OK,,,,82.09,OK,,,,157.43,OK,,,,158.14,OK,,,,36.86,OK,,,,37.24,OK,,,,,,,,,,,,,,,,,
2410120453C,NEW KAPPAEX1.0,CM5P6,2024-10-12 11:26:26,18.692,26.73,OK,23.89,23.58,OK,22.94,22.65,OK,23.2,22.91,OK,21.03,20.88,OK,22.39,22.08,OK,21.55,21.24,OK,22.82,22.44,OK,0,0,,0,0,,2.45,OK,2.44,OK,2.45,OK,2.48,OK,2.46,OK,2.46,OK,2.45,OK,0,,0,,2.72,OK,2.45,OK,2.49,OK,2.62,OK,2.49,OK,2.48,OK,2.39,OK,0,,0,,,,54.84,OK,,,,53.44,OK,,,,-292.7,OK,,,,-292.5,OK,,,,173.07,OK,,,,172.71,OK,,,,,,,,,,,,,,,,,
2410120557D,ATKINSON 3.8 OCV,DM5P5,2024-10-12 11:26:40,18.998,24.4,OK,24.53,24.37,OK,26.57,26.52,OK,25.06,24.78,OK,24.34,24.23,OK,25.22,25.04,OK,24.81,24.62,OK,24.11,23.9,OK,0,0,,0,0,,2.08,OK,2.69,OK,2.68,OK,2.63,OK,2.66,OK,2.67,OK,2.63,OK,0,,0,,0.85,OK,0.84,OK,0.82,OK,0.86,OK,0.86,OK,0.87,OK,0.83,OK,0,,0,,,,81.33,OK,,,,81.48,OK,,,,158.38,OK,,,,158.51,OK,,,,37.96,OK,,,,38.16,OK,,,,,,,,,,,,,,,,,
2410120454C,NEW KAPPAEX1.0,CM1P1,2024-10-12 11:27:14,18.69,26.71,OK,24.14,23.95,OK,22.67,22.25,OK,22.97,22.78,OK,22.36,21.8,OK,22.99,22.85,OK,23.25,22.99,OK,22.39,22.25,OK,0,0,,0,0,,5.91,OK,6.56,OK,6.59,OK,6.54,OK,6.61,OK,6.77,OK,6.71,OK,0,,0,,6.28,OK,6.47,OK,6.57,OK,6.7,OK,6.84,OK,6.87,OK,6.16,OK,0,,0,,,,53.2,OK,,,,54.46,OK,,,,-293.93,OK,,,,-294.59,OK,,,,172.3,OK,,,,172.98,OK,,,,,,,,,,,,,,,,,
2410120558D,ATKINSON 3.8 OCV,DM1P9,2024-10-12 11:27:35,18.99,24.15,OK,24.99,24.79,OK,27.91,27.87,OK,25.82,25.57,OK,27.44,27.35,OK,28.5,28.43,OK,25.69,25.64,OK,25.01,24.94,OK,0,0,,0,0,,11.29,OK,11.4,OK,11.4,OK,11.48,OK,11.45,OK,11.51,OK,11.82,OK,0,,0,,10.02,OK,10.21,OK,10.31,OK,10.46,OK,10.33,OK,10.35,OK,10.26,OK,0,,0,,,,82.12,OK,,,,82.33,OK,,,,157.79,OK,,,,157.87,OK,,,,37.7,OK,,,,37.07,OK,,,,,,,,,,,,,,,,,
2410120455C,NEW KAPPAEX1.0,CM2P9,2024-10-12 11:28:00,18.694,27.68,OK,25.25,25.11,OK,22.85,22.61,OK,23.66,23.24,OK,21.94,21.8,OK,22.36,22.29,OK,22.08,21.66,OK,22.68,22.45,OK,0,0,,0,0,,15.36,OK,15.36,OK,15.36,OK,15.36,OK,15.36,OK,15.36,OK,15.36,OK,0,,0,,15.36,OK,15.36,OK,15.36,OK,15.36,OK,15.36,OK,15.36,OK,15.36,OK,0,,0,,,,52.94,OK,,,,53.92,OK,,,,-292.48,OK,,,,-292.43,OK,,,,172.99,OK,,,,170.53,OK,,,,,,,,,,,,,,,,,
2410120559D,ATKINSON 3.8 OCV,DM2P6,2024-10-12 11:28:31,18.988,22.91,OK,29.06,28.99,OK,27.36,27.24,OK,25.21,24.92,OK,27.17,27.15,OK,27.97,27.95,OK,26.73,26.69,OK,25.77,25.74,OK,0,0,,0,0,,11.23,OK,10.78,OK,10.78,OK,10.77,OK,10.79,OK,10.8,OK,10.82,OK,0,,0,,10.37,OK,10.39,OK,10.35,OK,10.35,OK,10.36,OK,10.35,OK,10.35,OK,0,,0,,,,82.69,OK,,,,82.88,OK,,,,157.55,OK,,,,156.94,OK,,,,37.79,OK,,,,38.11,OK,,,,,,,,,,,,,,,,,
2410120456C,NEW KAPPAEX1.0,CM3P2,2024-10-12 11:28:48,18.69,26.43,OK,27.18,26.43,OK,26.36,25.89,OK,27.22,26.72,OK,25.18,24.42,OK,24.37,24.03,OK,25.03,24.23,OK,25.48,24.69,OK,0,0,,0,0,,0,OK,0,OK,0,OK,0,OK,0,OK,0,OK,0,OK,0,,0,,0,OK,0,OK,0,OK,0,OK,0,OK,0,OK,0,OK,0,,0,,,,53.94,OK,,,,53.89,OK,,,,-292.53,OK,,,,-293.9,OK,,,,173.04,OK,,,,172.5,OK,,,,,,,,,,,,,,,,,
2410120560D,ATKINSON 3.8 OCV,DM3P2,2024-10-12 11:29:23,18.992,23.72,OK,31.62,31.6,OK,26.58,26.56,OK,26.42,26.17,OK,24.87,24.82,OK,28.86,28.74,OK,27.93,27.86,OK,26.75,26.7,OK,0,0,,0,0,,11.35,OK,11.62,OK,11.63,OK,11.64,OK,11.43,OK,11.82,OK,11.79,OK,0,,0,,12.75,OK,12.79,OK,12.79,OK,12.81,OK,12.87,OK,12.78,OK,12.85,OK,0,,0,,,,82.03,OK,,,,82.46,OK,,,,157.14,OK,,,,157.66,OK,,,,37.14,OK,,,,37.33,OK,,,,,,,,,,,,,,,,,
2410120457C,NEW KAPPAEX1.0,CM4P8,2024-10-12 11:29:37,18.688,26.92,OK,23.88,23.33,OK,22.74,22.36,OK,24.06,23.62,OK,23.27,22.96,OK,23.16,23.11,OK,22.83,22.14,OK,21.59,21.24,OK,0,0,,0,0,,0,OK,0,OK,0,OK,0,OK,0,OK,0,OK,0,OK,0,,0,,0,OK,0,OK,0,OK,0,OK,0,OK,0,OK,0,OK,0,,0,,,,55.06,OK,,,,53.72,OK,,,,-293,OK,,,,-292.09,OK,,,,172.65,OK,,,,173.36,OK,,,,,,,,,,,,,,,,,
2410120561D,ATKINSON 3.8 OCV,DM5P3,2024-10-12 11:30:15,18.994,23.45,OK,24.55,24.34,OK,25.13,25.02,OK,24.55,24.11,OK,25.97,25.69,OK,25.97,25.76,OK,25.04,24.85,OK,24.99,24.9,OK,0,0,,0,0,,2.12,OK,2.71,OK,2.69,OK,2.65,OK,2.72,OK,2.69,OK,2.67,OK,0,,0,,0.83,OK,0.82,OK,0.85,OK,0.86,OK,0.84,OK,0.84,OK,0.85,OK,0,,0,,,,82.65,OK,,,,81.96,OK,,,,157.95,OK,,,,158.37,OK,,,,37.45,OK,,,,37.49,OK,,,,,,,,,,,,,,,,,
2410120458C,NEW KAPPAEX1.0,CM5P7,2024-10-12 11:30:26,18.695,27.67,OK,24.37,24.18,OK,21.77,21.6,OK,22.39,22.22,OK,20.55,20.43,OK,21.58,21.36,OK,22.6,22.36,OK,22.53,22.34,OK,0,0,,0,0,,2.48,OK,2.48,OK,2.45,OK,2.47,OK,2.45,OK,2.45,OK,2.46,OK,0,,0,,2.86,OK,2.68,OK,2.47,OK,2.4,OK,2.51,OK,2.51,OK,2.45,OK,0,,0,,,,54.63,OK,,,,53.07,OK,,,,-292.83,OK,,,,-292.95,OK,,,,172.88,OK,,,,173.24,OK,,,,,,,,,,,,,,,,,
2410120556D,ATKINSON 3.8 OCV,DM4P1,2024-10-12 11:31:10,18.989,23.48,OK,25.89,25.75,OK,24.59,24.57,OK,25.19,24.91,OK,26.63,26.4,OK,26.89,26.79,OK,25.42,25.33,OK,25.17,25.1,OK,0,0,,0,0,,12.13,OK,12.12,OK,12.15,OK,12.24,OK,12.3,OK,12.13,OK,12.11,OK,0,,0,,11.95,OK,12.31,OK,12.37,OK,12.46,OK,12.41,OK,12.3,OK,12.43,OK,0,,0,,,,82.01,OK,,,,82.4,OK,,,,157.75,OK,,,,158.52,OK,,,,37.37,OK,,,,37.67,OK,,,,,,,,,,,,,,,,,
2410120459C,NEW KAPPAEX1.0,CM1P3,2024-10-12 11:31:12,18.684,26.57,OK,23.79,23.53,OK,21.92,21.52,OK,23.55,23.37,OK,21.34,20.75,OK,21.78,21.48,OK,22.48,22.27,OK,21.92,21.5,OK,0,0,,0,0,,6.02,OK,6.7,OK,6.49,OK,6.63,OK,6.65,OK,6.67,OK,6.75,OK,0,,0,,5.98,OK,6.2,OK,6.41,OK,6.53,OK,6.62,OK,6.83,OK,6.58,OK,0,,0,,,,55.16,OK,,,,56.26,NG,,,,-292.2,OK,,,,-293.52,OK,,,,173.35,OK,,,,172.48,OK,,,,,,,,,,,,,,,,,
2410120460C,NEW KAPPAEX1.0,CM2P4,2024-10-12 11:32:00,18.684,27.76,OK,23.01,22.85,OK,22.19,21.89,OK,23.59,23.22,OK,23.38,23.2,OK,22.08,22.01,OK,22.12,21.8,OK,22.75,22.45,OK,0,0,,0,0,,15.36,OK,15.36,OK,15.36,OK,15.36,OK,15.36,OK,15.36,OK,15.36,OK,0,,0,,15.36,OK,15.36,OK,15.36,OK,15.36,OK,15.36,OK,15.36,OK,15.36,OK,0,,0,,,,54.51,OK,,,,53.31,OK,,,,-292.65,OK,,,,-291.73,OK,,,,171.75,OK,,,,173.36,OK,,,,,,,,,,,,,,,,,
2410120562D,ATKINSON 3.8 OCV,DM1P4,2024-10-12 11:32:05,18.989,24.05,OK,27.17,26.95,OK,27.91,27.76,OK,26.7,26.32,OK,27.62,27.46,OK,25.28,25.21,OK,26.23,26.16,OK,26.61,26.52,OK,0,0,,0,0,,11.65,OK,11.4,OK,11.4,OK,11.55,OK,11.54,OK,11.61,OK,11.47,OK,0,,0,,9.88,OK,10.35,OK,10.29,OK,10.22,OK,10.26,OK,10.29,OK,10.31,OK,0,,0,,,,81.92,OK,,,,82.18,OK,,,,157.4,OK,,,,157.93,OK,,,,37.32,OK,,,,37.62,OK,,,,,,,,,,,,,,,,,
2410120461C,NEW KAPPAEX1.0,CM3P5,2024-10-12 11:32:46,18.692,27.18,OK,26.81,26.23,OK,26.04,25.82,OK,25.46,25,OK,24.53,23.94,OK,24.1,23.71,OK,24.89,24.05,OK,25.3,24.75,OK,0,0,,0,0,,0,OK,0,OK,0,OK,0,OK,0,OK,0,OK,0,OK,0,,0,,0,OK,0,OK,0,OK,0,OK,0,OK,0,OK,0,OK,0,,0,,,,53.64,OK,,,,53.28,OK,,,,-292.32,OK,,,,-292,OK,,,,172.06,OK,,,,171.74,OK,,,,,,,,,,,,,,,,,
2410120563D,ATKINSON 3.8 OCV,DM2P7,2024-10-12 11:33:00,18.984,23.37,OK,27.99,27.97,OK,23.92,23.83,OK,23.42,23.1,OK,26.59,26.56,OK,27.53,27.49,OK,27.53,27.46,OK,25.69,25.64,OK,0,0,,0,0,,10.84,OK,10.8,OK,10.77,OK,10.8,OK,10.83,OK,10.8,OK,10.79,OK,0,,0,,10.37,OK,10.35,OK,10.35,OK,10.36,OK,10.46,OK,10.37,OK,10.34,OK,0,,0,,,,82,OK,,,,82.43,OK,,,,157.7,OK,,,,157.8,OK,,,,37.71,OK,,,,38.25,OK,,,,,,,,,,,,,,,,,
2410120462C,NEW KAPPAEX1.0,CM4P6,2024-10-12 11:33:31,18.694,27.7,OK,23.62,23.13,OK,22.34,22.12,OK,24.67,23.99,OK,22.54,22.25,OK,23.99,23.93,OK,23.73,22.76,OK,22.69,22.03,OK,0,0,,0,0,,0,OK,0,OK,0,OK,0,OK,0,OK,0,OK,0,OK,0,,0,,0,OK,0,OK,0,OK,0,OK,0,OK,0,OK,0,OK,0,,0,,,,53.32,OK,,,,53.03,OK,,,,-293.44,OK,,,,-292.08,OK,,,,174.09,OK,,,,173.57,OK,,,,,,,,,,,,,,,,,
2410120564D,ATKINSON 3.8 OCV,DM3P8,2024-10-12 11:33:56,18.987,22.56,OK,29.51,29.51,OK,25.56,25.54,OK,24.73,24.38,OK,23.73,23.68,OK,26.7,26.61,OK,27.03,26.91,OK,25.15,25.12,OK,0,0,,0,0,,11.44,OK,11.76,OK,11.79,OK,11.62,OK,11.59,OK,11.8,OK,11.77,OK,0,,0,,12.76,OK,12.76,OK,12.77,OK,12.76,OK,12.81,OK,12.76,OK,12.81,OK,0,,0,,,,81.44,OK,,,,81.74,OK,,,,157.79,OK,,,,158.3,OK,,,,37.07,OK,,,,37.57,OK,,,,,,,,,,,,,,,,,
2410120463C,NEW KAPPAEX1.0,CM5P1,2024-10-12 11:34:20,18.698,27.65,OK,25.09,24.85,OK,20.55,20.29,OK,21.91,21.74,OK,20.95,20.81,OK,21.69,21.46,OK,21.89,21.5,OK,22.63,22.15,OK,0,0,,0,0,,2.53,OK,2.48,OK,2.45,OK,2.44,OK,2.45,OK,2.47,OK,2.44,OK,0,,0,,2.93,OK,2.41,OK,2.48,OK,2.44,OK,2.49,OK,2.52,OK,2.5,OK,0,,0,,,,54.78,OK,,,,54.31,OK,,,,-293.1,OK,,,,-291.98,OK,,,,171.66,OK,,,,172.92,OK,,,,,,,,,,,,,,,,,
2410120565D,ATKINSON 3.8 OCV,DM5P5,2024-10-12 11:34:48,18.998,24.56,OK,26.45,26.38,OK,25.18,25.09,OK,23.67,23.39,OK,24.67,24.44,OK,26.15,26.01,OK,24.51,24.37,OK,23.83,23.76,OK,0,0,,0,0,,2.08,OK,2.67,OK,2.67,OK,2.63,OK,2.67,OK,2.79,OK,2.65,OK,0,,0,,0.83,OK,0.84,OK,0.88,OK,0.85,OK,0.83,OK,0.87,OK,0.86,OK,0,,0,,,,81.42,OK,,,,80.94,OK,,,,158.22,OK,,,,158.93,OK,,,,38.28,OK,,,,38.17,OK,,,,,,,,,,,,,,,,,
2410120464C,NEW KAPPAEX1.0,CM1P9,2024-10-12 11:35:09,18.685,27.18,OK,21.62,21.43,OK,21.97,21.55,OK,23.41,23.23,OK,22.13,21.55,OK,21.94,21.92,OK,22.32,21.85,OK,21.48,21.15,OK,0,0,,0,0,,5.83,OK,6.8,OK,6.75,OK,6.68,OK,6.91,OK,6.91,OK,6.8,OK,0,,0,,5.89,OK,6.35,OK,6.49,OK,6.5,OK,6.3,OK,6.56,OK,6.46,OK,0,,0,,,,54.65,OK,,,,53.9,OK,,,,-294.43,OK,,,,-292.95,OK,,,,171.35,OK,,,,172.45,OK,,,,,,,,,,,,,,,,,
2410120566D,ATKINSON 3.8 OCV,DM4P9,2024-10-12 11:35:43,18.988,23.45,OK,25.1,24.96,OK,23.66,23.59,OK,25.52,25.33,OK,25.98,25.91,OK,26.33,26.19,OK,25.87,25.77,OK,25.08,24.98,OK,0,0,,0,0,,11.99,OK,12.1,OK,12.01,OK,12.29,OK,12.32,OK,12.31,OK,12.08,OK,0,,0,,12.28,OK,12.35,OK,12.35,OK,12.44,OK,12.43,OK,12.49,OK,12.47,OK,0,,0,,,,81.99,OK,,,,81.95,OK,,,,158.31,OK,,,,158.34,OK,,,,37.68,OK,,,,37.36,OK,,,,,,,,,,,,,,,,,
2410120465C,NEW KAPPAEX1.0,CM2P2,2024-10-12 11:35:57,18.688,25.96,OK,24.41,24.15,OK,22.03,21.8,OK,24.55,24.2,OK,23.8,23.69,OK,22.15,22.1,OK,22.03,21.66,OK,23.22,22.8,OK,0,0,,0,0,,15.36,OK,15.36,OK,15.36,OK,15.36,OK,15.36,OK,15.36,OK,15.36,OK,0,,0,,15.36,OK,15.36,OK,15.36,OK,15.36,OK,15.36,OK,15.36,OK,15.36,OK,0,,0,,,,54.58,OK,,,,55.07,OK,,,,-292.42,OK,,,,-292,OK,,,,172.34,OK,,,,172.07,OK,,,,,,,,,,,,,,,,,
2410120567D,ATKINSON 3.8 OCV,DM1P6,2024-10-12 11:36:35,18.986,23.61,OK,26.81,26.68,OK,28.12,28,OK,25.8,25.6,OK,28.45,28.32,OK,25.12,25.08,OK,25.66,25.57,OK,24.83,24.76,OK,0,0,,0,0,,11.39,OK,11.42,OK,11.45,OK,11.42,OK,11.43,OK,11.41,OK,11.65,OK,0,,0,,10.01,OK,10.41,OK,10.39,OK,10.34,OK,10.11,OK,10.22,OK,10.12,OK,0,,0,,,,82.92,OK,,,,83.03,OK,,,,156.77,OK,,,,156.81,OK,,,,37.21,OK,,,,37.58,OK,,,,,,,,,,,,,,,,,
2410120466C,NEW KAPPAEX1.0,CM3P8,2024-10-12 11:36:43,18.698,27.57,OK,27.45,26.63,OK,25.05,24.44,OK,26.38,25.93,OK,23.83,23.13,OK,24.62,24.32,OK,22.92,22.38,OK,27.54,26.41,OK,0,0,,0,0,,0,OK,0,OK,0,OK,0,OK,0,OK,0,OK,0,OK,0,,0,,0,OK,0,OK,0,OK,0,OK,0,OK,0,OK,0,OK,0,,0,,,,52.63,OK,,,,53.74,OK,,,,-292.69,OK,,,,-292.51,OK,,,,171.48,OK,,,,171.82,OK,,,,,,,,,,,,,,,,,
2410120568D,ATKINSON 3.8 OCV,DM2P2,2024-10-12 11:37:27,18.988,23.31,OK,28.04,27.95,OK,25.5,25.4,OK,23.61,23.42,OK,28.09,28.02,OK,26.2,26.2,OK,24.58,24.55,OK,24.43,24.36,OK,0,0,,0,0,,11.16,OK,10.8,OK,10.78,OK,10.82,OK,10.8,OK,10.79,OK,10.8,OK,0,,0,,10.36,OK,10.49,OK,10.31,OK,10.37,OK,10.37,OK,10.34,OK,10.36,OK,0,,0,,,,81.84,OK,,,,82.08,OK,,,,157.53,OK,,,,157.89,OK,,,,37.86,OK,,,,37.5,OK,,,,,,,,,,,,,,,,,
2410120467C,NEW KAPPAEX1.0,CM4P3,2024-10-12 11:37:32,18.698,27.6,OK,22.45,21.9,OK,22.58,22.3,OK,23.6,23.13,OK,21.55,21.31,OK,23.95,23.86,OK,21.64,21.11,OK,22.28,21.66,OK,0,0,,0,0,,0,OK,0,OK,0,OK,0,OK,0,OK,0,OK,0,OK,0,,0,,0,OK,0,OK,0,OK,0,OK,0,OK,0,OK,0,OK,0,,0,,,,53.75,OK,,,,53.39,OK,,,,-293.33,OK,,,,-292.56,OK,,,,171.65,OK,,,,172.87,OK,,,,,,,,,,,,,,,,,
2410120469C,NEW KAPPAEX1.0,CM1P4,2024-10-12 11:38:17,18.692,27.63,OK,25,24.84,OK,21.55,21.17,OK,23.25,23.02,OK,21.64,21.2,OK,22.08,21.78,OK,22.46,22.27,OK,22.81,22.25,OK,0,0,,0,0,,5.86,OK,6.61,OK,6.58,OK,6.57,OK,6.66,OK,7.47,OK,6.94,OK,0,,0,,6.31,OK,6.59,OK,6.68,OK,6.7,OK,6.77,OK,6.38,OK,6.26,OK,0,,0,,,,53.9,OK,,,,52.9,OK,,,,-293.17,OK,,,,-292.26,OK,,,,171.94,OK,,,,172.25,OK,,,,,,,,,,,,,,,,,
2410120569D,ATKINSON 3.8 OCV,DM3P3,2024-10-12 11:38:25,18.986,23.51,OK,26.35,26.31,OK,26,25.94,OK,25.47,25.42,OK,25.19,25.15,OK,27.58,27.16,OK,26.79,26.7,OK,27.93,27.91,OK,0,0,,0,0,,11.47,OK,11.47,OK,11.57,OK,11.62,OK,11.62,OK,11.8,OK,11.47,OK,0,,0,,12.89,OK,12.84,OK,12.79,OK,12.8,OK,12.77,OK,12.93,OK,12.7,OK,0,,0,,,,82.74,OK,,,,82.04,OK,,,,157.61,OK,,,,157.93,OK,,,,36.84,OK,,,,37.08,OK,,,,,,,,,,,,,,,,,
2410120470C,,C,2024-10-12 11:39:03,18.685,28.65,OK,,,,,,,,,,,,,,,,,,,,,,,,,,,,,,,,,,,,,,,,,,,,,,,,,,,,,,,,,,,,,,,,,,53.09,OK,,,,53.21,OK,,,,-292.51,OK,,,,-292.3,OK,,,,171.57,OK,,,,173.18,OK,,,,,,,,,,,,,,,,,
2410120571D,ATKINSON 3.8 OCV,DM4P4,2024-10-12 11:39:21,18.987,22.2,OK,26.47,26.35,OK,25.38,25.33,OK,25.42,25.15,OK,26.89,26.75,OK,25.7,25.4,OK,25.7,25.54,OK,25.89,25.68,OK,0,0,,0,0,,11.95,OK,12.03,OK,12.15,OK,12.17,OK,12.31,OK,12.28,OK,12.3,OK,0,,0,,12.26,OK,12.55,OK,12.26,OK,12.47,OK,12.43,OK,12.41,OK,12.49,OK,0,,0,,,,81.9,OK,,,,82.33,OK,,,,157.58,OK,,,,158.2,OK,,,,37.53,OK,,,,37.32,OK,,,,,,,,,,,,,,,,,
2410120471C,NEW KAPPAEX1.0,CM3P1,2024-10-12 11:39:52,18.685,28.65,OK,27.06,26.54,OK,25.16,24.48,OK,26.27,25.75,OK,26.11,25.39,OK,25.16,24.78,OK,24.1,23.65,OK,24.85,24.19,OK,0,0,,0,0,,0,OK,0,OK,0,OK,0,OK,0,OK,0,OK,0,OK,0,,0,,0,OK,0,OK,0,OK,0,OK,0,OK,0,OK,0,OK,0,,0,,,,54.2,OK,,,,54.07,OK,,,,-292.75,OK,,,,-291.9,OK,,,,173.05,OK,,,,172.78,OK,,,,,,,,,,,,,,,,,
2410120572D,ATKINSON 3.8 OCV,DM1P7,2024-10-12 11:40:13,18.984,24.21,OK,24.18,24.09,OK,28.14,28.09,OK,25.55,24.94,OK,27.01,26.95,OK,27.6,27.49,OK,27.17,27.01,OK,27.98,27.85,OK,0,0,,0,0,,11.32,OK,11.44,OK,11.37,OK,11.45,OK,11.51,OK,11.5,OK,11.47,OK,0,,0,,9.88,OK,10.14,OK,10.32,OK,10.36,OK,10.29,OK,10.22,OK,10.28,OK,0,,0,,,,82.16,OK,,,,82.45,OK,,,,157.68,OK,,,,157.77,OK,,,,37.77,OK,,,,38,OK,,,,,,,,,,,,,,,,,
2410120468C,NEW KAPPAEX1.0,CM5P7,2024-10-12 11:40:44,18.695,27.51,OK,23.46,23.22,OK,21.77,21.6,OK,22.01,21.69,OK,20.36,20.24,OK,21.38,21.1,OK,21,20.52,OK,22.15,21.77,OK,0,0,,0,0,,2.44,OK,2.44,OK,2.46,OK,2.45,OK,2.44,OK,2.43,OK,2.45,OK,0,,0,,2.76,OK,2.74,OK,2.44,OK,2.42,OK,2.49,OK,2.44,OK,2.47,OK,0,,0,,,,53.3,OK,,,,52.6,OK,,,,-292.69,OK,,,,-292.94,OK,,,,171.2,OK,,,,171.65,OK,,,,,,,,,,,,,,,,,
2410120573D,ATKINSON 3.8 OCV,DM2P8,2024-10-12 11:41:08,18.991,24.32,OK,27.56,27.51,OK,26.69,26.56,OK,23.32,23.17,OK,26.4,26.32,OK,25.91,25.86,OK,25.74,25.69,OK,24.94,24.85,OK,0,0,,0,0,,10.99,OK,10.79,OK,10.78,OK,10.77,OK,10.79,OK,11.1,OK,10.81,OK,0,,0,,10.35,OK,10.35,OK,10.33,OK,10.36,OK,10.31,OK,10.3,OK,10.31,OK,0,,0,,,,81.44,OK,,,,82.08,OK,,,,158.11,OK,,,,158.39,OK,,,,37.56,OK,,,,37.86,OK,,,,,,,,,,,,,,,,,
2410120472C,NEW KAPPAEX1.0,CM4P9,2024-10-12 11:41:29,18.685,27.3,OK,25.55,24.83,OK,21.53,21.18,OK,23.38,23.07,OK,21.66,21.46,OK,23.31,23.27,OK,22.36,21.97,OK,20.58,20.08,OK,0,0,,0,0,,0,OK,0,OK,0,OK,0,OK,0,OK,0,OK,0,OK,0,,0,,0,OK,0,OK,0,OK,0,OK,0,OK,0,OK,0,OK,0,,0,,,,54.3,OK,,,,52.98,OK,,,,-292.56,OK,,,,-291.49,OK,,,,172.92,OK,,,,172.14,OK,,,,,,,,,,,,,,,,,
2410120570D,ATKINSON 3.8 OCV,DM5P1,2024-10-12 11:42:03,18.99,23.97,OK,23.28,23.18,OK,25.8,25.67,OK,24.39,24.02,OK,24.64,24.53,OK,25.46,25.32,OK,26.08,25.9,OK,25.36,25.2,OK,0,0,,0,0,,2.12,OK,2.64,OK,2.64,OK,2.66,OK,2.72,OK,2.7,OK,2.71,OK,0,,0,,0.82,OK,0.83,OK,0.85,OK,0.84,OK,0.86,OK,0.87,OK,0.88,OK,0,,0,,,,81.03,OK,,,,82.55,OK,,,,157.85,OK,,,,158.71,OK,,,,37.83,OK,,,,37.86,OK,,,,,,,,,,,,,,,,,
2410120473C,NEW KAPPAEX1.0,CM1P2,2024-10-12 11:42:18,18.689,26.83,OK,23.3,23.09,OK,22.85,22.25,OK,23.6,23.37,OK,22.6,22.06,OK,21.69,21.36,OK,22.29,21.64,OK,22.34,22.11,OK,0,0,,0,0,,6.02,OK,6.66,OK,6.59,OK,6.67,OK,6.82,OK,6.83,OK,6.72,OK,0,,0,,6.16,OK,6.52,OK,6.63,OK,6.62,OK,6.52,OK,7.13,OK,6.6,OK,0,,0,,,,53.65,OK,,,,53.41,OK,,,,-292.89,OK,,,,-293.18,OK,,,,173.02,OK,,,,172.1,OK,,,,,,,,,,,,,,,,,
2410120574D,ATKINSON 3.8 OCV,DM3P5,2024-10-12 11:42:55,18.998,22.7,OK,26.89,26.84,OK,24.87,24.75,OK,25.03,24.8,OK,26.05,26.03,OK,26.79,26.7,OK,26.12,26.1,OK,26.72,26.7,OK,0,0,,0,0,,11.46,OK,11.6,OK,11.57,OK,11.45,OK,11.62,OK,11.42,OK,11.7,OK,0,,0,,12.76,OK,12.8,OK,12.86,OK,12.85,OK,12.81,OK,12.8,OK,12.81,OK,0,,0,,,,81.82,OK,,,,81.83,OK,,,,157.78,OK,,,,158.15,OK,,,,37.56,OK,,,,37.53,OK,,,,,,,,,,,,,,,,,
2410120474C,NEW KAPPAEX1.0,CM2P8,2024-10-12 11:43:07,18.698,26.96,OK,24.48,24.15,OK,23.2,22.82,OK,23.94,23.64,OK,23.1,22.61,OK,23.78,23.64,OK,21.03,20.72,OK,23.69,23.22,OK,0,0,,0,0,,15.36,OK,15.36,OK,15.36,OK,15.36,OK,15.36,OK,15.36,OK,15.36,OK,0,,0,,15.36,OK,15.36,OK,15.36,OK,15.36,OK,15.36,OK,15.36,OK,15.36,OK,0,,0,,,,53.92,OK,,,,53.53,OK,,,,-291.7,OK,,,,-291.47,OK,,,,171.14,OK,,,,171.63,OK,,,,,,,,,,,,,,,,,
2410120575D,ATKINSON 3.8 OCV,DM4P6,2024-10-12 11:43:50,18.988,22.92,OK,24.52,24.43,OK,24.59,24.52,OK,24.47,23.96,OK,26.86,26.65,OK,25.4,25.26,OK,26.4,26.38,OK,25.12,25.03,OK,0,0,,0,0,,12.09,OK,12.17,OK,12.13,OK,12.25,OK,12.27,OK,12.25,OK,12.32,OK,0,,0,,12.36,OK,12.36,OK,12.37,OK,12.38,OK,12.36,OK,12.47,OK,12.45,OK,0,,0,,,,82.89,OK,,,,82.61,OK,,,,157.6,OK,,,,157.27,OK,,,,37.69,OK,,,,38.1,OK,,,,,,,,,,,,,,,,,
2410120475C,NEW KAPPAEX1.0,CM3P7,2024-10-12 11:43:55,18.687,26.38,OK,26.14,25.34,OK,24.87,24.39,OK,25.43,24.82,OK,26.81,26.11,OK,23.28,23.01,OK,25.39,24.44,OK,24.91,24.14,OK,0,0,,0,0,,0,OK,0,OK,0,OK,0,OK,0,OK,0,OK,0,OK,0,,0,,0,OK,0,OK,0,OK,0,OK,0,OK,0,OK,0,OK,0,,0,,,,53.26,OK,,,,53.52,OK,,,,-292.62,OK,,,,-291.77,OK,,,,170.91,OK,,,,172.22,OK,,,,,,,,,,,,,,,,,
2410120477C,NEW KAPPAEX1.0,CM4P3,2024-10-12 11:44:44,18.698,27.01,OK,24.34,23.75,OK,22.63,22.34,OK,24.17,23.71,OK,21.73,21.18,OK,23.42,23.38,OK,21.42,21.11,OK,22.12,21.62,OK,0,0,,0,0,,0,OK,0,OK,0,OK,0,OK,0,OK,0,OK,0,OK,0,,0,,0,OK,0,OK,0,OK,0,OK,0,OK,0,OK,0,OK,0,,0,,,,54,OK,,,,53.6,OK,,,,-293.74,OK,,,,-292.03,OK,,,,170.89,OK,,,,171.54,OK,,,,,,,,,,,,,,,,,
2410120576D,ATKINSON 3.8 OCV,DM1P2,2024-10-12 11:44:46,18.994,22.7,OK,27.78,27.53,OK,27.91,27.73,OK,26.23,25.98,OK,26.81,26.77,OK,25.03,25.01,OK,25.39,25.33,OK,26.25,26.18,OK,0,0,,0,0,,11.4,OK,11.45,OK,11.39,OK,11.43,OK,11.45,OK,11.44,OK,11.68,OK,0,,0,,10,OK,10.36,OK,10.34,OK,10.4,OK,10.28,OK,10.33,OK,10.31,OK,0,,0,,,,81.99,OK,,,,82.13,OK,,,,157.44,OK,,,,157.68,OK,,,,37.56,OK,,,,37.45,OK,,,,,,,,,,,,,,,,,
2410120476C,NEW KAPPAEX1.0,CM5P6,2024-10-12 11:45:33,18.688,26.56,OK,23.46,23.32,OK,21.34,21,OK,22.29,21.93,OK,20.83,20.67,OK,20.62,20.29,OK,21.41,21.12,OK,21.91,21.55,OK,0,0,,0,0,,2.42,OK,2.45,OK,2.41,OK,2.44,OK,2.4,OK,2.44,OK,2.47,OK,0,,0,,2.79,OK,2.42,OK,2.43,OK,2.43,OK,2.51,OK,2.55,OK,2.6,OK,0,,0,,,,53.89,OK,,,,52.93,OK,,,,-292.87,OK,,,,-292.56,OK,,,,172.95,OK,,,,172.8,OK,,,,,,,,,,,,,,,,,
2410120577D,ATKINSON 3.8 OCV,DM2P3,2024-10-12 11:45:38,18.984,23.45,OK,26.93,26.86,OK,25.98,25.96,OK,25.01,24.7,OK,27.85,27.78,OK,27.29,27.24,OK,25.16,25.09,OK,25.31,25.31,OK,0,0,,0,0,,10.98,OK,10.89,OK,10.76,OK,10.73,OK,10.78,OK,10.8,OK,10.83,OK,0,,0,,10.34,OK,10.35,OK,10.28,OK,10.28,OK,10.27,OK,10.32,OK,10.34,OK,0,,0,,,,82.38,OK,,,,82.07,OK,,,,158.1,OK,,,,158.44,OK,,,,37.73,OK,,,,37.88,OK,,,,,,,,,,,,,,,,,
2410120478C,NEW KAPPAEX1.0,CM1P4,2024-10-12 11:46:18,18.689,26.45,OK,22.88,22.71,OK,23.13,22.64,OK,23.39,23.2,OK,20.87,20.36,OK,21.87,21.73,OK,21.8,21.64,OK,22.29,22.08,OK,0,0,,0,0,,5.89,OK,6.71,OK,6.8,OK,6.7,OK,6.88,OK,6.97,OK,6.94,OK,0,,0,,5.83,OK,6.28,OK,6.38,OK,6.42,OK,6.55,OK,6.68,OK,6.38,OK,0,,0,,,,53.38,OK,,,,52.88,OK,,,,-292.68,OK,,,,-292.32,OK,,,,171.4,OK,,,,171.64,OK,,,,,,,,,,,,,,,,,
2410120578D,ATKINSON 3.8 OCV,DM5P9,2024-10-12 11:46:33,18.988,22.81,OK,25.16,24.97,OK,25.06,24.97,OK,24.25,23.83,OK,24.58,24.41,OK,25.22,25.06,OK,25.18,25.02,OK,24.62,24.55,OK,0,0,,0,0,,2.1,OK,2.7,OK,2.7,OK,2.65,OK,2.68,OK,2.69,OK,2.65,OK,0,,0,,0.85,OK,0.87,OK,0.88,OK,0.88,OK,0.85,OK,0.85,OK,0.87,OK,0,,0,,,,81.33,OK,,,,81.35,OK,,,,158.66,OK,,,,159.07,OK,,,,38.58,OK,,,,38.16,OK,,,,,,,,,,,,,,,,,
2410120479C,NEW KAPPAEX1.0,CM2P5,2024-10-12 11:47:04,18.682,26.66,OK,24.01,23.87,OK,23.83,23.66,OK,23.87,23.52,OK,22.61,22.5,OK,23.15,23.08,OK,22.59,22.24,OK,22.73,22.43,OK,0,0,,0,0,,15.36,OK,15.36,OK,15.36,OK,15.36,OK,15.36,OK,15.36,OK,15.36,OK,0,,0,,15.36,OK,15.36,OK,15.36,OK,15.36,OK,15.36,OK,15.36,OK,15.36,OK,0,,0,,,,53.81,OK,,,,54.1,OK,,,,-293.03,OK,,,,-292.73,OK,,,,172.93,OK,,,,172.98,OK,,,,,,,,,,,,,,,,,
2410120579D,ATKINSON 3.8 OCV,DM3P1,2024-10-12 11:47:25,18.998,22.02,OK,27.74,27.68,OK,27.14,27.05,OK,25.73,25.54,OK,24.29,24.24,OK,26,25.87,OK,26.19,26.07,OK,26.68,26.61,OK,0,0,,0,0,,11.56,OK,11.63,OK,11.63,OK,11.64,OK,11.51,OK,11.54,OK,11.49,OK,0,,0,,12.81,OK,12.8,OK,12.78,OK,12.83,OK,12.78,OK,12.75,OK,12.87,OK,0,,0,,,,82.03,OK,,,,82.42,OK,,,,157.43,OK,,,,158.2,OK,,,,37.17,OK,,,,37.64,OK,,,,,,,,,,,,,,,,,
2410120480C,NEW KAPPAEX1.0,CM3P9,2024-10-12 11:47:53,18.687,26.73,OK,27.65,26.93,OK,25.14,24.21,OK,25.95,25.46,OK,26.23,25.66,OK,23.13,22.88,OK,24.51,24.05,OK,24.39,23.6,OK,0,0,,0,0,,0,OK,0,OK,0,OK,0,OK,0,OK,0,OK,0,OK,0,,0,,0,OK,0,OK,0,OK,0,OK,0,OK,0,OK,0,OK,0,,0,,,,53.63,OK,,,,53.09,OK,,,,-293.08,OK,,,,-292.58,OK,,,,173.45,OK,,,,172.92,OK,,,,,,,,,,,,,,,,,
2410120581D,ATKINSON 3.8 OCV,DM1P7,2024-10-12 11:48:20,18.997,24.33,OK,26.16,25.96,OK,26.47,26.34,OK,25.28,24.92,OK,26.02,25.98,OK,26.32,26.23,OK,26.92,26.81,OK,25.96,25.87,OK,0,0,,0,0,,11.32,OK,11.44,OK,11.38,OK,11.6,OK,11.47,OK,11.61,OK,11.43,OK,0,,0,,9.93,OK,10.33,OK,10.25,OK,10.34,OK,10.2,OK,10.21,OK,10.13,OK,0,,0,,,,82.14,OK,,,,82.81,OK,,,,157.82,OK,,,,157.9,OK,,,,37.14,OK,,,,37.48,OK,,,,,,,,,,,,,,,,,
2410120481C,NEW KAPPAEX1.0,CM4P2,2024-10-12 11:48:41,18.693,26.57,OK,24.56,23.79,OK,24.52,24.19,OK,23.62,23.11,OK,22.12,21.92,OK,23.38,23.27,OK,23.44,22.98,OK,22.32,21.92,OK,0,0,,0,0,,0,OK,0,OK,0,OK,0,OK,0,OK,0,OK,0,OK,0,,0,,0,OK,0,OK,0,OK,0,OK,0,OK,0,OK,0,OK,0,,0,,,,54.49,OK,,,,52.98,OK,,,,-293.2,OK,,,,-292.4,OK,,,,171.96,OK,,,,172.35,OK,,,,,,,,,,,,,,,,,
2410120582D,ATKINSON 3.8 OCV,DM2P8,2024-10-12 11:49:15,18.986,21.88,OK,26.76,26.73,OK,23.76,23.71,OK,24.12,24.05,OK,26.98,26.95,OK,25.74,25.74,OK,25.67,25.6,OK,24.02,24,OK,0,0,,0,0,,10.79,OK,10.75,OK,10.72,OK,10.78,OK,10.69,OK,10.79,OK,10.82,OK,0,,0,,10.29,OK,10.25,OK,10.5,OK,10.22,OK,10.15,OK,10.29,OK,10.38,OK,0,,0,,,,81.42,OK,,,,81.41,OK,,,,158.26,OK,,,,158.51,OK,,,,37.59,OK,,,,38.09,OK,,,,,,,,,,,,,,,,,
2410120482C,NEW KAPPAEX1.0,CM5P1,2024-10-12 11:49:30,18.693,27,OK,24.47,24.06,OK,22.22,21.98,OK,22.32,21.86,OK,21.86,21.65,OK,21.29,21.05,OK,21.98,21.67,OK,22.48,22.08,OK,0,0,,0,0,,2.44,OK,2.46,OK,2.43,OK,2.42,OK,2.43,OK,2.45,OK,2.44,OK,0,,0,,2.7,OK,2.4,OK,2.44,OK,2.41,OK,2.49,OK,2.52,OK,2.34,OK,0,,0,,,,54.39,OK,,,,53.6,OK,,,,-293.45,OK,,,,-292.59,OK,,,,171.41,OK,,,,172.68,OK,,,,,,,,,,,,,,,,,
2410120580D,ATKINSON 3.8 OCV,DM4P5,2024-10-12 11:50:07,18.984,24.35,OK,24.57,24.4,OK,24.64,24.57,OK,25.17,24.89,OK,27.37,27.26,OK,25.33,25.22,OK,25.45,25.36,OK,25.17,24.96,OK,0,0,,0,0,,12.02,OK,11.76,OK,11.76,OK,12.14,OK,12.1,OK,12.11,OK,12.38,OK,0,,0,,12.4,OK,12.47,OK,12.49,OK,12.33,OK,12.47,OK,12.43,OK,12.48,OK,0,,0,,,,81.76,OK,,,,81.75,OK,,,,158.14,OK,,,,158.14,OK,,,,37.57,OK,,,,37.66,OK,,,,,,,,,,,,,,,,,
2410120483C,NEW KAPPAEX1.0,CM1P8,2024-10-12 11:50:19,18.684,26.07,OK,22.57,22.36,OK,22.29,21.99,OK,22.36,22.2,OK,22.34,21.76,OK,22.15,22.04,OK,23.11,22.48,OK,22.57,22.32,OK,0,0,,0,0,,5.88,OK,6.64,OK,6.69,OK,6.71,OK,6.94,OK,6.84,OK,6.89,OK,0,,0,,6.1,OK,6.48,OK,6.41,OK,6.7,OK,6.56,OK,6.72,OK,6.61,OK,0,,0,,,,53.9,OK,,,,53.77,OK,,,,-292.98,OK,,,,-294.4,OK,,,,173.99,OK,,,,173.5,OK,,,,,,,,,,,,,,,,,
2410120584D,ATKINSON 3.8 OCV,DM3P6,2024-10-12 11:51:03,18.988,23.66,OK,26.12,26.05,OK,27.03,26.93,OK,27.23,27.05,OK,25.96,25.94,OK,28.02,27.91,OK,27.28,27.26,OK,27.93,27.86,OK,0,0,,0,0,,11.59,OK,11.62,OK,11.65,OK,11.63,OK,11.64,OK,11.65,OK,11.68,OK,0,,0,,12.81,OK,12.8,OK,12.79,OK,12.81,OK,12.78,OK,12.79,OK,12.8,OK,0,,0,,,,82.85,OK,,,,82.92,OK,,,,157.38,OK,,,,156.65,OK,,,,37.71,OK,,,,38.04,OK,,,,,,,,,,,,,,,,,
2410120484C,NEW KAPPAEX1.0,CM2P6,2024-10-12 11:51:04,18.689,26.43,OK,23.34,22.94,OK,24.13,23.85,OK,23.17,22.75,OK,22.87,22.64,OK,22.54,22.5,OK,21.77,21.47,OK,21.05,20.82,OK,0,0,,0,0,,15.36,OK,15.36,OK,15.36,OK,15.36,OK,15.36,OK,15.36,OK,15.36,OK,0,,0,,15.36,OK,15.36,OK,15.36,OK,15.36,OK,15.36,OK,15.36,OK,15.36,OK,0,,0,,,,53.9,OK,,,,53.22,OK,,,,-293.37,OK,,,,-291.69,OK,,,,173.36,OK,,,,173.2,OK,,,,,,,,,,,,,,,,,
2410120485C,NEW KAPPAEX1.0,CM3P7,2024-10-12 11:51:53,18.672,26.6,OK,27.09,26.47,OK,23.53,23.03,OK,26.38,25.77,OK,24.46,23.8,OK,24.53,24.28,OK,25,24.21,OK,24.82,24.01,OK,0,0,,0,0,,0,OK,0,OK,0,OK,0,OK,0,OK,0,OK,0,OK,0,,0,,0,OK,0,OK,0,OK,0,OK,0,OK,0,OK,0,OK,0,,0,,,,53.24,OK,,,,53.59,OK,,,,-291.98,OK,,,,-291.83,OK,,,,170.78,OK,,,,172,OK,,,,,,,,,,,,,,,,,
2410120585D,ATKINSON 3.8 OCV,DM1P3,2024-10-12 11:51:55,18.994,24.53,OK,24.36,24.31,OK,27.35,27.22,OK,26.05,25.71,OK,27.51,27.17,OK,26.97,26.83,OK,27.42,27.35,OK,26.7,26.59,OK,0,0,,0,0,,11.39,OK,11.35,OK,11.37,OK,11.45,OK,11.51,OK,11.6,OK,11.43,OK,0,,0,,9.94,OK,10.34,OK,10.31,OK,10.3,OK,10.3,OK,10.26,OK,10.09,OK,0,,0,,,,82.44,OK,,,,82.04,OK,,,,158.02,OK,,,,158.22,OK,,,,37.51,OK,,,,37.68,OK,,,,,,,,,,,,,,,,,
2410120586D,ATKINSON 3.8 OCV,DM2P9,2024-10-12 11:52:50,18.985,24.3,OK,30.51,30.46,OK,25.52,25.47,OK,25.47,25.28,OK,27.24,27.17,OK,27.73,27.68,OK,26.64,26.47,OK,24.46,24.41,OK,0,0,,0,0,,10.85,OK,11.06,OK,10.75,OK,11.09,OK,10.77,OK,10.82,OK,10.71,OK,0,,0,,10.33,OK,10.43,OK,10.31,OK,10.34,OK,10.27,OK,10.32,OK,10.33,OK,0,,0,,,,81.45,OK,,,,81.93,OK,,,,158.52,OK,,,,158.59,OK,,,,38.47,OK,,,,38.21,OK,,,,,,,,,,,,,,,,,
2410120587D,ATKINSON 3.8 OCV,DM4P2,2024-10-12 11:53:42,18.993,24.16,OK,28.09,28,OK,24.4,24.33,OK,25.17,24.98,OK,25.26,25.1,OK,24.73,24.71,OK,25.47,25.36,OK,25.87,25.77,OK,0,0,,0,0,,12.14,OK,12.33,OK,12.39,OK,12.32,OK,12.31,OK,12.19,OK,12.21,OK,0,,0,,12.4,OK,12.4,OK,12.37,OK,12.41,OK,12.58,OK,12.54,OK,12.56,OK,0,,0,,,,81.82,OK,,,,81.88,OK,,,,157.98,OK,,,,158.12,OK,,,,38.06,OK,,,,37.44,OK,,,,,,,,,,,,,,,,,
2410120486C,NEW KAPPAEX1.0,CM4P4,2024-10-12 12:01:25,18.698,27.37,OK,25.38,24.72,OK,22.85,22.41,OK,23.35,23,OK,22.87,22.54,OK,23.46,23.31,OK,23.07,22.63,OK,22.78,22.14,OK,0,0,,0,0,,0,OK,0,OK,0,OK,0,OK,0,OK,0,OK,0,OK,0,,0,,0,OK,0,OK,0,OK,0,OK,0,OK,0,OK,0,OK,0,,0,,,,53.68,OK,,,,53.74,OK,,,,-293.52,OK,,,,-292.65,OK,,,,172.47,OK,,,,172.67,OK,,,,,,,,,,,,,,,,,
2410120487C,NEW KAPPAEX1.0,CM5P3,2024-10-12 12:02:56,18.686,27.37,OK,25.09,24.56,OK,22.08,21.81,OK,23.2,22.91,OK,21.17,20.98,OK,21.86,21.43,OK,21.93,21.5,OK,22.44,22.15,OK,0,0,,0,0,,2.47,OK,2.47,OK,2.43,OK,2.43,OK,2.43,OK,2.44,OK,2.49,OK,0,,0,,2.71,OK,2.44,OK,2.46,OK,2.46,OK,2.45,OK,2.52,OK,2.37,OK,0,,0,,,,53.64,OK,,,,54.33,OK,,,,-292.87,OK,,,,-292.49,OK,,,,172.5,OK,,,,173.33,OK,,,,,,,,,,,,,,,,,
2410120488C,NEW KAPPAEX1.0,CM1P5,2024-10-12 12:03:42,18.695,27.91,OK,24.04,23.83,OK,22.01,21.57,OK,22.83,22.64,OK,21.83,21.31,OK,21.2,21.08,OK,21.38,20.78,OK,21.83,21.73,OK,0,0,,0,0,,5.89,OK,6.65,OK,6.61,OK,6.69,OK,6.74,OK,6.82,OK,6.82,OK,0,,0,,6.24,OK,6.41,OK,6.55,OK,6.48,OK,6.58,OK,6.79,OK,6.33,OK,0,,0,,,,53.86,OK,,,,53.67,OK,,,,-292.06,OK,,,,-293.21,OK,,,,172.98,OK,,,,173.54,OK,,,,,,,,,,,,,,,,,
2410120588D,ATKINSON 3.8 OCV,DM3P4,2024-10-12 12:07:21,18.99,24.42,OK,29.88,29.83,OK,25.47,25.42,OK,24.5,24.26,OK,23.27,23.24,OK,26.12,25.82,OK,26.33,26.26,OK,25.96,25.7,OK,0,0,,0,0,,11.3,OK,11.59,OK,11.61,OK,11.63,OK,11.45,OK,11.62,OK,11.61,OK,0,,0,,12.77,OK,12.78,OK,12.94,OK,12.89,OK,12.9,OK,12.8,OK,12.84,OK,0,,0,,,,81.46,OK,,,,81.95,OK,,,,157.51,OK,,,,158.2,OK,,,,37.49,OK,,,,37.58,OK,,,,,,,,,,,,,,,,,
2410120489C,NEW KAPPAEX1.0,CM2P9,2024-10-12 12:08:11,18.697,27.65,OK,24.11,24.01,OK,22.59,22.31,OK,24.55,24.18,OK,22.47,22.36,OK,22.94,22.89,OK,22.15,21.8,OK,21.38,20.98,OK,0,0,,0,0,,15.36,OK,15.36,OK,15.36,OK,15.36,OK,15.36,OK,15.36,OK,15.36,OK,0,,0,,15.36,OK,15.36,OK,15.36,OK,15.36,OK,15.36,OK,15.36,OK,15.36,OK,0,,0,,,,53.38,OK,,,,52.51,OK,,,,-292.76,OK,,,,-292.13,OK,,,,173.56,OK,,,,172.52,OK,,,,,,,,,,,,,,,,,
2410120589D,ATKINSON 3.8 OCV,DM1P7,2024-10-12 12:08:16,18.984,25.46,OK,25.03,24.79,OK,27.37,27.31,OK,25.51,25.42,OK,27.91,27.82,OK,25.98,25.93,OK,26.2,26.09,OK,27.94,27.91,OK,0,0,,0,0,,11.41,OK,11.38,OK,11.41,OK,11.41,OK,11.46,OK,11.5,OK,11.47,OK,0,,0,,9.95,OK,10.29,OK,10.15,OK,10.53,OK,10.08,OK,10.3,OK,10.32,OK,0,,0,,,,81.89,OK,,,,82.32,OK,,,,157.88,OK,,,,157.95,OK,,,,37.61,OK,,,,37.74,OK,,,,,,,,,,,,,,,,,
2410120491C,NEW KAPPAEX1.0,CM4P8,2024-10-12 12:09:00,18.684,27.43,OK,24.06,23.44,OK,21.66,21.29,OK,24.01,23.49,OK,22.08,21.42,OK,23.09,22.96,OK,22.1,21.81,OK,22.36,21.92,OK,0,0,,0,0,,0,OK,0,OK,0,OK,0,OK,0,OK,0,OK,0,OK,0,,0,,0,OK,0,OK,0,OK,0,OK,0,OK,0,OK,0,OK,0,,0,,,,54.7,OK,,,,53.71,OK,,,,-292.54,OK,,,,-291.83,OK,,,,171.27,OK,,,,172.37,OK,,,,,,,,,,,,,,,,,
2410120590D,ATKINSON 3.8 OCV,DM2P8,2024-10-12 12:09:11,18.986,23.32,OK,27.19,27.17,OK,23.9,23.8,OK,23.73,23.54,OK,26.3,26.25,OK,27.12,27.1,OK,26.9,26.88,OK,23.71,23.61,OK,0,0,,0,0,,11.06,OK,11.2,OK,10.81,OK,11.28,OK,10.81,OK,10.7,OK,10.82,OK,0,,0,,10.32,OK,10.36,OK,10.37,OK,10.25,OK,10.35,OK,10.27,OK,10.24,OK,0,,0,,,,81.37,OK,,,,81.54,OK,,,,158.28,OK,,,,158.48,OK,,,,37.54,OK,,,,37.94,OK,,,,,,,,,,,,,,,,,
2410120492C,NEW KAPPAEX1.0,CM5P2,2024-10-12 12:09:46,18.688,26.83,OK,24.56,24.13,OK,20.67,20.33,OK,22.89,22.44,OK,21.05,20.95,OK,21.65,21.31,OK,22.24,21.77,OK,22.27,22.03,OK,0,0,,0,0,,2.47,OK,2.44,OK,2.44,OK,2.45,OK,2.44,OK,2.45,OK,2.54,OK,0,,0,,2.92,OK,2.37,OK,2.46,OK,2.47,OK,2.49,OK,2.51,OK,2.5,OK,0,,0,,,,53.53,OK,,,,52.49,OK,,,,-293,OK,,,,-292.84,OK,,,,172.57,OK,,,,172.06,OK,,,,,,,,,,,,,,,,,
2410120591D,ATKINSON 3.8 OCV,DM4P5,2024-10-12 12:10:07,18.992,24.76,OK,25.73,25.56,OK,23.5,23.45,OK,24.31,24.01,OK,25.1,25.05,OK,25.7,25.59,OK,24.84,24.78,OK,25.01,24.94,OK,0,0,,0,0,,12.31,OK,12.29,OK,12.29,OK,12.36,OK,12.28,OK,12.1,OK,12.04,OK,0,,0,,12.34,OK,12.48,OK,11.85,OK,12.59,OK,12.46,OK,12.45,OK,12.48,OK,0,,0,,,,81.92,OK,,,,81.44,OK,,,,158.45,OK,,,,158.66,OK,,,,37.83,OK,,,,37.74,OK,,,,,,,,,,,,,,,,,
2410120493C,NEW KAPPAEX1.0,CM1P6,2024-10-12 12:10:57,18.684,27.67,OK,23.41,23.25,OK,22.2,21.59,OK,24.09,23.9,OK,22.85,22.25,OK,22.92,22.67,OK,21.66,21.48,OK,23.27,22.92,OK,0,0,,0,0,,5.91,OK,6.67,OK,6.68,OK,6.66,OK,6.81,OK,6.79,OK,6.91,OK,0,,0,,6.21,OK,6.43,OK,6.48,OK,6.72,OK,6.72,OK,7.04,OK,6.68,OK,0,,0,,,,53.68,OK,,,,53.33,OK,,,,-292.88,OK,,,,-293.21,OK,,,,174.03,OK,,,,173.58,OK,,,,,,,,,,,,,,,,,
2410120592D,ATKINSON 3.8 OCV,DM3P6,2024-10-12 12:11:02,18.989,23.91,OK,25.15,25.1,OK,27.81,27.79,OK,25.61,25.4,OK,24.38,24.38,OK,26.28,26.28,OK,27.3,27.28,OK,26.38,26.31,OK,0,0,,0,0,,11.32,OK,11.73,OK,11.7,OK,11.48,OK,11.49,OK,11.63,OK,11.55,OK,0,,0,,12.78,OK,12.87,OK,12.85,OK,12.85,OK,12.81,OK,12.78,OK,12.81,OK,0,,0,,,,82.85,OK,,,,82.71,OK,,,,157.77,OK,,,,157.42,OK,,,,37.56,OK,,,,37.9,OK,,,,,,,,,,,,,,,,,
2410120494C,NEW KAPPAEX1.0,CM2P7,2024-10-12 12:11:46,18.687,27.7,OK,23.36,23.06,OK,22.61,22.47,OK,24.41,24.08,OK,23.17,22.96,OK,22.03,21.98,OK,22.54,22.17,OK,22.68,22.5,OK,0,0,,0,0,,15.36,OK,15.36,OK,15.36,OK,15.36,OK,15.36,OK,15.36,OK,15.36,OK,0,,0,,15.36,OK,15.36,OK,15.36,OK,15.36,OK,15.36,OK,15.36,OK,15.36,OK,0,,0,,,,54.25,OK,,,,53.55,OK,,,,-291.77,OK,,,,-292.71,OK,,,,171.11,OK,,,,172.25,OK,,,,,,,,,,,,,,,,,
2410120593D,ATKINSON 3.8 OCV,DM1P3,2024-10-12 12:11:57,18.985,24.15,OK,29.13,29.04,OK,29.06,28.95,OK,26.99,26.72,OK,28.39,27.98,OK,26.88,26.81,OK,26.92,26.81,OK,26.07,26,OK,0,0,,0,0,,11.37,OK,11.42,OK,11.42,OK,11.45,OK,11.46,OK,11.48,OK,11.51,OK,0,,0,,10.03,OK,10.3,OK,10.08,OK,10.34,OK,9.97,OK,10.18,OK,10.25,OK,0,,0,,,,83.03,OK,,,,82.12,OK,,,,157.75,OK,,,,157.91,OK,,,,37.3,OK,,,,37.75,OK,,,,,,,,,,,,,,,,,
2410120452C,NEW KAPPAEX1.0,CM4P5,2024-10-12 12:12:31,18.69,26.56,OK,23.86,23.24,OK,21.09,20.82,OK,24.67,24.04,OK,20.69,20.47,OK,22.69,22.52,OK,22.41,22.08,OK,21.9,21.37,OK,0,0,,0,0,,0,OK,0,OK,0,OK,0,OK,0,OK,0,OK,0,OK,0,,0,,0,OK,0,OK,0,OK,0,OK,0,OK,0,OK,0,OK,0,,0,,,,53.81,OK,,,,54.06,OK,,,,-293.65,OK,,,,-291.92,OK,,,,172.91,OK,,,,172.99,OK,,,,,,,,,,,,,,,,,
2410120594D,ATKINSON 3.8 OCV,DM2P9,2024-10-12 12:12:49,18.988,23.62,OK,29.62,29.57,OK,26.54,26.44,OK,25.62,25.43,OK,27.9,27.78,OK,28.04,28.02,OK,25.43,25.38,OK,25.86,25.81,OK,0,0,,0,0,,10.76,OK,10.83,OK,11.08,OK,10.83,OK,11.11,OK,10.99,OK,10.82,OK,0,,0,,10.35,OK,10.34,OK,10.33,OK,10.31,OK,10.3,OK,10.28,OK,10.16,OK,0,,0,,,,81.62,OK,,,,82.24,OK,,,,158.08,OK,,,,158.32,OK,,,,38.37,OK,,,,37.77,OK,,,,,,,,,,,,,,,,,
2410120490C,NEW KAPPAEX1.0,CM3P1,2024-10-12 12:13:20,18.694,27.13,OK,27.79,27.22,OK,25.09,24.71,OK,26.25,25.84,OK,26.11,25.57,OK,25.05,24.6,OK,26.2,25.61,OK,25.07,24.42,OK,0,0,,0,0,,0,OK,0,OK,0,OK,0,OK,0,OK,0,OK,0,OK,0,,0,,0,OK,0,OK,0,OK,0,OK,0,OK,0,OK,0,OK,0,,0,,,,54.04,OK,,,,53.51,OK,,,,-293.23,OK,,,,-290.64,OK,,,,173.4,OK,,,,173.18,OK,,,,,,,,,,,,,,,,,
2410120595D,ATKINSON 3.8 OCV,DM4P2,2024-10-12 12:13:44,18.984,23.62,OK,23.92,23.71,OK,23.24,23.22,OK,24.38,24.2,OK,25.56,25.52,OK,26.56,26.45,OK,25.08,25.03,OK,25.63,25.61,OK,0,0,,0,0,,12.29,OK,12.3,OK,12.39,OK,12.25,OK,12.25,OK,12.4,OK,12.45,OK,0,,0,,12.33,OK,12.48,OK,12.51,OK,12.32,OK,12.47,OK,12.48,OK,12.47,OK,0,,0,,,,81.96,OK,,,,82.03,OK,,,,157.62,OK,,,,158.09,OK,,,,37.92,OK,,,,37.61,OK,,,,,,,,,,,,,,,,,
2410120495C,NEW KAPPAEX1.0,CM3P3,2024-10-12 12:14:09,18.684,27.86,OK,28.01,27.15,OK,26.66,26.38,OK,26.84,26.2,OK,25.34,24.73,OK,26.52,26.11,OK,24.46,23.67,OK,27.56,26.68,OK,0,0,,0,0,,0,OK,0,OK,0,OK,0,OK,0,OK,0,OK,0,OK,0,,0,,0,OK,0,OK,0,OK,0,OK,0,OK,0,OK,0,OK,0,,0,,,,53.26,OK,,,,53.01,OK,,,,-291.71,OK,,,,-292.78,OK,,,,172.72,OK,,,,172.71,OK,,,,,,,,,,,,,,,,,
2410120496C,NEW KAPPAEX1.0,CM4P5,2024-10-12 12:14:54,18.688,27.07,OK,25.03,24.43,OK,22.96,22.78,OK,24.21,23.62,OK,23.07,22.61,OK,24.26,24.23,OK,23.16,22.69,OK,23.75,23.35,OK,0,0,,0,0,,0,OK,0,OK,0,OK,0,OK,0,OK,0,OK,0,OK,0,,0,,0,OK,0,OK,0,OK,0,OK,0,OK,0,OK,0,OK,0,,0,,,,53.11,OK,,,,53.39,OK,,,,-293.97,OK,,,,-292.63,OK,,,,173,OK,,,,172.87,OK,,,,,,,,,,,,,,,,,
2410120498C,NEW KAPPAEX1.0,CM1P9,2024-10-12 12:15:43,18.698,28.53,OK,24.18,23.9,OK,23.25,22.71,OK,23.16,22.99,OK,21.85,21.43,OK,21.87,21.83,OK,21.55,21.06,OK,23.04,22.67,OK,0,0,,0,0,,5.92,OK,6.94,OK,7.02,OK,7.02,OK,7.08,OK,7.11,OK,7.1,OK,0,,0,,6.13,OK,6.55,OK,6.51,OK,6.84,OK,6.52,OK,6.72,OK,6.49,OK,0,,0,,,,55.17,OK,,,,54.62,OK,,,,-294.65,OK,,,,-294.07,OK,,,,172.42,OK,,,,172.05,OK,,,,,,,,,,,,,,,,,
2410120497C,NEW KAPPAEX1.0,CM5P4,2024-10-12 12:16:48,18.696,27.97,OK,24.49,24.35,OK,21.53,21.1,OK,22.41,22.2,OK,20.79,20.69,OK,21.34,21.1,OK,21.17,20.74,OK,20.48,20.43,OK,0,0,,0,0,,2.51,OK,2.56,OK,2.48,OK,2.47,OK,2.46,OK,2.49,OK,2.48,OK,0,,0,,2.75,OK,2.45,OK,2.67,OK,2.5,OK,2.54,OK,2.45,OK,2.44,OK,0,,0,,,,53.9,OK,,,,53.21,OK,,,,-292.61,OK,,,,-292.95,OK,,,,172.49,OK,,,,173.54,OK,,,,,,,,,,,,,,,,,
2410120503C,NEW KAPPAEX1.0,CM1P7,2024-10-12 12:18:32,18.697,26.67,OK,23.6,23.44,OK,22.97,22.62,OK,23.83,23.67,OK,21.64,21.15,OK,21.71,21.66,OK,22.6,22.36,OK,23.2,22.85,OK,0,0,,0,0,,6.18,OK,6.77,OK,6.76,OK,6.82,OK,7.02,OK,7.08,OK,6.98,OK,0,,0,,6.05,OK,6.43,OK,6.46,OK,6.48,OK,6.84,OK,6.57,OK,6.58,OK,0,,0,,,,53.55,OK,,,,55.75,OK,,,,-291.5,OK,,,,-294.82,OK,,,,172.54,OK,,,,173.03,OK,,,,,,,,,,,,,,,,,
2410120499C,NEW KAPPAEX1.0,CM2P1,2024-10-12 12:19:21,18.685,26.96,OK,24.01,23.73,OK,23.83,23.38,OK,24.2,23.66,OK,23.13,23.01,OK,23.2,23.13,OK,21.07,20.84,OK,23.43,23.17,OK,0,0,,0,0,,15.36,OK,15.36,OK,15.36,OK,15.36,OK,15.36,OK,15.36,OK,15.36,OK,0,,0,,15.36,OK,15.36,OK,15.36,OK,15.36,OK,15.36,OK,15.36,OK,15.36,OK,0,,0,,,,54.16,OK,,,,53.45,OK,,,,-293.04,OK,,,,-292.12,OK,,,,171.87,OK,,,,172.19,OK,,,,,,,,,,,,,,,,,
2410120500C,NEW KAPPAEX1.0,CM3P2,2024-10-12 12:20:06,18.695,27.86,OK,27.65,26.72,OK,24.66,24.23,OK,25.43,24.91,OK,25.64,25.16,OK,25.52,25.14,OK,25.86,25.43,OK,24.78,23.83,OK,0,0,,0,0,,0,OK,0,OK,0,OK,0,OK,0,OK,0,OK,0,OK,0,,0,,0,OK,0,OK,0,OK,0,OK,0,OK,0,OK,0,OK,0,,0,,,,53.48,OK,,,,53.37,OK,,,,-292.22,OK,,,,-293.79,OK,,,,171.44,OK,,,,172.19,OK,,,,,,,,,,,,,,,,,
2410120501C,NEW KAPPAEX1.0,CM4P6,2024-10-12 12:20:55,18.699,27.41,OK,25.88,25.4,OK,22.56,22.28,OK,24.08,23.62,OK,23.13,22.89,OK,23.57,23.49,OK,22.45,22.03,OK,22.28,22.01,OK,0,0,,0,0,,0,OK,0,OK,0,OK,0,OK,0,OK,0,OK,0,OK,0,,0,,0,OK,0,OK,0,OK,0,OK,0,OK,0,OK,0,OK,0,,0,,,,53.23,OK,,,,53.18,OK,,,,-293.07,OK,,,,-292.49,OK,,,,173.39,OK,,,,173.35,OK,,,,,,,,,,,,,,,,,
2410120502C,NEW KAPPAEX1.0,CM5P8,2024-10-12 12:21:44,18.684,26.63,OK,23.61,23.37,OK,22.1,21.93,OK,21.98,21.67,OK,19.9,19.83,OK,20.31,20.05,OK,21.41,20.88,OK,22.12,21.81,OK,0,0,,0,0,,2.44,OK,2.49,OK,2.46,OK,2.45,OK,2.44,OK,2.46,OK,2.45,OK,0,,0,,2.73,OK,2.52,OK,2.46,OK,2.43,OK,2.5,OK,2.5,OK,2.4,OK,0,,0,,,,52.76,OK,,,,53.2,OK,,,,-291.76,OK,,,,-293.18,OK,,,,172.44,OK,,,,173.34,OK,,,,,,,,,,,,,,,,,
2410120504C,NEW KAPPAEX1.0,CM1P4,2024-10-12 12:22:29,18.687,27.05,OK,22.34,22.08,OK,23.32,22.53,OK,24.51,24.32,OK,22.6,22.11,OK,22.85,22.78,OK,23.04,22.88,OK,22.76,22.39,OK,0,0,,0,0,,5.91,OK,6.94,OK,6.88,OK,6.85,OK,7.04,OK,7.18,OK,7.04,OK,0,,0,,5.9,OK,6.48,OK,6.57,OK,6.49,OK,6.56,OK,6.64,OK,6.53,OK,0,,0,,,,53.9,OK,,,,53.91,OK,,,,-292.94,OK,,,,-293.12,OK,,,,171.64,OK,,,,171.56,OK,,,,,,,,,,,,,,,,,
2410120596D,ATKINSON 3.8 OCV,DM3P4,2024-10-12 12:23:00,18.991,24.4,OK,28.86,28.84,OK,26.7,26.68,OK,25.98,25.87,OK,25.1,25.01,OK,26.98,26.86,OK,26.84,26.84,OK,27.05,27,OK,0,0,,0,0,,11.48,OK,11.47,OK,11.46,OK,11.6,OK,11.64,OK,11.65,OK,11.63,OK,0,,0,,12.91,OK,12.76,OK,12.74,OK,12.69,OK,12.8,OK,12.79,OK,12.73,OK,0,,0,,,,81.72,OK,,,,82.08,OK,,,,157.69,OK,,,,158.4,OK,,,,37.49,OK,,,,37.67,OK,,,,,,,,,,,,,,,,,
2410120505C,,C,2024-10-12 12:23:18,18.698,27.13,OK,,,,,,,,,,,,,,,,,,,,,,,,,,,,,,,,,,,,,,,,,,,,,,,,,,,,,,,,,,,,,,,,,,53.53,OK,,,,54.36,OK,,,,-292.09,OK,,,,-291.81,OK,,,,173.06,OK,,,,173.23,OK,,,,,,,,,,,,,,,,,
2410120583D,ATKINSON 3.8 OCV,DM5P5,2024-10-12 12:24:08,18.984,21.8,OK,24.02,23.83,OK,25.5,25.39,OK,24.23,23.88,OK,25.83,25.6,OK,25.85,25.69,OK,24.39,24.18,OK,23.74,23.62,OK,0,0,,0,0,,2.08,OK,2.67,OK,2.64,OK,2.77,OK,2.66,OK,2.81,OK,2.76,OK,0,,0,,0.81,OK,0.82,OK,0.84,OK,0.85,OK,0.84,OK,0.85,OK,0.84,OK,0,,0,,,,81.4,OK,,,,81.82,OK,,,,158.73,OK,,,,159.19,OK,,,,38.35,OK,,,,38.34,OK,,,,,,,,,,,,,,,,,
2410120597D,ATKINSON 3.8 OCV,DM1P7,2024-10-12 12:25:00,18.994,23.62,OK,26.83,26.68,OK,26.52,26.43,OK,26.09,25.87,OK,26.97,26.88,OK,26.29,26.2,OK,27.8,27.78,OK,25.64,25.6,OK,0,0,,0,0,,11.37,OK,11.48,OK,11.43,OK,11.46,OK,11.66,OK,11.5,OK,11.57,OK,0,,0,,9.92,OK,10.24,OK,10.33,OK,10.41,OK,10.4,OK,10.3,OK,10.23,OK,0,,0,,,,82.34,OK,,,,82.67,OK,,,,157.78,OK,,,,157.91,OK,,,,37.24,OK,,,,37.39,OK,,,,,,,,,,,,,,,,,
2410120506C,NEW KAPPAEX1.0,CM3P9,2024-10-12 12:25:02,18.686,27.2,OK,26.95,26.27,OK,25.37,24.71,OK,25,24.55,OK,23.83,23.28,OK,25.14,24.87,OK,24.08,23.44,OK,24.69,23.92,OK,0,0,,0,0,,0,OK,0,OK,0,OK,0,OK,0,OK,0,OK,0,OK,0,,0,,0,OK,0,OK,0,OK,0,OK,0,OK,0,OK,0,OK,0,,0,,,,51.82,OK,,,,51.61,OK,,,,-292.47,OK,,,,-291.29,OK,,,,172.09,OK,,,,171.84,OK,,,,,,,,,,,,,,,,,
2410120508C,NEW KAPPAEX1.0,CM5P3,2024-10-12 12:25:51,18.681,27.18,OK,24.85,24.63,OK,22.7,22.51,OK,22.94,22.7,OK,20.95,20.88,OK,22.05,21.77,OK,21.62,21.26,OK,23.13,22.91,OK,0,0,,0,0,,2.45,OK,2.46,OK,2.51,OK,2.5,OK,2.47,OK,2.49,OK,2.48,OK,0,,0,,2.74,OK,2.5,OK,2.57,OK,2.47,OK,2.49,OK,2.47,OK,2.42,OK,0,,0,,,,54.02,OK,,,,55,OK,,,,-292.91,OK,,,,-292.12,OK,,,,172.64,OK,,,,172.47,OK,,,,,,,,,,,,,,,,,
2410120598D,ATKINSON 3.8 OCV,DM2P8,2024-10-12 12:25:56,18.985,22.42,OK,28.99,28.91,OK,24.63,24.55,OK,24.24,24.19,OK,27.03,26.98,OK,25.84,25.77,OK,24.92,24.89,OK,27.05,27,OK,0,0,,0,0,,10.71,OK,10.75,OK,10.77,OK,10.76,OK,10.8,OK,10.8,OK,10.79,OK,0,,0,,10.31,OK,10.24,OK,10.3,OK,10.26,OK,10.27,OK,10.36,OK,10.29,OK,0,,0,,,,81.61,OK,,,,81.99,OK,,,,158.25,OK,,,,158.68,OK,,,,37.78,OK,,,,38.2,OK,,,,,,,,,,,,,,,,,
2410120509C,NEW KAPPAEX1.0,CM1P7,2024-10-12 12:26:40,18.683,26.25,OK,20.94,20.66,OK,21.17,20.64,OK,23.51,23.32,OK,22.08,21.71,OK,22.04,21.87,OK,22.76,22.11,OK,21.64,21.52,OK,0,0,,0,0,,5.89,OK,6.64,OK,6.6,OK,6.71,OK,7.86,OK,7.31,OK,7.05,OK,0,,0,,6.38,OK,6.52,OK,6.92,OK,7.18,OK,6.25,OK,6.57,OK,6.46,OK,0,,0,,,,53.72,OK,,,,55.37,OK,,,,-292.39,OK,,,,-293.1,OK,,,,172.57,OK,,,,172.45,OK,,,,,,,,,,,,,,,,,
2410120600D,ATKINSON 3.8 OCV,DM3P6,2024-10-12 12:26:48,18.989,24.15,OK,27.68,27.61,OK,26.82,26.79,OK,26.12,25.96,OK,26.63,26.58,OK,28.09,27.95,OK,27.4,27.35,OK,26.65,26.56,OK,0,0,,0,0,,11.58,OK,11.25,OK,11.22,OK,11.76,OK,11.79,OK,11.66,OK,11.65,OK,0,,0,,12.78,OK,12.83,OK,12.86,OK,12.8,OK,12.91,OK,12.8,OK,12.81,OK,0,,0,,,,82.16,OK,,,,82.66,OK,,,,157.51,OK,,,,157.29,OK,,,,37.21,OK,,,,37.5,OK,,,,,,,,,,,,,,,,,
2410120602D,ATKINSON 3.8 OCV,DM1P3,2024-10-12 12:27:43,18.986,25.36,OK,25.84,25.69,OK,29.06,28.97,OK,26.23,25.89,OK,27.33,27.1,OK,27.1,27.01,OK,26.36,26.32,OK,26.56,26.5,OK,0,0,,0,0,,11.45,OK,11.45,OK,11.7,OK,11.38,OK,11.51,OK,11.47,OK,11.5,OK,0,,0,,9.98,OK,10.29,OK,10.33,OK,10.23,OK,10.1,OK,10.27,OK,10.3,OK,0,,0,,,,82.27,OK,,,,81.95,OK,,,,157.78,OK,,,,158.32,OK,,,,37.69,OK,,,,37.91,OK,,,,,,,,,,,,,,,,,
2410120510C,NEW KAPPAEX1.0,CM2P1,2024-10-12 12:27:48,18.693,27.98,OK,23.24,22.92,OK,22.85,22.66,OK,22.99,22.61,OK,22.22,22.1,OK,22.24,22.17,OK,20.47,20.12,OK,20.84,20.49,OK,0,0,,0,0,,15.36,OK,15.36,OK,15.36,OK,15.36,OK,15.36,OK,15.36,OK,15.36,OK,0,,0,,15.36,OK,15.36,OK,15.36,OK,15.36,OK,15.36,OK,15.36,OK,15.36,OK,0,,0,,,,53.44,OK,,,,53.31,OK,,,,-292.69,OK,,,,-291.85,OK,,,,172.86,OK,,,,171.6,OK,,,,,,,,,,,,,,,,,
2410120511C,NEW KAPPAEX1.0,CM3P2,2024-10-12 12:28:36,18.692,27.45,OK,26.81,26.02,OK,24.8,24.26,OK,26.23,25.8,OK,25.43,24.35,OK,24.73,24.39,OK,25.34,24.3,OK,24.69,23.53,OK,0,0,,0,0,,0,OK,0,OK,0,OK,0,OK,0,OK,0,OK,0,OK,0,,0,,0,OK,0,OK,0,OK,0,OK,0,OK,0,OK,0,OK,0,,0,,,,53.2,OK,,,,54.35,OK,,,,-292.19,OK,,,,-293.98,OK,,,,171.57,OK,,,,170.57,OK,,,,,,,,,,,,,,,,,
2410120603D,ATKINSON 3.8 OCV,DM2P9,2024-10-12 12:28:38,18.988,22.63,OK,29.13,29.06,OK,26.95,26.9,OK,24.97,24.85,OK,27.53,27.49,OK,27.15,27.12,OK,26.47,26.4,OK,24.51,24.46,OK,0,0,,0,0,,10.77,OK,11.11,OK,11.37,OK,11.26,OK,10.72,OK,10.81,OK,10.8,OK,0,,0,,10.21,OK,10.21,OK,10.5,OK,10.25,OK,10.27,OK,10.26,OK,10.31,OK,0,,0,,,,81.93,OK,,,,82.04,OK,,,,158.34,OK,,,,158.55,OK,,,,38.17,OK,,,,37.98,OK,,,,,,,,,,,,,,,,,
2410120512C,NEW KAPPAEX1.0,CM4P6,2024-10-12 12:29:25,18.684,26.56,OK,24.5,24.06,OK,22.03,21.73,OK,22.67,22.28,OK,22.52,22.28,OK,22.89,22.85,OK,21.29,20.63,OK,22.74,22.21,OK,0,0,,0,0,,0,OK,0,OK,0,OK,0,OK,0,OK,0,OK,0,OK,0,,0,,0,OK,0,OK,0,OK,0,OK,0,OK,0,OK,0,OK,0,,0,,,,53.27,OK,,,,53.43,OK,,,,-293.57,OK,,,,-293.14,OK,,,,173.56,OK,,,,174.14,OK,,,,,,,,,,,,,,,,,
2410120604D,ATKINSON 3.8 OCV,DM3P5,2024-10-12 12:29:30,18.999,22.82,OK,25.29,25.19,OK,26.98,26.91,OK,24.73,24.5,OK,25.73,25.66,OK,28.65,28.51,OK,28.09,28.02,OK,25.26,25.22,OK,0,0,,0,0,,11.28,OK,11.62,OK,11.64,OK,11.65,OK,11.63,OK,11.64,OK,11.71,OK,0,,0,,12.76,OK,12.81,OK,12.79,OK,12.78,OK,12.8,OK,12.79,OK,12.8,OK,0,,0,,,,81.27,OK,,,,81.81,OK,,,,157.55,OK,,,,158.37,OK,,,,37.25,OK,,,,37.45,OK,,,,,,,,,,,,,,,,,
2410120507C,NEW KAPPAEX1.0,CM4P8,2024-10-12 12:30:11,18.684,26.76,OK,23.75,23.07,OK,23.29,22.96,OK,23.27,22.8,OK,21.97,21.68,OK,23.57,23.57,OK,22.12,21.84,OK,21.95,21.44,OK,0,0,,0,0,,0,OK,0,OK,0,OK,0,OK,0,OK,0,OK,0,OK,0,,0,,0,OK,0,OK,0,OK,0,OK,0,OK,0,OK,0,OK,0,,0,,,,54.61,OK,,,,54.38,OK,,,,-292.05,OK,,,,-291.49,OK,,,,170.5,OK,,,,173.56,OK,,,,,,,,,,,,,,,,,
2410120599D,ATKINSON 3.8 OCV,DM4P5,2024-10-12 12:30:25,18.994,23.61,OK,26.96,26.86,OK,25.87,25.75,OK,25.38,25.15,OK,24.98,24.91,OK,27.37,27.28,OK,26.47,26.4,OK,26.91,26.89,OK,0,0,,0,0,,12.25,OK,12.41,OK,12.32,OK,12.36,OK,12.29,OK,12.33,OK,12.46,OK,0,,0,,12.41,OK,12.48,OK,12.53,OK,12.54,OK,12.51,OK,12.51,OK,12.62,OK,0,,0,,,,81.81,OK,,,,81.56,OK,,,,158.21,OK,,,,158.41,OK,,,,37.82,OK,,,,37.73,OK,,,,,,,,,,,,,,,,,
2410120514C,NEW KAPPAEX1.0,CM1P5,2024-10-12 12:31:00,18.692,26.81,OK,24.14,23.95,OK,23.95,23.3,OK,23.97,23.81,OK,23.27,22.67,OK,23.25,22.99,OK,23.18,22.85,OK,22.43,22.2,OK,0,0,,0,0,,5.9,OK,6.74,OK,7.26,OK,7.38,OK,7.64,OK,7.19,OK,7.22,OK,0,,0,,6.71,OK,7.18,OK,6.88,OK,6.99,OK,6.48,OK,6.65,OK,6.51,OK,0,,0,,,,53.38,OK,,,,53.93,OK,,,,-292.85,OK,,,,-293,OK,,,,172.6,OK,,,,173.53,OK,,,,,,,,,,,,,,,,,
2410120601D,ATKINSON 3.8 OCV,DM5P1,2024-10-12 12:31:21,18.988,20.27,OK,25.94,25.76,OK,25.43,25.32,OK,25.55,25.22,OK,25.99,25.67,OK,25.76,25.6,OK,24.88,24.74,OK,23.81,23.62,OK,0,0,,0,0,,2.05,OK,2.73,OK,2.72,OK,2.65,OK,2.69,OK,2.67,OK,2.67,OK,0,,0,,0.82,OK,0.82,OK,0.88,OK,0.85,OK,0.84,OK,0.88,OK,0.83,OK,0,,0,,,,81.83,OK,,,,81.28,OK,,,,158.3,OK,,,,159.13,OK,,,,38.2,OK,,,,37.96,OK,,,,,,,,,,,,,,,,,
2410120513C,NEW KAPPAEX1.0,CM5P4,2024-10-12 12:31:48,18.696,26.98,OK,23.58,23.53,OK,21.1,20.83,OK,22.08,21.74,OK,20.43,20.33,OK,22.22,22.03,OK,22.7,22.44,OK,21.98,21.6,OK,0,0,,0,0,,2.49,OK,2.47,OK,2.48,OK,2.46,OK,2.54,OK,2.49,OK,2.48,OK,0,,0,,2.66,OK,2.41,OK,2.49,OK,2.47,OK,2.61,OK,2.55,OK,2.4,OK,0,,0,,,,53.34,OK,,,,52.59,OK,,,,-292.73,OK,,,,-292.57,OK,,,,173.17,OK,,,,172.16,OK,,,,,,,,,,,,,,,,,
2410120605D,ATKINSON 3.8 OCV,DM1P8,2024-10-12 12:32:16,18.984,23.82,OK,23.55,23.39,OK,25.48,25.39,OK,25.19,24.97,OK,26.27,26.23,OK,24.56,24.49,OK,25.08,25.03,OK,24.16,24.07,OK,0,0,,0,0,,11.43,OK,11.41,OK,11.43,OK,11.36,OK,11.51,OK,11.49,OK,11.5,OK,0,,0,,9.89,OK,10.24,OK,10.32,OK,10.39,OK,10.24,OK,10.12,OK,10.23,OK,0,,0,,,,81.43,OK,,,,81.47,OK,,,,158.03,OK,,,,158.42,OK,,,,37.39,OK,,,,37.62,OK,,,,,,,,,,,,,,,,,
2410120515C,NEW KAPPAEX1.0,CM2P9,2024-10-12 12:32:34,18.684,26.5,OK,22.03,21.82,OK,21.8,21.7,OK,23.03,22.52,OK,21.61,21.35,OK,22.03,21.98,OK,20.61,20.35,OK,20.84,20.21,OK,0,0,,0,0,,15.36,OK,15.36,OK,15.36,OK,15.36,OK,15.36,OK,15.36,OK,15.36,OK,0,,0,,15.36,OK,15.36,OK,15.36,OK,15.36,OK,15.36,OK,15.36,OK,15.36,OK,0,,0,,,,53.4,OK,,,,52.9,OK,,,,-292.67,OK,,,,-291.56,OK,,,,173.3,OK,,,,171.52,OK,,,,,,,,,,,,,,,,,
2410120606D,ATKINSON 3.8 OCV,DM2P5,2024-10-12 12:33:11,18.988,23.23,OK,29.21,29.08,OK,23.51,23.44,OK,24,23.85,OK,26.59,26.52,OK,27.87,27.8,OK,26.06,26.03,OK,25.16,25.11,OK,0,0,,0,0,,11.28,OK,10.77,OK,10.77,OK,10.78,OK,10.8,OK,10.81,OK,10.82,OK,0,,0,,10.38,OK,10.22,OK,10.33,OK,10.28,OK,10.45,OK,10.19,OK,10.18,OK,0,,0,,,,81.93,OK,,,,81.97,OK,,,,158.17,OK,,,,158.46,OK,,,,38.04,OK,,,,37.86,OK,,,,,,,,,,,,,,,,,
2410120516C,NEW KAPPAEX1.0,CM3P8,2024-10-12 12:33:23,18.695,27.37,OK,26.66,25.89,OK,23.31,22.85,OK,25.03,24.55,OK,25.46,24.73,OK,24.03,23.65,OK,23.74,23.1,OK,24.73,24.03,OK,0,0,,0,0,,0,OK,0,OK,0,OK,0,OK,0,OK,0,OK,0,OK,0,,0,,0,OK,0,OK,0,OK,0,OK,0,OK,0,OK,0,OK,0,,0,,,,52.09,OK,,,,53.04,OK,,,,-292.4,OK,,,,-292.45,OK,,,,171.31,OK,,,,172.31,OK,,,,,,,,,,,,,,,,,
2410120607D,ATKINSON 3.8 OCV,DM3P6,2024-10-12 12:34:06,18.988,23.81,OK,26.4,26.38,OK,25.89,25.84,OK,24.89,24.73,OK,24.38,24.29,OK,27.19,27.05,OK,26.65,26.56,OK,26.96,26.89,OK,0,0,,0,0,,11.42,OK,11.65,OK,11.8,OK,11.63,OK,11.7,OK,11.62,OK,11.71,OK,0,,0,,12.9,OK,12.84,OK,12.91,OK,12.87,OK,12.94,OK,12.89,OK,12.89,OK,0,,0,,,,82.51,OK,,,,82.74,OK,,,,157.28,OK,,,,157.22,OK,,,,37.38,OK,,,,37.77,OK,,,,,,,,,,,,,,,,,
2410120519C,NEW KAPPAEX1.0,CM1P1,2024-10-12 12:34:08,18.692,27.02,OK,25.12,25.05,OK,23.25,22.9,OK,23.25,23.09,OK,23.51,22.9,OK,23.69,23.65,OK,23.6,23.16,OK,23.51,23.3,OK,0,0,,0,0,,6.13,OK,6.86,OK,6.84,OK,6.79,OK,6.97,OK,6.98,OK,6.95,OK,0,,0,,6.24,OK,6.44,OK,6.57,OK,6.67,OK,6.84,OK,6.72,OK,6.45,OK,0,,0,,,,54.27,OK,,,,54.35,OK,,,,-293.57,OK,,,,-293.71,OK,,,,173.61,OK,,,,172.23,OK,,,,,,,,,,,,,,,,,
2410120520C,NEW KAPPAEX1.0,CM2P2,2024-10-12 12:34:57,18.686,28.66,OK,24.15,23.94,OK,22.99,22.45,OK,23.08,22.71,OK,22.4,22.15,OK,21.47,21.42,OK,20.77,20.51,OK,23.08,22.82,OK,0,0,,0,0,,15.36,OK,15.36,OK,15.36,OK,15.36,OK,15.36,OK,15.36,OK,15.36,OK,0,,0,,15.36,OK,15.36,OK,15.36,OK,15.36,OK,15.36,OK,15.36,OK,15.36,OK,0,,0,,,,53.67,OK,,,,53.4,OK,,,,-292.71,OK,,,,-292.34,OK,,,,172.13,OK,,,,173.09,OK,,,,,,,,,,,,,,,,,
2410120610D,ATKINSON 3.8 OCV,DM1P1,2024-10-12 12:35:02,18.992,23.2,OK,26.25,25.98,OK,26.36,26.32,OK,24.31,24.2,OK,26.65,26.59,OK,26.2,26.14,OK,25.21,25.17,OK,25.3,25.24,OK,0,0,,0,0,,11.42,OK,11.43,OK,11.43,OK,11.41,OK,11.44,OK,11.52,OK,11.68,OK,0,,0,,9.89,OK,10.31,OK,10.31,OK,10.35,OK,10.11,OK,10.17,OK,10.22,OK,0,,0,,,,82.14,OK,,,,82.12,OK,,,,157.72,OK,,,,158.19,OK,,,,37.36,OK,,,,37.52,OK,,,,,,,,,,,,,,,,,
2410120517C,NEW KAPPAEX1.0,CM4P3,2024-10-12 12:35:42,18.698,28.5,OK,25.22,24.94,OK,22.63,22.41,OK,24.32,23.64,OK,22.52,21.81,OK,24.15,24.04,OK,22.72,22.25,OK,23.31,22.89,OK,0,0,,0,0,,0,OK,0,OK,0,OK,0,OK,0,OK,0,OK,0,OK,0,,0,,0,OK,0,OK,0,OK,0,OK,0,OK,0,OK,0,OK,0,,0,,,,54.34,OK,,,,53.96,OK,,,,-293.56,OK,,,,-292.2,OK,,,,171.31,OK,,,,172.39,OK,,,,,,,,,,,,,,,,,
2410120611D,ATKINSON 3.8 OCV,DM2P3,2024-10-12 12:35:54,18.991,21.41,OK,26.25,26.13,OK,26.54,26.52,OK,24.02,23.76,OK,26.47,26.42,OK,27.46,27.36,OK,24.87,24.87,OK,25.35,25.31,OK,0,0,,0,0,,10.8,OK,10.78,OK,10.75,OK,10.86,OK,10.77,OK,10.8,OK,10.8,OK,0,,0,,10.38,OK,10.17,OK,10.33,OK,10.38,OK,10.35,OK,10.2,OK,10.17,OK,0,,0,,,,82.29,OK,,,,82.1,OK,,,,158.42,OK,,,,158.39,OK,,,,38.09,OK,,,,38.29,OK,,,,,,,,,,,,,,,,,
2410120518C,NEW KAPPAEX1.0,CM5P7,2024-10-12 12:36:31,18.687,27.45,OK,25.73,25.45,OK,21.48,21.34,OK,23.2,22.77,OK,20.24,20.05,OK,21.58,21.24,OK,22.41,21.98,OK,22.36,22.12,OK,0,0,,0,0,,2.46,OK,2.46,OK,2.44,OK,2.47,OK,2.44,OK,2.45,OK,2.46,OK,0,,0,,2.71,OK,2.44,OK,2.52,OK,2.57,OK,2.46,OK,2.5,OK,2.41,OK,0,,0,,,,53.51,OK,,,,53.94,OK,,,,-292.34,OK,,,,-292.9,OK,,,,172.24,OK,,,,172.36,OK,,,,,,,,,,,,,,,,,
2410120612D,ATKINSON 3.8 OCV,DM3P9,2024-10-12 12:36:46,18.986,23.31,OK,27.58,27.54,OK,27.16,27.12,OK,26.03,25.61,OK,25.49,25.45,OK,27.19,27.03,OK,26.61,26.56,OK,27.28,27.12,OK,0,0,,0,0,,11.64,OK,11.61,OK,11.63,OK,11.64,OK,11.66,OK,11.65,OK,11.71,OK,0,,0,,12.87,OK,12.81,OK,12.82,OK,12.78,OK,12.8,OK,12.79,OK,12.79,OK,0,,0,,,,81.7,OK,,,,81.7,OK,,,,157.97,OK,,,,158.56,OK,,,,37.8,OK,,,,37.43,OK,,,,,,,,,,,,,,,,,
2410120521C,NEW KAPPAEX1.0,CM3P4,2024-10-12 12:37:20,18.684,28.45,OK,28.15,27.47,OK,26.54,25.84,OK,26.97,26.5,OK,26.02,25.39,OK,25.86,25.5,OK,26.43,25.71,OK,25.05,24.3,OK,0,0,,0,0,,0,OK,0,OK,0,OK,0,OK,0,OK,0,OK,0,OK,0,,0,,0,OK,0,OK,0,OK,0,OK,0,OK,0,OK,0,OK,0,,0,,,,53.63,OK,,,,52.92,OK,,,,-293.65,OK,,,,-293.3,OK,,,,173.19,OK,,,,171.76,OK,,,,,,,,,,,,,,,,,
2410120608D,ATKINSON 3.8 OCV,DM4P2,2024-10-12 12:37:41,18.995,24.12,OK,25.73,25.59,OK,23.82,23.8,OK,24.08,23.89,OK,25.56,25.47,OK,25.1,25.05,OK,26.12,26.05,OK,24.43,24.38,OK,0,0,,0,0,,12.45,OK,12.05,OK,12.38,OK,12.33,OK,12.34,OK,12.45,OK,12.54,OK,0,,0,,12.42,OK,12.44,OK,12.2,OK,12.46,OK,12.48,OK,12.49,OK,12.45,OK,0,,0,,,,81.77,OK,,,,82.09,OK,,,,158.1,OK,,,,158.39,OK,,,,38.13,OK,,,,37.74,OK,,,,,,,,,,,,,,,,,
2410120522C,NEW KAPPAEX1.0,CM1P5,2024-10-12 12:38:08,18.69,27.75,OK,24.39,24.02,OK,21.17,20.57,OK,23.2,22.95,OK,21.85,21.31,OK,22.48,22.34,OK,23.02,22.48,OK,22.92,22.78,OK,0,0,,0,0,,5.95,OK,6.62,OK,6.69,OK,6.69,OK,6.8,OK,6.79,OK,6.8,OK,0,,0,,6.13,OK,6.64,OK,6.53,OK,6.72,OK,6.63,OK,7,OK,6.23,OK,0,,0,,,,53.79,OK,,,,55.01,OK,,,,-292.27,OK,,,,-293.21,OK,,,,173.85,OK,,,,173.51,OK,,,,,,,,,,,,,,,,,
2410120609D,ATKINSON 3.8 OCV,DM5P7,2024-10-12 12:38:39,18.993,21.32,OK,23.6,23.46,OK,24.99,24.85,OK,25.92,25.64,OK,25.87,25.69,OK,23.97,23.93,OK,25.6,25.46,OK,24.48,24.3,OK,0,0,,0,0,,2.2,OK,2.66,OK,2.65,OK,2.69,OK,2.83,OK,2.71,OK,2.71,OK,0,,0,,0.84,OK,0.85,OK,0.82,OK,0.82,OK,0.85,OK,0.85,OK,0.85,OK,0,,0,,,,81.31,OK,,,,82.23,OK,,,,158.34,OK,,,,158.86,OK,,,,38.06,OK,,,,38.17,OK,,,,,,,,,,,,,,,,,
2410120523C,NEW KAPPAEX1.0,CM2P9,2024-10-12 12:38:57,18.692,28.01,OK,22.36,22.24,OK,23.06,22.92,OK,24.46,24.11,OK,22.89,22.68,OK,23.17,23.06,OK,22.57,22.36,OK,23.59,23.22,OK,0,0,,0,0,,15.36,OK,15.36,OK,15.36,OK,15.36,OK,15.36,OK,15.36,OK,15.36,OK,0,,0,,15.36,OK,15.36,OK,15.36,OK,15.36,OK,15.36,OK,15.36,OK,15.36,OK,0,,0,,,,53.89,OK,,,,53.83,OK,,,,-293.03,OK,,,,-292.31,OK,,,,172.45,OK,,,,171.82,OK,,,,,,,,,,,,,,,,,
2410120613D,ATKINSON 3.8 OCV,DM1P5,2024-10-12 12:39:31,18.99,23.8,OK,26.34,26.32,OK,27.44,27.37,OK,25.03,24.83,OK,27.15,27.08,OK,26.43,26.36,OK,27.13,27.06,OK,25.39,25.33,OK,0,0,,0,0,,11.36,OK,11.45,OK,11.44,OK,11.42,OK,11.79,OK,11.47,OK,11.62,OK,0,,0,,9.88,OK,10.27,OK,10.22,OK,10.27,OK,10.24,OK,10.24,OK,9.92,OK,0,,0,,,,82.69,OK,,,,82.21,OK,,,,157.12,OK,,,,157.43,OK,,,,37.17,OK,,,,36.8,OK,,,,,,,,,,,,,,,,,
2410120524C,NEW KAPPAEX1.0,CM4P7,2024-10-12 12:39:49,18.699,27.66,OK,25.71,25.11,OK,21.57,21.11,OK,23.75,23.22,OK,21.73,21.42,OK,22.06,21.92,OK,23.16,22.36,OK,21.64,21.26,OK,0,0,,0,0,,0,OK,0,OK,0,OK,0,OK,0,OK,0,OK,0,OK,0,,0,,0,OK,0,OK,0,OK,0,OK,0,OK,0,OK,0,OK,0,,0,,,,53.53,OK,,,,52.95,OK,,,,-293.21,OK,,,,-292.49,OK,,,,172.61,OK,,,,173.66,OK,,,,,,,,,,,,,,,,,
2410120614D,ATKINSON 3.8 OCV,DM2P6,2024-10-12 12:40:27,18.998,21.82,OK,26.95,26.88,OK,24.14,24,OK,23.51,23.2,OK,25.69,25.67,OK,26.1,26.06,OK,24.29,24.24,OK,24.09,24,OK,0,0,,0,0,,10.8,OK,10.75,OK,10.79,OK,10.86,OK,10.78,OK,10.81,OK,10.79,OK,0,,0,,10.42,OK,10.33,OK,10.42,OK,10.23,OK,10.15,OK,10.21,OK,10.16,OK,0,,0,,,,83.41,OK,,,,83.57,OK,,,,157.08,OK,,,,156.64,OK,,,,37.29,OK,,,,37.72,OK,,,,,,,,,,,,,,,,,
2410120526C,NEW KAPPAEX1.0,CM3P8,2024-10-12 12:40:35,18.687,28.78,OK,30.19,29.37,OK,27.29,26.84,OK,25.98,25.57,OK,26.63,25.77,OK,25.37,24.98,OK,25.89,25.23,OK,25.59,25.21,OK,0,0,,0,0,,0,OK,0,OK,0,OK,0,OK,0,OK,0,OK,0,OK,0,,0,,0,OK,0,OK,0,OK,0,OK,0,OK,0,OK,0,OK,0,,0,,,,52.86,OK,,,,52.97,OK,,,,-292.62,OK,,,,-292.82,OK,,,,171.97,OK,,,,171.97,OK,,,,,,,,,,,,,,,,,
2410120615D,ATKINSON 3.8 OCV,DM3P2,2024-10-12 12:41:22,18.983,22.92,OK,25.75,25.7,OK,26.17,26.1,OK,24.66,24.54,OK,22.94,22.85,OK,25.63,25.59,OK,26.4,26.38,OK,24.87,24.82,OK,0,0,,0,0,,11.37,OK,11.65,OK,11.52,OK,11.73,OK,11.65,OK,11.69,OK,11.68,OK,0,,0,,12.86,OK,12.79,OK,12.62,OK,12.62,OK,12.82,OK,12.62,OK,12.61,OK,0,,0,,,,82.55,OK,,,,82.95,OK,,,,156.85,OK,,,,157.2,OK,,,,36.9,OK,,,,36.57,OK,,,,,,,,,,,,,,,,,
2410120525C,NEW KAPPAEX1.0,CM5P6,2024-10-12 12:41:23,18.698,28.4,OK,25.21,24.97,OK,22.72,22.55,OK,22.36,22.2,OK,21.05,21.03,OK,23.44,23.22,OK,22.65,22.08,OK,22.58,22.2,OK,0,0,,0,0,,2.49,OK,2.51,OK,2.49,OK,2.49,OK,2.48,OK,2.49,OK,2.49,OK,0,,0,,2.84,OK,2.76,OK,2.52,OK,2.52,OK,2.6,OK,2.53,OK,2.52,OK,0,,0,,,,54.44,OK,,,,52.58,OK,,,,-293.32,OK,,,,-293.14,OK,,,,171.67,OK,,,,172.48,OK,,,,,,,,,,,,,,,,,
2410120527C,NEW KAPPAEX1.0,CM1P1,2024-10-12 12:42:12,18.684,28.12,OK,26.42,26.24,OK,22.83,22.48,OK,23.86,23.62,OK,22.95,22.55,OK,22.6,22.46,OK,21.94,21.45,OK,22.57,22.34,OK,0,0,,0,0,,5.94,OK,6.79,OK,6.74,OK,6.9,OK,7.02,OK,7.11,OK,7.03,OK,0,,0,,5.97,OK,6.26,OK,6.48,OK,6.44,OK,6.51,OK,6.51,OK,6.4,OK,0,,0,,,,54.02,OK,,,,54.5,OK,,,,-294.03,OK,,,,-293.99,OK,,,,171.97,OK,,,,172.03,OK,,,,,,,,,,,,,,,,,
2410120616D,ATKINSON 3.8 OCV,DM4P4,2024-10-12 12:42:17,18.991,23.4,OK,24.2,24.06,OK,24.06,24.06,OK,23.36,23.1,OK,25.33,25.19,OK,24.64,24.52,OK,25.42,25.31,OK,25.22,25.15,OK,0,0,,0,0,,12.3,OK,12.3,OK,12.43,OK,12.47,OK,12.44,OK,12.43,OK,12.51,OK,0,,0,,12.45,OK,12.49,OK,12.49,OK,12.53,OK,12.52,OK,12.46,OK,12.47,OK,0,,0,,,,82.13,OK,,,,82.52,OK,,,,157.52,OK,,,,157.79,OK,,,,36.99,OK,,,,37.06,OK,,,,,,,,,,,,,,,,,
2410120528C,NEW KAPPAEX1.0,CM2P2,2024-10-12 12:52:59,18.692,27.46,OK,24.76,24.41,OK,22.1,21.94,OK,25.37,25.09,OK,25.09,24.9,OK,23.45,23.17,OK,22.29,21.98,OK,23.92,23.71,OK,0,0,,0,0,,15.36,OK,15.36,OK,15.36,OK,15.36,OK,15.36,OK,15.36,OK,15.36,OK,0,,0,,15.36,OK,15.36,OK,15.36,OK,15.36,OK,15.36,OK,15.36,OK,15.36,OK,0,,0,,,,152.87,NG,,,,153.69,NG,,,,-327.42,NG,,,,-327.45,NG,,,,86.41,NG,,,,86.99,NG,,,,,,,,,,,,,,,,,
2410120529C,NEW KAPPAEX1.0,CM4P4,2024-10-12 12:53:44,18.697,28.23,OK,27.56,26.76,OK,23.79,23.68,OK,25.71,25.36,OK,23.05,22.76,OK,25.69,25.66,OK,23,22.19,OK,23.46,22.69,OK,0,0,,0,0,,0,OK,0,OK,0,OK,0,OK,0,OK,0,OK,0,OK,0,,0,,0,OK,0,OK,0,OK,0,OK,0,OK,0,OK,0,OK,0,,0,,,,54.1,OK,,,,54.51,OK,,,,-293.22,OK,,,,-293.53,OK,,,,172.49,OK,,,,173.66,OK,,,,,,,,,,,,,,,,,
2410120530C,NEW KAPPAEX1.0,CM3P5,2024-10-12 12:54:33,18.697,28.31,OK,28.42,27.88,OK,27.06,26.63,OK,26.27,25.82,OK,26.32,25.59,OK,26.09,25.61,OK,26.47,25.91,OK,25.93,25.48,OK,0,0,,0,0,,0,OK,0,OK,0,OK,0,OK,0,OK,0,OK,0,OK,0,,0,,0,OK,0,OK,0,OK,0,OK,0,OK,0,OK,0,OK,0,,0,,,,53.05,OK,,,,53.43,OK,,,,-291.6,OK,,,,-291.59,OK,,,,172.8,OK,,,,171.41,OK,,,,,,,,,,,,,,,,,
2410120617D,ATKINSON 3.8 OCV,DM5P8,2024-10-12 12:55:11,18.999,21.96,OK,25.16,24.97,OK,24.85,24.76,OK,24.58,24.32,OK,24.71,24.58,OK,24.78,24.64,OK,24.46,24.32,OK,24.18,24,OK,0,0,,0,0,,2.11,OK,2.64,OK,2.63,OK,2.7,OK,2.75,OK,2.69,OK,2.67,OK,0,,0,,0.83,OK,0.85,OK,0.85,OK,0.86,OK,0.84,OK,0.87,OK,0.89,OK,0,,0,,,,81.94,OK,,,,82.06,OK,,,,157.77,OK,,,,158.37,OK,,,,37.16,OK,,,,37.26,OK,,,,,,,,,,,,,,,,,
2410120531C,NEW KAPPAEX1.0,CM5P3,2024-10-12 12:55:19,18.692,27.28,OK,25.54,25.23,OK,22.58,22.29,OK,22.82,22.67,OK,20.29,20.05,OK,22.39,22.1,OK,23.51,22.77,OK,22.75,22.34,OK,0,0,,0,0,,2.48,OK,2.47,OK,2.47,OK,2.45,OK,2.46,OK,2.48,OK,2.46,OK,0,,0,,2.9,OK,2.83,OK,2.47,OK,2.44,OK,2.52,OK,2.53,OK,2.52,OK,0,,0,,,,54.36,OK,,,,54.79,OK,,,,-293.21,OK,,,,-292.75,OK,,,,172.3,OK,,,,172.92,OK,,,,,,,,,,,,,,,,,
2410120618D,ATKINSON 3.8 OCV,DM1P7,2024-10-12 12:56:03,18.987,23.33,OK,27.67,27.49,OK,26.59,26.52,OK,24.9,24.63,OK,27.37,27.22,OK,25.46,25.44,OK,25.71,25.6,OK,25.91,25.82,OK,0,0,,0,0,,11.45,OK,11.42,OK,11.45,OK,11.4,OK,11.48,OK,11.47,OK,11.62,OK,0,,0,,10.01,OK,10.17,OK,10.34,OK,10.24,OK,10.08,OK,10.09,OK,10.14,OK,0,,0,,,,82.75,OK,,,,83.48,OK,,,,157.39,OK,,,,157.46,OK,,,,36.8,OK,,,,37.07,OK,,,,,,,,,,,,,,,,,
2410120532C,NEW KAPPAEX1.0,CM1P9,2024-10-12 12:56:08,18.69,27.46,OK,24.86,24.6,OK,22.74,22.43,OK,24.23,24.09,OK,22.74,22.27,OK,23.51,23.48,OK,23.55,22.78,OK,23.83,23.46,OK,0,0,,0,0,,5.96,OK,7.08,OK,7.01,OK,7.08,OK,7.26,OK,7.26,OK,7.17,OK,0,,0,,6.25,OK,6.35,OK,6.69,OK,6.6,OK,6.59,OK,6.7,OK,6.55,OK,0,,0,,,,54.78,OK,,,,53.98,OK,,,,-295.07,OK,,,,-294.06,OK,,,,172.09,OK,,,,172.99,OK,,,,,,,,,,,,,,,,,
2410120533C,NEW KAPPAEX1.0,CM2P6,2024-10-12 12:57:00,18.682,27.05,OK,23.15,22.92,OK,23.76,23.62,OK,23.71,23.41,OK,22.24,21.59,OK,22.4,22.31,OK,22.12,21.66,OK,23.57,22.92,OK,0,0,,0,0,,15.36,OK,15.36,OK,15.36,OK,15.36,OK,15.36,OK,15.36,OK,15.36,OK,0,,0,,15.36,OK,15.36,OK,15.36,OK,15.36,OK,15.36,OK,15.36,OK,15.36,OK,0,,0,,,,54.24,OK,,,,54.28,OK,,,,-293.03,OK,,,,-292.04,OK,,,,173.28,OK,,,,173.25,OK,,,,,,,,,,,,,,,,,
2410120619D,ATKINSON 3.8 OCV,DM2P1,2024-10-12 12:57:47,18.986,23.62,OK,27.49,27.34,OK,25.16,25.11,OK,25.11,24.82,OK,28.77,28.74,OK,27.99,27.92,OK,23.73,23.68,OK,25.14,25.06,OK,0,0,,0,0,,11.27,OK,10.78,OK,10.79,OK,10.78,OK,10.82,OK,10.83,OK,10.82,OK,0,,0,,10.21,OK,10.26,OK,10.2,OK,10.18,OK,10.2,OK,10.18,OK,10.2,OK,0,,0,,,,82.77,OK,,,,83.07,OK,,,,157.38,OK,,,,157.65,OK,,,,37.15,OK,,,,37.18,OK,,,,,,,,,,,,,,,,,
2410120534C,NEW KAPPAEX1.0,CM4P7,2024-10-12 12:57:48,18.695,27.51,OK,26.94,26.21,OK,21.75,21.22,OK,23.93,23.42,OK,21.62,21.18,OK,24.7,24.59,OK,22.19,21.79,OK,21.99,21.57,OK,0,0,,0,0,,0,OK,0,OK,0,OK,0,OK,0,OK,0,OK,0,OK,0,,0,,0,OK,0,OK,0,OK,0,OK,0,OK,0,OK,0,OK,0,,0,,,,54.07,OK,,,,53.66,OK,,,,-293.32,OK,,,,-293.29,OK,,,,173.3,OK,,,,174.05,OK,,,,,,,,,,,,,,,,,
2410120620D,ATKINSON 3.8 OCV,DM3P3,2024-10-12 12:58:48,18.985,23.5,OK,27.63,27.51,OK,27.26,27.14,OK,27.42,27.16,OK,24.71,24.64,OK,26.58,26.26,OK,25.94,25.87,OK,26.28,26.21,OK,0,0,,0,0,,11.57,OK,11.59,OK,11.48,OK,11.91,OK,11.66,OK,11.65,OK,11.65,OK,0,,0,,12.81,OK,12.81,OK,12.71,OK,12.6,OK,12.91,OK,12.74,OK,12.67,OK,0,,0,,,,83.01,OK,,,,82.64,OK,,,,157.23,OK,,,,157.43,OK,,,,36.74,OK,,,,37.08,OK,,,,,,,,,,,,,,,,,
2410120535C,NEW KAPPAEX1.0,CM3P8,2024-10-12 12:59:03,18.691,26.93,OK,27.15,26.5,OK,24.82,24.44,OK,25.91,25.48,OK,25.28,24.64,OK,24.39,24.05,OK,24.57,24.08,OK,26.75,25.95,OK,0,0,,0,0,,0,OK,0,OK,0,OK,0,OK,0,OK,0,OK,0,OK,0,,0,,0,OK,0,OK,0,OK,0,OK,0,OK,0,OK,0,OK,0,,0,,,,52.18,OK,,,,52.99,OK,,,,-291.45,OK,,,,-292.67,OK,,,,172.61,OK,,,,172.36,OK,,,,,,,,,,,,,,,,,
2410120621D,ATKINSON 3.8 OCV,DM4P9,2024-10-12 13:00:36,18.997,22.97,OK,24.1,23.89,OK,23.38,23.29,OK,24.5,24.33,OK,25.49,25.45,OK,24.64,24.64,OK,24.71,24.64,OK,23.78,23.68,OK,0,0,,0,0,,12.29,OK,12.42,OK,12.33,OK,12.44,OK,12.49,OK,12.48,OK,12.49,OK,0,,0,,12.46,OK,12.47,OK,12.49,OK,12.49,OK,12.48,OK,12.46,OK,12.49,OK,0,,0,,,,82.4,OK,,,,82.37,OK,,,,158.2,OK,,,,158.07,OK,,,,37.88,OK,,,,37.24,OK,,,,,,,,,,,,,,,,,
2410120536C,NEW KAPPAEX1.0,CM5P1,2024-10-12 13:00:37,18.69,27.41,OK,24.7,24.49,OK,21.67,21.5,OK,21.93,21.67,OK,21.41,21.17,OK,22.58,22.39,OK,23.03,22.75,OK,22.63,22.27,OK,0,0,,0,0,,2.5,OK,2.48,OK,2.46,OK,2.43,OK,2.47,OK,2.49,OK,2.48,OK,0,,0,,2.66,OK,2.5,OK,2.51,OK,2.52,OK,2.64,OK,2.51,OK,2.45,OK,0,,0,,,,55.33,OK,,,,53.4,OK,,,,-292.75,OK,,,,-292.31,OK,,,,171.7,OK,,,,173.1,OK,,,,,,,,,,,,,,,,,
2410120537C,NEW KAPPAEX1.0,CM1P2,2024-10-12 13:01:26,18.695,27.33,OK,26.19,25.96,OK,22.81,22.41,OK,23.69,23.44,OK,21.29,20.89,OK,21.92,21.73,OK,23.39,22.5,OK,23.34,23.18,OK,0,0,,0,0,,5.96,OK,6.73,OK,6.86,OK,6.84,OK,7.16,OK,7.01,OK,6.86,OK,0,,0,,6.08,OK,6.33,OK,6.24,OK,6.41,OK,6.37,OK,6.58,OK,6.39,OK,0,,0,,,,54.38,OK,,,,54.81,OK,,,,-291.93,OK,,,,-293.29,OK,,,,172.91,OK,,,,172.76,OK,,,,,,,,,,,,,,,,,
2410120622D,ATKINSON 3.8 OCV,DM5P5,2024-10-12 13:01:28,18.995,24.13,OK,27.06,26.92,OK,26.11,25.94,OK,24.13,23.79,OK,25.48,25.22,OK,25.27,25.16,OK,25.34,25.2,OK,24.71,24.53,OK,0,0,,0,0,,2.2,OK,2.64,OK,2.65,OK,2.76,OK,2.67,OK,2.7,OK,2.65,OK,0,,0,,0.88,OK,0.84,OK,0.84,OK,0.82,OK,0.82,OK,0.85,OK,0.87,OK,0,,0,,,,82.66,OK,,,,82.34,OK,,,,157.69,OK,,,,158.38,OK,,,,37.95,OK,,,,37.79,OK,,,,,,,,,,,,,,,,,
2410120538C,NEW KAPPAEX1.0,CM2P4,2024-10-12 13:02:11,18.695,26.97,OK,23.83,23.64,OK,22.78,22.66,OK,23.94,23.62,OK,22.71,22.52,OK,23.97,23.85,OK,22.08,21.66,OK,24.36,23.99,OK,0,0,,0,0,,15.36,OK,15.36,OK,15.36,OK,15.36,OK,15.36,OK,15.36,OK,15.36,OK,0,,0,,15.36,OK,15.36,OK,15.36,OK,15.36,OK,15.36,OK,15.36,OK,15.36,OK,0,,0,,,,54.04,OK,,,,51.59,OK,,,,-292.3,OK,,,,-291.6,OK,,,,171.84,OK,,,,171.9,OK,,,,,,,,,,,,,,,,,
2410120539C,NEW KAPPAEX1.0,CM4P5,2024-10-12 13:03:00,18.696,26.73,OK,27.12,26.5,OK,22.61,22.19,OK,24.81,24.26,OK,23.09,22.52,OK,24.41,24.21,OK,22.67,22.03,OK,23.44,22.98,OK,0,0,,0,0,,0,OK,0,OK,0,OK,0,OK,0,OK,0,OK,0,OK,0,,0,,0,OK,0,OK,0,OK,0,OK,0,OK,0,OK,0,OK,0,,0,,,,55.13,OK,,,,53.46,OK,,,,-293.66,OK,,,,-292.22,OK,,,,173.08,OK,,,,173.31,OK,,,,,,,,,,,,,,,,,
2410120623D,ATKINSON 3.8 OCV,DM1P6,2024-10-12 13:03:15,18.994,23.01,OK,24.76,24.54,OK,27.49,27.42,OK,24.25,23.84,OK,28.25,28.12,OK,26.29,26.07,OK,26.63,26.54,OK,26.86,26.79,OK,0,0,,0,0,,11.39,OK,11.42,OK,11.42,OK,11.64,OK,11.5,OK,11.73,OK,11.47,OK,0,,0,,9.96,OK,10.39,OK,10.33,OK,10.34,OK,10.35,OK,10.28,OK,10.34,OK,0,,0,,,,83.51,OK,,,,83.16,OK,,,,156.88,OK,,,,156.96,OK,,,,36.72,OK,,,,37.02,OK,,,,,,,,,,,,,,,,,
2410120540C,NEW KAPPAEX1.0,CM3P3,2024-10-12 13:03:46,18.696,26.73,OK,30.39,29.58,OK,25.3,24.44,OK,26.18,25.73,OK,26.79,25.95,OK,25.12,24.82,OK,25.77,25.03,OK,25.68,25.05,OK,0,0,,0,0,,0,OK,0,OK,0,OK,0,OK,0,OK,0,OK,0,OK,0,,0,,0,OK,0,OK,0,OK,0,OK,0,OK,0,OK,0,OK,0,,0,,,,53.52,OK,,,,52.38,OK,,,,-293.18,OK,,,,-292.07,OK,,,,172.59,OK,,,,172.23,OK,,,,,,,,,,,,,,,,,
2410120624D,ATKINSON 3.8 OCV,DM2P2,2024-10-12 13:04:30,18.988,24.87,OK,27.9,27.9,OK,25.43,25.38,OK,24.46,24.34,OK,25.79,25.77,OK,25.38,25.31,OK,24.89,24.85,OK,24.38,24.36,OK,0,0,,0,0,,10.77,OK,10.79,OK,10.75,OK,10.77,OK,10.81,OK,10.78,OK,10.81,OK,0,,0,,10.25,OK,10.2,OK,10.24,OK,10.18,OK,10.15,OK,10.19,OK,10.19,OK,0,,0,,,,82.43,OK,,,,82.83,OK,,,,157.25,OK,,,,157.56,OK,,,,37.25,OK,,,,37.14,OK,,,,,,,,,,,,,,,,,
2410120542C,NEW KAPPAEX1.0,CM1P9,2024-10-12 13:04:35,18.687,26.61,OK,23.46,23.34,OK,22.67,22.01,OK,22.5,22.29,OK,23.04,22.46,OK,22.39,22.36,OK,23.11,22.81,OK,24.65,24.46,OK,0,0,,0,0,,6.14,OK,6.81,OK,6.71,OK,6.8,OK,6.97,OK,7.01,OK,6.96,OK,0,,0,,6.16,OK,6.31,OK,6.47,OK,6.68,OK,6.69,OK,6.65,OK,6.7,OK,0,,0,,,,55.66,OK,,,,54.67,OK,,,,-293.56,OK,,,,-293.56,OK,,,,172.09,OK,,,,173.11,OK,,,,,,,,,,,,,,,,,
2410120625D,ATKINSON 3.8 OCV,DM3P4,2024-10-12 13:05:22,18.999,22.97,OK,25.17,25.08,OK,26.45,26.42,OK,25.7,25.22,OK,24.89,24.82,OK,26.61,26.47,OK,26.35,26.26,OK,27.42,27.26,OK,0,0,,0,0,,11.63,OK,11.59,OK,11.44,OK,11.63,OK,11.64,OK,11.66,OK,11.62,OK,0,,0,,12.82,OK,12.8,OK,12.83,OK,12.81,OK,12.91,OK,12.81,OK,12.75,OK,0,,0,,,,82.27,OK,,,,83.13,OK,,,,156.76,OK,,,,157.64,OK,,,,36.52,OK,,,,36.74,OK,,,,,,,,,,,,,,,,,
2410120543C,NEW KAPPAEX1.0,CM2P6,2024-10-12 13:05:23,18.69,26.81,OK,25.3,25.06,OK,21.68,21.42,OK,24.5,24.11,OK,22.5,22.29,OK,22.47,22.4,OK,22.08,21.87,OK,23.01,22.8,OK,0,0,,0,0,,15.36,OK,15.36,OK,15.36,OK,15.36,OK,15.36,OK,15.36,OK,15.36,OK,0,,0,,15.36,OK,15.36,OK,15.36,OK,15.36,OK,15.36,OK,15.36,OK,15.36,OK,0,,0,,,,53.55,OK,,,,53.98,OK,,,,-293.14,OK,,,,-293.31,OK,,,,173.21,OK,,,,173.05,OK,,,,,,,,,,,,,,,,,
2410120545C,NEW KAPPAEX1.0,CM3P7,2024-10-12 13:06:09,18.692,26.2,OK,25.14,24.46,OK,25.55,24.46,OK,26.41,26,OK,24.96,24.28,OK,25.84,25.34,OK,24.89,23.67,OK,24.78,24.17,OK,0,0,,0,0,,0,OK,0,OK,0,OK,0,OK,0,OK,0,OK,0,OK,0,,0,,0,OK,0,OK,0,OK,0,OK,0,OK,0,OK,0,OK,0,,0,,,,52.58,OK,,,,53.26,OK,,,,-291.98,OK,,,,-291.66,OK,,,,172.7,OK,,,,172.57,OK,,,,,,,,,,,,,,,,,
2410120626D,ATKINSON 3.8 OCV,DM4P8,2024-10-12 13:06:20,18.996,23.45,OK,23.57,23.41,OK,24.06,24.01,OK,23.08,22.55,OK,26.17,25.94,OK,24.89,24.75,OK,26.1,25.98,OK,23.66,23.59,OK,0,0,,0,0,,12.3,OK,12.39,OK,12.46,OK,12.15,OK,12.49,OK,12.45,OK,12.55,OK,0,,0,,12.45,OK,12.48,OK,12.5,OK,12.46,OK,12.48,OK,12.43,OK,12.47,OK,0,,0,,,,81.63,OK,,,,82.03,OK,,,,158.16,OK,,,,158.03,OK,,,,37.32,OK,,,,37.51,OK,,,,,,,,,,,,,,,,,
2410120544C,NEW KAPPAEX1.0,CM4P8,2024-10-12 13:06:58,18.683,25.58,OK,24.52,23.77,OK,21.9,21.33,OK,23.33,23.05,OK,22.63,22.23,OK,24.21,24.19,OK,22.8,22.47,OK,22.91,22.47,OK,0,0,,0,0,,0,OK,0,OK,0,OK,0,OK,0,OK,0,OK,0,OK,0,,0,,0,OK,0,OK,0,OK,0,OK,0,OK,0,OK,0,OK,0,,0,,,,53.96,OK,,,,54.48,OK,,,,-292.51,OK,,,,-292.1,OK,,,,170.94,OK,,,,172.47,OK,,,,,,,,,,,,,,,,,
2410120541C,NEW KAPPAEX1.0,CM5P2,2024-10-12 13:07:43,18.693,27.52,OK,25.25,25.13,OK,22.67,22.39,OK,23.06,22.77,OK,20.91,20.81,OK,21.34,21.22,OK,23.8,23.25,OK,21.46,21.05,OK,0,0,,0,0,,2.45,OK,2.5,OK,2.46,OK,2.46,OK,2.46,OK,2.47,OK,2.46,OK,0,,0,,2.8,OK,2.73,OK,2.46,OK,2.45,OK,2.48,OK,2.52,OK,2.44,OK,0,,0,,,,54.47,OK,,,,52.97,OK,,,,-292.02,OK,,,,-293.15,OK,,,,173.17,OK,,,,171.64,OK,,,,,,,,,,,,,,,,,
2410120546C,NEW KAPPAEX1.0,CM1P4,2024-10-12 13:08:29,18.692,26.2,OK,23.55,23.3,OK,23.44,22.88,OK,24.7,24.49,OK,22.27,21.85,OK,22.92,22.9,OK,23.65,23.18,OK,22.43,22.29,OK,0,0,,0,0,,5.86,OK,6.66,OK,6.81,OK,6.77,OK,7.06,OK,7.67,OK,7.29,OK,0,,0,,6.37,OK,6.81,OK,6.9,OK,7.19,OK,6.42,OK,6.76,OK,6.22,OK,0,,0,,,,53.86,OK,,,,53.46,OK,,,,-292.63,OK,,,,-292.72,OK,,,,171.94,OK,,,,172.38,OK,,,,,,,,,,,,,,,,,
2410120547C,NEW KAPPAEX1.0,CM2P3,2024-10-12 13:09:17,18.688,27.01,OK,24.53,24.34,OK,23.59,23.29,OK,25.04,24.78,OK,23.01,22.78,OK,22.99,22.96,OK,22.12,21.38,OK,23.17,22.87,OK,0,0,,0,0,,15.36,OK,15.36,OK,15.36,OK,15.36,OK,15.36,OK,15.36,OK,15.36,OK,0,,0,,15.36,OK,15.36,OK,15.36,OK,15.36,OK,15.36,OK,15.36,OK,15.36,OK,0,,0,,,,53.83,OK,,,,52.76,OK,,,,-291.89,OK,,,,-292.23,OK,,,,172.48,OK,,,,172.62,OK,,,,,,,,,,,,,,,,,
2410120548C,NEW KAPPAEX1.0,CM3P5,2024-10-12 13:10:09,18.696,26.9,OK,27.86,27.09,OK,25.84,25.28,OK,25.21,24.66,OK,25.03,24.42,OK,23.83,23.44,OK,27,26.29,OK,27.15,26.27,OK,0,0,,0,0,,0,OK,0,OK,0,OK,0,OK,0,OK,0,OK,0,OK,0,,0,,0,OK,0,OK,0,OK,0,OK,0,OK,0,OK,0,OK,0,,0,,,,52.92,OK,,,,53.09,OK,,,,-292.69,OK,,,,-291.48,OK,,,,173.41,OK,,,,171.81,OK,,,,,,,,,,,,,,,,,
2410120549C,NEW KAPPAEX1.0,CM4P1,2024-10-12 13:10:58,18.693,24.66,OK,25.03,24.48,OK,23.49,23.09,OK,24.45,23.95,OK,23.33,23.11,OK,24.98,24.92,OK,24.06,23.22,OK,23.73,23.46,OK,0,0,,0,0,,0,OK,0,OK,0,OK,0,OK,0,OK,0,OK,0,OK,0,,0,,0,OK,0,OK,0,OK,0,OK,0,OK,0,OK,0,OK,0,,0,,,,54.48,OK,,,,53.94,OK,,,,-292.58,OK,,,,-293.06,OK,,,,171.95,OK,,,,173.42,OK,,,,,,,,,,,,,,,,,
2410120551C,NEW KAPPAEX1.0,CM1P6,2024-10-12 13:11:47,18.696,26.61,OK,24.77,24.63,OK,21.71,21.38,OK,23.44,23.16,OK,21.5,20.8,OK,23.37,23.18,OK,21.78,21.36,OK,22.74,22.41,OK,0,0,,0,0,,6.12,OK,6.75,OK,6.78,OK,6.82,OK,6.94,OK,7.01,OK,6.97,OK,0,,0,,6.17,OK,6.58,OK,6.51,OK,6.58,OK,6.64,OK,6.73,OK,6.89,OK,0,,0,,,,52.09,OK,,,,53.71,OK,,,,-292.46,OK,,,,-293.56,OK,,,,174.38,OK,,,,173.22,OK,,,,,,,,,,,,,,,,,
2410120552C,NEW KAPPAEX1.0,CM2P7,2024-10-12 13:12:32,18.684,27.03,OK,25.65,25.51,OK,22.38,21.98,OK,23.59,23.24,OK,22.59,22.05,OK,23.69,23.66,OK,22.03,21.59,OK,22.01,21.87,OK,0,0,,0,0,,15.36,OK,15.36,OK,15.36,OK,15.36,OK,15.36,OK,15.36,OK,15.36,OK,0,,0,,15.36,OK,15.36,OK,15.36,OK,15.36,OK,15.36,OK,15.36,OK,15.36,OK,0,,0,,,,53.91,OK,,,,53.76,OK,,,,-292.11,OK,,,,-292.72,OK,,,,170.89,OK,,,,171.8,OK,,,,,,,,,,,,,,,,,
2410120550C,NEW KAPPAEX1.0,CM5P9,2024-10-12 13:13:21,18.693,24.66,OK,25.9,25.68,OK,21.05,20.91,OK,21.69,21.43,OK,19.74,19.57,OK,21.89,21.74,OK,21.86,21.58,OK,21.79,21.58,OK,0,0,,0,0,,2.44,OK,2.45,OK,2.48,OK,2.46,OK,2.46,OK,2.45,OK,2.45,OK,0,,0,,2.73,OK,2.49,OK,2.56,OK,2.71,OK,2.52,OK,2.52,OK,2.4,OK,0,,0,,,,54.11,OK,,,,53.81,OK,,,,-292.98,OK,,,,-292.45,OK,,,,171.84,OK,,,,173.31,OK,,,,,,,,,,,,,,,,,
2410120553C,NEW KAPPAEX1.0,CM3P8,2024-10-12 13:14:07,18.688,25.06,OK,25.37,24.69,OK,25.28,24.44,OK,26.84,26.25,OK,26.04,25.21,OK,26.23,25.66,OK,26,25.03,OK,27.27,26.47,OK,0,0,,0,0,,0,OK,0,OK,0,OK,0,OK,0,OK,0,OK,0,OK,0,,0,,0,OK,0,OK,0,OK,0,OK,0,OK,0,OK,0,OK,0,,0,,,,52.49,OK,,,,52.57,OK,,,,-293.3,OK,,,,-292.28,OK,,,,172.9,OK,,,,173,OK,,,,,,,,,,,,,,,,,
2410120554C,NEW KAPPAEX1.0,CM4P4,2024-10-12 13:14:55,18.695,26.07,OK,26.3,25.4,OK,23,22.65,OK,24.23,23.84,OK,22.67,22.32,OK,24.28,24.19,OK,22.87,22.56,OK,23.68,23.11,OK,0,0,,0,0,,0,OK,0,OK,0,OK,0,OK,0,OK,0,OK,0,OK,0,,0,,0,OK,0,OK,0,OK,0,OK,0,OK,0,OK,0,OK,0,,0,,,,53.31,OK,,,,53.88,OK,,,,-293.85,OK,,,,-292.54,OK,,,,172.05,OK,,,,173.84,OK,,,,,,,,,,,,,,,,,
2410120555C,NEW KAPPAEX1.0,CM1P3,2024-10-12 13:15:47,18.687,26.83,OK,25.16,25,OK,23.2,22.74,OK,22.85,22.69,OK,22.06,21.48,OK,22.6,22.41,OK,22.74,22.36,OK,22.2,21.99,OK,0,0,,0,0,,6.16,OK,6.78,OK,6.69,OK,6.8,OK,6.89,OK,6.98,OK,6.99,OK,0,,0,,6.14,OK,6.48,OK,6.69,OK,6.69,OK,6.84,OK,7,OK,6.62,OK,0,,0,,,,55.11,OK,,,,56,NG,,,,-292.94,OK,,,,-293.89,OK,,,,174.5,OK,,,,172.57,OK,,,,,,,,,,,,,,,,,
2410120556C,NEW KAPPAEX1.0,CM2P5,2024-10-12 13:16:33,18.687,27.2,OK,26.04,25.83,OK,23.64,23.43,OK,24.39,24.11,OK,23.87,23.71,OK,20.54,20.3,OK,22.45,22.26,OK,22.66,22.43,OK,0,0,,0,0,,15.36,OK,15.36,OK,15.36,OK,15.36,OK,15.36,OK,15.36,OK,15.36,OK,0,,0,,15.36,OK,15.36,OK,15.36,OK,15.36,OK,15.36,OK,15.36,OK,15.36,OK,0,,0,,,,53.09,OK,,,,53.55,OK,,,,-293.15,OK,,,,-291.95,OK,,,,171.57,OK,,,,173.19,OK,,,,,,,,,,,,,,,,,
2410120558C,NEW KAPPAEX1.0,CM3P9,2024-10-12 13:17:18,18.698,26.61,OK,26.59,25.39,OK,26.07,25.66,OK,26.07,25.57,OK,25.18,24.32,OK,25.34,24.91,OK,24.39,23.76,OK,26.59,25.77,OK,0,0,,0,0,,0,OK,0,OK,0,OK,0,OK,0,OK,0,OK,0,OK,0,,0,,0,OK,0,OK,0,OK,0,OK,0,OK,0,OK,0,OK,0,,0,,,,51.92,OK,,,,51.93,OK,,,,-292.94,OK,,,,-291.92,OK,,,,172.79,OK,,,,172.97,OK,,,,,,,,,,,,,,,,,
2410120559C,NEW KAPPAEX1.0,CM4P1,2024-10-12 13:18:07,18.688,25.71,OK,26.68,25.97,OK,24.59,24.28,OK,24.83,24.28,OK,23.9,23.55,OK,25.53,25.44,OK,23.84,23.38,OK,23.77,23.31,OK,0,0,,0,0,,0,OK,0,OK,0,OK,0,OK,0,OK,0,OK,0,OK,0,,0,,0,OK,0,OK,0,OK,0,OK,0,OK,0,OK,0,OK,0,,0,,,,54.46,OK,,,,54.42,OK,,,,-292.33,OK,,,,-292.21,OK,,,,172.77,OK,,,,172.21,OK,,,,,,,,,,,,,,,,,
2410120557C,NEW KAPPAEX1.0,CM5P2,2024-10-12 13:18:52,18.687,26.93,OK,25.06,24.73,OK,22.55,22.2,OK,22.34,21.98,OK,20.12,19.93,OK,22.48,22.1,OK,22.24,21.79,OK,22.63,22.29,OK,0,0,,0,0,,2.48,OK,2.44,OK,2.45,OK,2.43,OK,2.45,OK,2.49,OK,2.46,OK,0,,0,,2.68,OK,2.42,OK,2.45,OK,2.46,OK,2.56,OK,2.76,OK,2.4,OK,0,,0,,,,53.98,OK,,,,53.55,OK,,,,-292.76,OK,,,,-292.4,OK,,,,172.85,OK,,,,171.73,OK,,,,,,,,,,,,,,,,,
2410120560C,NEW KAPPAEX1.0,CM1P6,2024-10-12 13:19:41,18.69,27.38,OK,22.6,22.36,OK,22.6,22.18,OK,23.55,23.34,OK,23.32,22.62,OK,22.85,22.71,OK,23.44,22.92,OK,21.71,21.06,OK,0,0,,0,0,,5.98,OK,6.88,OK,6.83,OK,6.94,OK,7.03,OK,7.03,OK,7.01,OK,0,,0,,5.94,OK,6.42,OK,6.45,OK,6.61,OK,6.86,OK,6.73,OK,6.45,OK,0,,0,,,,52.58,OK,,,,54.59,OK,,,,-292.32,OK,,,,-293.32,OK,,,,174.42,OK,,,,173.47,OK,,,,,,,,,,,,,,,,,
2410120561C,NEW KAPPAEX1.0,CM2P8,2024-10-12 13:20:30,18.688,27.16,OK,23.83,23.66,OK,22.75,22.12,OK,23.71,23.41,OK,23.08,22.85,OK,22.82,22.75,OK,21.91,21.73,OK,24.04,23.59,OK,0,0,,0,0,,15.36,OK,15.36,OK,15.36,OK,15.36,OK,15.36,OK,15.36,OK,15.36,OK,0,,0,,15.36,OK,15.36,OK,15.36,OK,15.36,OK,15.36,OK,15.36,OK,15.36,OK,0,,0,,,,53.72,OK,,,,53.25,OK,,,,-292.48,OK,,,,-291.68,OK,,,,171.68,OK,,,,172.78,OK,,,,,,,,,,,,,,,,,
2410120562C,NEW KAPPAEX1.0,CM3P4,2024-10-12 13:21:22,18.687,26.3,OK,26.29,25.57,OK,26.41,25.91,OK,25,24.48,OK,25.34,24.62,OK,24.8,24.35,OK,25.34,24.1,OK,25.66,24.87,OK,0,0,,0,0,,0,OK,0,OK,0,OK,0,OK,0,OK,0,OK,0,OK,0,,0,,0,OK,0,OK,0,OK,0,OK,0,OK,0,OK,0,OK,0,,0,,,,159.37,NG,,,,160.46,NG,,,,-279.83,NG,,,,-280.39,NG,,,,38.13,NG,,,,40,NG,,,,,,,,,,,,,,,,,
2410120563C,NEW KAPPAEX1.0,CM4P3,2024-10-12 13:22:07,18.688,26.12,OK,24.92,24.59,OK,23.42,23.11,OK,23.99,23.31,OK,22.85,22.52,OK,23.73,23.68,OK,23.53,23.11,OK,22.45,21.99,OK,0,0,,0,0,,0,OK,0,OK,0,OK,0,OK,0,OK,0,OK,0,OK,0,,0,,0,OK,0,OK,0,OK,0,OK,0,OK,0,OK,0,OK,0,,0,,,,54.65,OK,,,,54.4,OK,,,,-293.93,OK,,,,-292.29,OK,,,,171.95,OK,,,,173.28,OK,,,,,,,,,,,,,,,,,
2410120564C,NEW KAPPAEX1.0,CM5P7,2024-10-12 13:22:53,18.693,26.42,OK,25.16,24.92,OK,22.98,22.7,OK,23.46,23.1,OK,19.69,19.54,OK,22.32,22.15,OK,23.15,22.87,OK,23.87,23.51,OK,0,0,,0,0,,2.52,OK,2.49,OK,2.47,OK,2.46,OK,2.48,OK,2.47,OK,2.52,OK,0,,0,,3.12,OK,2.48,OK,2.5,OK,2.48,OK,2.56,OK,2.58,OK,2.58,OK,0,,0,,,,53.25,OK,,,,53.18,OK,,,,-292.69,OK,,,,-292.55,OK,,,,172.83,OK,,,,172.74,OK,,,,,,,,,,,,,,,,,
2410120627D,ATKINSON 3.8 OCV,DM5P7,2024-10-12 13:30:52,18.998,22.88,OK,23.72,23.58,OK,24.62,24.58,OK,26.13,25.8,OK,25.39,25.25,OK,25.04,24.85,OK,25.27,25.09,OK,23.88,23.79,OK,0,0,,0,0,,2.09,OK,2.74,OK,2.71,OK,2.65,OK,2.71,OK,2.69,OK,2.68,OK,0,,0,,0.83,OK,0.83,OK,0.87,OK,0.88,OK,0.84,OK,0.87,OK,0.85,OK,0,,0,,,,82.85,OK,,,,82.76,OK,,,,157.52,OK,,,,157.81,OK,,,,37.3,OK,,,,37.31,OK,,,,,,,,,,,,,,,,,
2410120628D,ATKINSON 3.8 OCV,DM1P1,2024-10-12 13:31:44,18.991,24.01,OK,24.99,24.94,OK,28.09,27.76,OK,24.97,24.61,OK,26.61,26.2,OK,25.37,25.3,OK,25.51,25.46,OK,25.78,25.73,OK,0,0,,0,0,,11.35,OK,11.46,OK,11.4,OK,11.46,OK,11.54,OK,11.52,OK,11.49,OK,0,,0,,9.79,OK,10.18,OK,10.27,OK,10.32,OK,10.21,OK,10.23,OK,10.09,OK,0,,0,,,,82.61,OK,,,,82.66,OK,,,,157.06,OK,,,,157.87,OK,,,,37.4,OK,,,,37.57,OK,,,,,,,,,,,,,,,,,
2410120629D,ATKINSON 3.8 OCV,DM2P3,2024-10-12 13:32:40,18.998,24.05,OK,27.39,27.39,OK,26.08,26.06,OK,25.47,25.16,OK,27.53,27.51,OK,26.47,26.35,OK,26.49,26.37,OK,25.06,25.01,OK,0,0,,0,0,,11.25,OK,10.77,OK,10.78,OK,11.06,OK,10.77,OK,11.05,OK,10.81,OK,0,,0,,10.23,OK,10.28,OK,10.23,OK,10.15,OK,10.19,OK,10.19,OK,10.22,OK,0,,0,,,,83,OK,,,,82.63,OK,,,,157.6,OK,,,,158.04,OK,,,,37.31,OK,,,,37.62,OK,,,,,,,,,,,,,,,,,
2410120633D,ATKINSON 3.8 OCV,DM1P2,2024-10-12 13:33:32,18.987,24.07,OK,28.14,27.98,OK,28,27.89,OK,26.79,26.54,OK,27.94,27.76,OK,26.68,26.59,OK,26.07,26,OK,26.41,26.36,OK,0,0,,0,0,,11.44,OK,11.39,OK,11.37,OK,11.37,OK,11.51,OK,11.54,OK,11.6,OK,0,,0,,9.94,OK,10.32,OK,10.29,OK,10.34,OK,10.31,OK,10.25,OK,10.29,OK,0,,0,,,,82.26,OK,,,,82.51,OK,,,,157.34,OK,,,,157.58,OK,,,,37.02,OK,,,,36.95,OK,,,,,,,,,,,,,,,,,
2410120565C,NEW KAPPAEX1.0,CM1P2,2024-10-12 13:33:46,18.69,27.33,OK,23.72,23.55,OK,24.18,23.6,OK,23.23,22.97,OK,23.11,22.62,OK,22.9,22.69,OK,23.53,23.2,OK,23.62,23.34,OK,0,0,,0,0,,6.01,OK,6.62,OK,6.75,OK,6.71,OK,6.94,OK,7.07,OK,7.71,OK,0,,0,,6.33,OK,6.48,OK,6.7,OK,6.85,OK,7.04,OK,7.52,OK,6.51,OK,0,,0,,,,53.7,OK,,,,53.5,OK,,,,-293.23,OK,,,,-293.4,OK,,,,172.86,OK,,,,172.19,OK,,,,,,,,,,,,,,,,,
2410120634D,ATKINSON 3.8 OCV,DM2P4,2024-10-12 13:34:27,18.998,22.86,OK,28.26,28.16,OK,24.99,24.89,OK,23.25,22.93,OK,27.75,27.7,OK,25.18,25.11,OK,24.6,24.51,OK,25.47,25.4,OK,0,0,,0,0,,11.05,OK,10.89,OK,10.79,OK,10.73,OK,10.79,OK,10.83,OK,10.78,OK,0,,0,,10.19,OK,10.2,OK,10.17,OK,10.21,OK,10.17,OK,10.14,OK,10.2,OK,0,,0,,,,82.19,OK,,,,82.85,OK,,,,157.33,OK,,,,157.84,OK,,,,37.24,OK,,,,37.31,OK,,,,,,,,,,,,,,,,,
2410120566C,NEW KAPPAEX1.0,CM2P5,2024-10-12 13:34:35,18.685,26.97,OK,27.84,27.72,OK,24.32,24.13,OK,24.34,24.06,OK,23.92,23.38,OK,23.36,23.29,OK,23.34,22.99,OK,23.78,23.06,OK,0,0,,0,0,,15.36,OK,15.36,OK,15.36,OK,15.36,OK,15.36,OK,15.36,OK,15.36,OK,0,,0,,15.36,OK,15.36,OK,15.36,OK,15.36,OK,15.36,OK,15.36,OK,15.36,OK,0,,0,,,,52.83,OK,,,,53.74,OK,,,,-292.74,OK,,,,-292.88,OK,,,,172.36,OK,,,,172.39,OK,,,,,,,,,,,,,,,,,
2410120567C,NEW KAPPAEX1.0,CM3P9,2024-10-12 13:35:21,18.698,26.63,OK,27.15,26.29,OK,25.77,24.91,OK,25.75,25.18,OK,25.23,24.03,OK,23.28,22.9,OK,24.19,23.42,OK,25.48,24.89,OK,0,0,,0,0,,0,OK,0,OK,0,OK,0,OK,0,OK,0,OK,0,OK,0,,0,,0,OK,0,OK,0,OK,0,OK,0,OK,0,OK,0,OK,0,,0,,,,52.54,OK,,,,52.02,OK,,,,-293.52,OK,,,,-292.62,OK,,,,172.38,OK,,,,171.1,OK,,,,,,,,,,,,,,,,,
2410120630D,ATKINSON 3.8 OCV,DM3P9,2024-10-12 13:35:22,18.986,23.55,OK,26.03,25.96,OK,25.15,25.08,OK,25.12,25.01,OK,24.08,24.03,OK,27.03,26.98,OK,25.45,25.38,OK,26.61,26.49,OK,0,0,,0,0,,11.62,OK,11.6,OK,11.44,OK,11.65,OK,11.66,OK,11.92,OK,11.69,OK,0,,0,,12.83,OK,12.8,OK,12.73,OK,12.6,OK,12.86,OK,12.82,OK,12.73,OK,0,,0,,,,82.79,OK,,,,82.99,OK,,,,157.39,OK,,,,157.61,OK,,,,36.98,OK,,,,36.43,OK,,,,,,,,,,,,,,,,,
2410120568C,NEW KAPPAEX1.0,CM4P1,2024-10-12 13:36:09,18.687,26.88,OK,27.36,26.7,OK,24.37,23.64,OK,25.95,25.22,OK,22.89,22.52,OK,24.59,24.45,OK,24.43,24.08,OK,24.87,24.5,OK,0,0,,0,0,,0,OK,0,OK,0,OK,0,OK,0,OK,0,OK,0,OK,0,,0,,0,OK,0,OK,0,OK,0,OK,0,OK,0,OK,0,OK,0,,0,,,,54.58,OK,,,,53.91,OK,,,,-293.27,OK,,,,-293.16,OK,,,,172.96,OK,,,,172.91,OK,,,,,,,,,,,,,,,,,
2410120631D,ATKINSON 3.8 OCV,DM4P5,2024-10-12 13:36:37,18.999,24.12,OK,23.82,23.78,OK,23.15,23.06,OK,23.52,23.34,OK,24.87,24.75,OK,24.75,24.66,OK,26.38,26.28,OK,24.24,24.13,OK,0,0,,0,0,,12.29,OK,12.46,OK,12.49,OK,12.3,OK,12.5,OK,12.48,OK,12.6,OK,0,,0,,12.44,OK,12.49,OK,12.47,OK,12.47,OK,12.51,OK,12.48,OK,12.45,OK,0,,0,,,,82.44,OK,,,,81.9,OK,,,,158.22,OK,,,,158.41,OK,,,,37.93,OK,,,,37.67,OK,,,,,,,,,,,,,,,,,
2410120569C,NEW KAPPAEX1.0,CM5P6,2024-10-12 13:36:55,18.685,27.8,OK,24.08,23.94,OK,21.93,21.72,OK,22.6,22.12,OK,20.81,20.67,OK,22.32,22.01,OK,22.2,21.93,OK,22.24,21.89,OK,0,0,,0,0,,2.47,OK,2.56,OK,2.46,OK,2.45,OK,2.45,OK,2.47,OK,2.47,OK,0,,0,,2.82,OK,2.49,OK,2.62,OK,2.5,OK,2.53,OK,2.54,OK,2.43,OK,0,,0,,,,55.29,OK,,,,53.28,OK,,,,-293.02,OK,,,,-293.52,OK,,,,172.41,OK,,,,173.46,OK,,,,,,,,,,,,,,,,,
2410120570C,NEW KAPPAEX1.0,CM1P8,2024-10-12 13:37:44,18.685,26.3,OK,23.06,22.88,OK,21.73,21.34,OK,23.11,22.92,OK,22.22,21.66,OK,22.88,22.64,OK,22.25,21.85,OK,22.34,22.08,OK,0,0,,0,0,,5.92,OK,6.83,OK,6.84,OK,6.88,OK,6.93,OK,7.04,OK,6.92,OK,0,,0,,6.17,OK,6.23,OK,6.48,OK,6.49,OK,6.43,OK,6.47,OK,6.53,OK,0,,0,,,,53.26,OK,,,,53.36,OK,,,,-292.98,OK,,,,-293.96,OK,,,,172.82,OK,,,,173.88,OK,,,,,,,,,,,,,,,,,
2410120635D,ATKINSON 3.8 OCV,DM1P3,2024-10-12 13:37:48,18.999,23.02,OK,24.81,24.74,OK,28.16,27.8,OK,25.78,25.46,OK,27.24,27.1,OK,26.54,26.45,OK,25.35,25.12,OK,25.89,25.89,OK,0,0,,0,0,,11.37,OK,11.44,OK,11.39,OK,11.5,OK,11.53,OK,11.48,OK,11.43,OK,0,,0,,9.86,OK,10.11,OK,10.28,OK,10.24,OK,10.17,OK,10.12,OK,10.23,OK,0,,0,,,,82.9,OK,,,,82.56,OK,,,,157.76,OK,,,,157.94,OK,,,,37.23,OK,,,,37.49,OK,,,,,,,,,,,,,,,,,
2410120571C,NEW KAPPAEX1.0,CM2P4,2024-10-12 13:38:32,18.685,26.3,OK,25.13,24.95,OK,23.78,23.34,OK,24.69,24.41,OK,22.03,21.82,OK,23.59,23.52,OK,22.17,21.8,OK,22.26,21.84,OK,0,0,,0,0,,15.36,OK,15.36,OK,15.36,OK,15.36,OK,15.36,OK,15.36,OK,15.36,OK,0,,0,,15.36,OK,15.36,OK,15.36,OK,15.36,OK,15.36,OK,15.36,OK,15.36,OK,0,,0,,,,53.61,OK,,,,53.04,OK,,,,-292.63,OK,,,,-291.64,OK,,,,170.92,OK,,,,171.92,OK,,,,,,,,,,,,,,,,,
2410120636D,ATKINSON 3.8 OCV,DM2P9,2024-10-12 13:38:50,18.991,23.86,OK,26.71,26.64,OK,23.78,23.68,OK,23.13,22.98,OK,25.04,24.97,OK,26.71,26.66,OK,26.52,26.49,OK,24.48,24.41,OK,0,0,,0,0,,11.29,OK,10.77,OK,10.78,OK,10.78,OK,10.79,OK,10.82,OK,10.82,OK,0,,0,,10.22,OK,10.23,OK,10.3,OK,10.2,OK,10.2,OK,10.18,OK,10.19,OK,0,,0,,,,82.01,OK,,,,82.41,OK,,,,158.21,OK,,,,158.2,OK,,,,38.09,OK,,,,37.52,OK,,,,,,,,,,,,,,,,,
2410120572C,NEW KAPPAEX1.0,CM3P3,2024-10-12 13:39:21,18.69,26.78,OK,27.7,26.75,OK,26.36,25.71,OK,26.38,25.89,OK,25.89,25,OK,25.64,25.18,OK,25,23.78,OK,24.78,23.83,OK,0,0,,0,0,,0,OK,0,OK,0,OK,0,OK,0,OK,0,OK,0,OK,0,,0,,0,OK,0,OK,0,OK,0,OK,0,OK,0,OK,0,OK,0,,0,,,,53.54,OK,,,,53.05,OK,,,,-292.5,OK,,,,-292.72,OK,,,,172.97,OK,,,,173.6,OK,,,,,,,,,,,,,,,,,
2410120637D,ATKINSON 3.8 OCV,DM3P8,2024-10-12 13:39:45,18.992,25.3,OK,27.23,27.19,OK,25.26,25.19,OK,24.71,24.26,OK,23.43,23.41,OK,25.54,25.47,OK,26.68,26.65,OK,25.96,25.87,OK,0,0,,0,0,,11.74,OK,11.67,OK,11.65,OK,11.26,OK,11.47,OK,11.57,OK,11.26,OK,0,,0,,12.92,OK,12.83,OK,12.85,OK,12.79,OK,12.8,OK,12.78,OK,12.81,OK,0,,0,,,,82.02,OK,,,,82.33,OK,,,,157.79,OK,,,,157.78,OK,,,,36.95,OK,,,,37.12,OK,,,,,,,,,,,,,,,,,
2410120573C,NEW KAPPAEX1.0,CM4P7,2024-10-12 13:40:06,18.684,26.71,OK,25.31,24.7,OK,23.68,23.35,OK,25.6,24.72,OK,23.07,22.8,OK,24.92,24.83,OK,23.4,23.05,OK,20.69,20.12,OK,0,0,,0,0,,0,OK,0,OK,0,OK,0,OK,0,OK,0,OK,0,OK,0,,0,,0,OK,0,OK,0,OK,0,OK,0,OK,0,OK,0,OK,0,,0,,,,54.05,OK,,,,53.68,OK,,,,-293.15,OK,,,,-292.91,OK,,,,173.85,OK,,,,174.28,OK,,,,,,,,,,,,,,,,,
2410120638D,ATKINSON 3.8 OCV,DM4P7,2024-10-12 13:40:44,18.998,22.22,OK,24.2,24.08,OK,25.22,25.12,OK,24.71,24.13,OK,26.31,26.14,OK,25.49,25.42,OK,26.35,26.24,OK,25.63,25.52,OK,0,0,,0,0,,12.48,OK,12.54,OK,12.6,OK,12.53,OK,12.64,OK,12.52,OK,12.61,OK,0,,0,,12.51,OK,12.45,OK,12.37,OK,12.54,OK,12.43,OK,12.49,OK,12.43,OK,0,,0,,,,82.86,OK,,,,83.29,OK,,,,157.63,OK,,,,157.38,OK,,,,36.9,OK,,,,37.38,OK,,,,,,,,,,,,,,,,,
2410120574C,NEW KAPPAEX1.0,CM5P2,2024-10-12 13:40:52,18.675,26.76,OK,24.2,24.08,OK,21.1,20.74,OK,22.84,22.6,OK,22.34,22.29,OK,22.51,22.15,OK,21.98,21.69,OK,23.15,22.72,OK,0,0,,0,0,,2.48,OK,2.49,OK,2.46,OK,2.46,OK,2.46,OK,2.51,OK,2.49,OK,0,,0,,2.73,OK,2.46,OK,2.5,OK,2.52,OK,2.57,OK,2.68,OK,2.41,OK,0,,0,,,,53.81,OK,,,,53.53,OK,,,,-292.85,OK,,,,-293.07,OK,,,,172.32,OK,,,,172.51,OK,,,,,,,,,,,,,,,,,
2410120643D,ATKINSON 3.8 OCV,DM1P3,2024-10-12 13:41:39,18.991,23.91,OK,26.92,26.83,OK,28.59,28.43,OK,26.9,26.43,OK,29.78,29.44,OK,27.96,27.91,OK,26.88,26.79,OK,26.92,26.86,OK,0,0,,0,0,,11.35,OK,11.44,OK,11.41,OK,11.42,OK,11.57,OK,11.53,OK,11.56,OK,0,,0,,9.91,OK,10.13,OK,10.33,OK,10.46,OK,10.3,OK,10.28,OK,10.38,OK,0,,0,,,,83.16,OK,,,,82.75,OK,,,,157.36,OK,,,,157.64,OK,,,,36.89,OK,,,,36.92,OK,,,,,,,,,,,,,,,,,
2410120575C,NEW KAPPAEX1.0,CM1P5,2024-10-12 13:41:41,18.69,27.26,OK,24.16,23.93,OK,22.25,21.76,OK,23.44,23.27,OK,22.34,21.92,OK,21.8,21.69,OK,22.43,22.01,OK,22.53,22.39,OK,0,0,,0,0,,6.25,OK,6.81,OK,6.75,OK,6.82,OK,6.9,OK,6.99,OK,6.9,OK,0,,0,,6.01,OK,6.27,OK,6.44,OK,6.57,OK,6.63,OK,6.78,OK,6.67,OK,0,,0,,,,53.33,OK,,,,54.82,OK,,,,-293.18,OK,,,,-293.72,OK,,,,173.07,OK,,,,173.95,OK,,,,,,,,,,,,,,,,,
2410120577C,NEW KAPPAEX1.0,CM3P1,2024-10-12 13:42:30,18.682,27.51,OK,28.1,27.72,OK,27.2,26.57,OK,26.88,26.47,OK,24.96,24.28,OK,24.85,24.37,OK,25.66,24.62,OK,26.07,25.43,OK,0,0,,0,0,,0,OK,0,OK,0,OK,0,OK,0,OK,0,OK,0,OK,0,,0,,0,OK,0,OK,0,OK,0,OK,0,OK,0,OK,0,OK,0,,0,,,,53.99,OK,,,,53.77,OK,,,,-292.91,OK,,,,-291.74,OK,,,,173.31,OK,,,,173.12,OK,,,,,,,,,,,,,,,,,
2410120644D,ATKINSON 3.8 OCV,DM2P9,2024-10-12 13:42:34,18.995,22.91,OK,26.78,26.71,OK,25.16,25.06,OK,24,23.8,OK,26.88,26.86,OK,26.32,26.27,OK,25.18,25.14,OK,25.77,25.77,OK,0,0,,0,0,,10.84,OK,11.21,OK,10.79,OK,11.11,OK,10.79,OK,10.82,OK,10.81,OK,0,,0,,10.24,OK,10.17,OK,10.18,OK,10.19,OK,10.14,OK,10.13,OK,10.17,OK,0,,0,,,,82.39,OK,,,,82.68,OK,,,,157.89,OK,,,,158.01,OK,,,,37.83,OK,,,,37.29,OK,,,,,,,,,,,,,,,,,
2410120641D,ATKINSON 3.8 OCV,DM3P2,2024-10-12 13:43:26,18.992,23.37,OK,26.93,26.82,OK,26.21,26.17,OK,24.94,24.64,OK,23.34,23.31,OK,25.8,25.7,OK,25.12,25.12,OK,25.61,25.54,OK,0,0,,0,0,,11.64,OK,11.62,OK,11.74,OK,11.64,OK,11.64,OK,11.81,OK,11.65,OK,0,,0,,12.89,OK,12.8,OK,12.92,OK,12.84,OK,12.9,OK,12.87,OK,12.89,OK,0,,0,,,,82.61,OK,,,,82.69,OK,,,,157.23,OK,,,,157.61,OK,,,,37.03,OK,,,,36.61,OK,,,,,,,,,,,,,,,,,
2410120576C,NEW KAPPAEX1.0,CM2P9,2024-10-12 13:44:20,18.695,26.35,OK,22.29,22.24,OK,23.01,22.64,OK,23.15,22.82,OK,21.45,20.98,OK,22.4,22.38,OK,20.61,20.37,OK,22.43,22.15,OK,0,0,,0,0,,15.36,OK,15.36,OK,15.36,OK,15.36,OK,15.36,OK,15.36,OK,15.36,OK,0,,0,,15.36,OK,15.36,OK,15.36,OK,15.36,OK,15.36,OK,15.36,OK,15.36,OK,0,,0,,,,53.38,OK,,,,54.09,OK,,,,-292.6,OK,,,,-291.71,OK,,,,173.72,OK,,,,171.5,OK,,,,,,,,,,,,,,,,,
2410120645D,ATKINSON 3.8 OCV,DM5P1,2024-10-12 13:44:22,18.986,24.55,OK,24.71,24.44,OK,24.78,24.76,OK,23.93,23.65,OK,25.29,25.18,OK,25.69,25.46,OK,25.11,24.97,OK,24.64,24.44,OK,0,0,,0,0,,2.14,OK,2.69,OK,2.66,OK,2.72,OK,2.78,OK,2.73,OK,2.73,OK,0,,0,,0.82,OK,0.85,OK,0.85,OK,0.85,OK,0.86,OK,0.87,OK,0.88,OK,0,,0,,,,81.69,OK,,,,82.15,OK,,,,157.62,OK,,,,158.49,OK,,,,37.73,OK,,,,37.64,OK,,,,,,,,,,,,,,,,,
2410120578C,NEW KAPPAEX1.0,CM1P8,2024-10-12 13:46:17,18.686,28.36,OK,23.95,23.9,OK,23.04,22.5,OK,24.51,24.35,OK,22.13,21.62,OK,24.09,23.97,OK,23.18,22.85,OK,23.95,23.51,OK,0,0,,0,0,,6.24,OK,6.89,OK,6.88,OK,6.81,OK,7.01,OK,7.01,OK,7.08,OK,0,,0,,6.29,OK,6.6,OK,6.71,OK,6.71,OK,6.85,OK,7.23,OK,6.54,OK,0,,0,,,,52.76,OK,,,,54.44,OK,,,,-293.83,OK,,,,-294.03,OK,,,,172.48,OK,,,,172.65,OK,,,,,,,,,,,,,,,,,
2410120579C,NEW KAPPAEX1.0,CM2P4,2024-10-12 13:47:12,18.69,27.47,OK,22.71,22.57,OK,22.38,22.22,OK,21.19,20.89,OK,21.14,20.89,OK,20.86,20.7,OK,20.33,20.09,OK,22.71,22.43,OK,0,0,,0,0,,15.36,OK,15.36,OK,15.36,OK,15.36,OK,15.36,OK,15.36,OK,15.36,OK,0,,0,,15.36,OK,15.36,OK,15.36,OK,15.36,OK,15.36,OK,15.36,OK,15.36,OK,0,,0,,,,53.38,OK,,,,51.97,OK,,,,-292.05,OK,,,,-291.56,OK,,,,172.06,OK,,,,171.76,OK,,,,,,,,,,,,,,,,,
2410120580C,NEW KAPPAEX1.0,CM3P3,2024-10-12 13:48:34,18.691,27.5,OK,29.82,28.99,OK,27.24,26.77,OK,27.15,26.75,OK,26.79,26.2,OK,26.41,26.18,OK,25.12,24.42,OK,27.65,26.81,OK,0,0,,0,0,,0,OK,0,OK,0,OK,0,OK,0,OK,0,OK,0,OK,0,,0,,0,OK,0,OK,0,OK,0,OK,0,OK,0,OK,0,OK,0,,0,,,,53.13,OK,,,,53.87,OK,,,,-292.06,OK,,,,-293.32,OK,,,,172.6,OK,,,,173.55,OK,,,,,,,,,,,,,,,,,
2410120581C,NEW KAPPAEX1.0,CM4P2,2024-10-12 13:49:32,18.698,27.18,OK,26.02,25.49,OK,23.75,23.38,OK,24.23,23.73,OK,24.23,23.95,OK,25.11,24.83,OK,24.34,23.31,OK,23.88,23.53,OK,0,0,,0,0,,0,OK,0,OK,0,OK,0,OK,0,OK,0,OK,0,OK,0,,0,,0,OK,0,OK,0,OK,0,OK,0,OK,0,OK,0,OK,0,,0,,,,54.91,OK,,,,54.31,OK,,,,-293.3,OK,,,,-292.24,OK,,,,172.53,OK,,,,172.62,OK,,,,,,,,,,,,,,,,,
2410120582C,NEW KAPPAEX1.0,CM5P6,2024-10-12 13:50:21,18.697,27.27,OK,26.5,26.11,OK,21.15,20.88,OK,22.34,21.96,OK,20.95,20.91,OK,21.96,21.74,OK,23.46,22.87,OK,23.41,23.08,OK,0,0,,0,0,,2.5,OK,2.47,OK,2.44,OK,2.44,OK,2.45,OK,2.46,OK,2.49,OK,0,,0,,2.97,OK,2.41,OK,2.46,OK,2.46,OK,2.51,OK,2.51,OK,2.74,OK,0,,0,,,,53.81,OK,,,,52.5,OK,,,,-293.25,OK,,,,-292.71,OK,,,,173.03,OK,,,,173.53,OK,,,,,,,,,,,,,,,,,
2410120583C,NEW KAPPAEX1.0,CM1P5,2024-10-12 13:51:22,18.698,27.18,OK,23.37,22.99,OK,22.71,22.36,OK,23.55,23.3,OK,22.22,21.66,OK,21.8,21.78,OK,22.48,21.66,OK,22.06,21.85,OK,0,0,,0,0,,5.88,OK,7.1,OK,6.95,OK,7.02,OK,7.01,OK,7.12,OK,6.95,OK,0,,0,,6.02,OK,6.35,OK,6.26,OK,6.46,OK,6.18,OK,6.38,OK,6.36,OK,0,,0,,,,53.66,OK,,,,55.61,OK,,,,-293,OK,,,,-293.42,OK,,,,173.2,OK,,,,173.54,OK,,,,,,,,,,,,,,,,,
2410120584C,NEW KAPPAEX1.0,CM2P9,2024-10-12 13:53:32,18.698,27.83,OK,23.8,23.73,OK,23.71,23.29,OK,22.29,21.98,OK,23.71,23.41,OK,23.62,23.43,OK,23.01,22.73,OK,23.62,23.27,OK,0,0,,0,0,,15.36,OK,15.36,OK,15.36,OK,15.36,OK,15.36,OK,15.36,OK,15.36,OK,0,,0,,15.36,OK,15.36,OK,15.36,OK,15.36,OK,15.36,OK,15.36,OK,15.36,OK,0,,0,,,,53.6,OK,,,,52.68,OK,,,,-292.4,OK,,,,-292.07,OK,,,,171.85,OK,,,,171.88,OK,,,,,,,,,,,,,,,,,
2410120585C,NEW KAPPAEX1.0,CM3P7,2024-10-12 13:54:21,18.691,28.77,OK,27.02,26.43,OK,26.45,25.68,OK,26.45,26.07,OK,26.2,25.25,OK,26.63,26.18,OK,26,24.8,OK,26.57,25.95,OK,0,0,,0,0,,0,OK,0,OK,0,OK,0,OK,0,OK,0,OK,0,OK,0,,0,,0,OK,0,OK,0,OK,0,OK,0,OK,0,OK,0,OK,0,,0,,,,52.86,OK,,,,53.39,OK,,,,-292.03,OK,,,,-291.42,OK,,,,171.5,OK,,,,171.25,OK,,,,,,,,,,,,,,,,,
2410120586C,NEW KAPPAEX1.0,CM4P8,2024-10-12 13:55:10,18.686,26.3,OK,25.2,24.7,OK,23.42,23.13,OK,24.17,23.55,OK,22.43,22.23,OK,24.3,24.26,OK,23.16,22.52,OK,21.64,20.76,OK,0,0,,0,0,,0,OK,0,OK,0,OK,0,OK,0,OK,0,OK,0,OK,0,,0,,0,OK,0,OK,0,OK,0,OK,0,OK,0,OK,0,OK,0,,0,,,,53.44,OK,,,,54.32,OK,,,,-292.43,OK,,,,-292.69,OK,,,,171.98,OK,,,,173.67,OK,,,,,,,,,,,,,,,,,
2410120587C,NEW KAPPAEX1.0,CM5P1,2024-10-12 13:55:59,18.693,27.33,OK,24.35,24.11,OK,21.48,21.19,OK,22.05,21.72,OK,21,20.86,OK,21.07,20.76,OK,22.94,22.6,OK,20.86,20.45,OK,0,0,,0,0,,2.46,OK,2.42,OK,2.45,OK,2.44,OK,2.44,OK,2.45,OK,2.44,OK,0,,0,,2.67,OK,2.44,OK,2.5,OK,2.44,OK,2.43,OK,2.45,OK,2.4,OK,0,,0,,,,54.8,OK,,,,54.09,OK,,,,-292.98,OK,,,,-291.67,OK,,,,171.66,OK,,,,172.84,OK,,,,,,,,,,,,,,,,,
2410120588C,NEW KAPPAEX1.0,CM1P4,2024-10-12 13:56:48,18.698,27.77,OK,24.42,24.23,OK,22.88,22.34,OK,24.09,23.88,OK,22.55,21.99,OK,23.46,23.39,OK,23.13,22.6,OK,23.48,23.06,OK,0,0,,0,0,,6,OK,7.31,OK,7.22,OK,7.32,OK,7.64,OK,7.24,OK,7.12,OK,0,,0,,6.24,OK,6.55,OK,6.98,OK,7.2,OK,6.5,OK,6.45,OK,6.62,OK,0,,0,,,,54,OK,,,,53.06,OK,,,,-293.54,OK,,,,-292.83,OK,,,,172.45,OK,,,,171.96,OK,,,,,,,,,,,,,,,,,
2410120589C,NEW KAPPAEX1.0,CM2P6,2024-10-12 13:57:33,18.694,26.75,OK,27.26,27.16,OK,22.5,21.94,OK,23.73,23.52,OK,23.06,22.92,OK,23.69,23.64,OK,22.4,22.22,OK,22.99,22.36,OK,0,0,,0,0,,15.36,OK,15.36,OK,15.36,OK,15.36,OK,15.36,OK,15.36,OK,15.36,OK,0,,0,,15.36,OK,15.36,OK,15.36,OK,15.36,OK,15.36,OK,15.36,OK,15.36,OK,0,,0,,,,54.25,OK,,,,53.01,OK,,,,-292.86,OK,,,,-291.63,OK,,,,173.23,OK,,,,172.85,OK,,,,,,,,,,,,,,,,,
2410120590C,NEW KAPPAEX1.0,CM3P3,2024-10-12 13:58:22,18.696,27.63,OK,30.19,29.17,OK,27.52,26.97,OK,27.2,26.9,OK,26.75,25.59,OK,25.66,25.21,OK,26.66,25.8,OK,25.32,24.57,OK,0,0,,0,0,,0,OK,0,OK,0,OK,0,OK,0,OK,0,OK,0,OK,0,,0,,0,OK,0,OK,0,OK,0,OK,0,OK,0,OK,0,OK,0,,0,,,,53.68,OK,,,,53.39,OK,,,,-292.08,OK,,,,-292.73,OK,,,,171.74,OK,,,,172.49,OK,,,,,,,,,,,,,,,,,
2410120591C,NEW KAPPAEX1.0,CM4P5,2024-10-12 13:59:11,18.689,27.11,OK,27.03,26.15,OK,23.75,23.53,OK,24.34,23.44,OK,22.14,21.86,OK,23.29,23.18,OK,22.72,22.34,OK,24.1,23.66,OK,0,0,,0,0,,0,OK,0,OK,0,OK,0,OK,0,OK,0,OK,0,OK,0,,0,,0,OK,0,OK,0,OK,0,OK,0,OK,0,OK,0,OK,0,,0,,,,53.11,OK,,,,53.56,OK,,,,-293.73,OK,,,,-291.75,OK,,,,171.94,OK,,,,172.06,OK,,,,,,,,,,,,,,,,,
2410120592C,NEW KAPPAEX1.0,CM5P2,2024-10-12 13:59:56,18.694,26.47,OK,24.78,24.44,OK,21.53,21.26,OK,22.96,22.77,OK,21.48,21.36,OK,21.93,21.65,OK,22.65,22.34,OK,22.55,22.12,OK,0,0,,0,0,,2.45,OK,2.43,OK,2.48,OK,2.46,OK,2.45,OK,2.46,OK,2.45,OK,0,,0,,2.69,OK,2.43,OK,2.54,OK,2.48,OK,2.48,OK,2.47,OK,2.39,OK,0,,0,,,,53.59,OK,,,,52.69,OK,,,,-292.74,OK,,,,-292.83,OK,,,,173.39,OK,,,,171.76,OK,,,,,,,,,,,,,,,,,
2410120593C,NEW KAPPAEX1.0,CM1P9,2024-10-12 14:00:42,18.696,27.38,OK,25.21,25.07,OK,23.11,22.74,OK,23.44,23.27,OK,22.71,22.27,OK,21.69,21.62,OK,23.95,23.48,OK,24.23,24,OK,0,0,,0,0,,6.08,OK,6.7,OK,6.79,OK,6.8,OK,6.87,OK,6.98,OK,6.88,OK,0,,0,,6.12,OK,6.59,OK,6.48,OK,6.53,OK,6.63,OK,6.93,OK,6.99,OK,0,,0,,,,54.85,OK,,,,53.78,OK,,,,-294.33,OK,,,,-293.8,OK,,,,172.21,OK,,,,172.53,OK,,,,,,,,,,,,,,,,,
2410120594C,NEW KAPPAEX1.0,CM2P7,2024-10-12 14:01:30,18.684,27.1,OK,24.78,24.64,OK,24.13,23.73,OK,23.29,23.01,OK,21.12,20.89,OK,22.64,22.54,OK,22.29,22.01,OK,22.87,22.71,OK,0,0,,0,0,,15.36,OK,15.36,OK,15.36,OK,15.36,OK,15.36,OK,15.36,OK,15.36,OK,0,,0,,15.36,OK,15.36,OK,15.36,OK,15.36,OK,15.36,OK,15.36,OK,15.36,OK,0,,0,,,,54.12,OK,,,,53.77,OK,,,,-292.69,OK,,,,-292.72,OK,,,,171.18,OK,,,,172.77,OK,,,,,,,,,,,,,,,,,
2410120595C,NEW KAPPAEX1.0,CM3P1,2024-10-12 14:02:19,18.696,26.88,OK,29.53,28.81,OK,25.28,24.55,OK,26.77,26.41,OK,25.09,24.42,OK,24.85,24.28,OK,24.46,23.62,OK,25.71,24.89,OK,0,0,,0,0,,0,OK,0,OK,0,OK,0,OK,0,OK,0,OK,0,OK,0,,0,,0,OK,0,OK,0,OK,0,OK,0,OK,0,OK,0,OK,0,,0,,,,53.94,OK,,,,53.66,OK,,,,-292.93,OK,,,,-291.03,OK,,,,171.58,OK,,,,172.95,OK,,,,,,,,,,,,,,,,,
2410120596C,NEW KAPPAEX1.0,CM4P4,2024-10-12 14:03:05,18.696,27.3,OK,26.68,26.19,OK,23.55,23.24,OK,24.78,24.17,OK,23.13,22.87,OK,24.37,24.26,OK,23.77,23.05,OK,23.9,23.55,OK,0,0,,0,0,,0,OK,0,OK,0,OK,0,OK,0,OK,0,OK,0,OK,0,,0,,0,OK,0,OK,0,OK,0,OK,0,OK,0,OK,0,OK,0,,0,,,,53.64,OK,,,,52.53,OK,,,,-293.63,OK,,,,-293.18,OK,,,,172.43,OK,,,,174.14,OK,,,,,,,,,,,,,,,,,
2410120597C,NEW KAPPAEX1.0,CM5P8,2024-10-12 14:03:53,18.686,26.8,OK,24.82,24.59,OK,22.08,21.93,OK,22.72,22.48,OK,21.03,20.83,OK,22.53,22.36,OK,21.17,20.72,OK,22.6,22.2,OK,0,0,,0,0,,2.45,OK,2.44,OK,2.45,OK,2.47,OK,2.47,OK,2.46,OK,2.46,OK,0,,0,,2.63,OK,2.5,OK,2.47,OK,2.57,OK,2.47,OK,2.44,OK,2.34,OK,0,,0,,,,52.91,OK,,,,53.89,OK,,,,-291.32,OK,,,,-293.15,OK,,,,172.06,OK,,,,172.54,OK,,,,,,,,,,,,,,,,,
2410120598C,NEW KAPPAEX1.0,CM1P6,2024-10-12 14:04:42,18.698,26.37,OK,24.46,24.23,OK,22.99,22.57,OK,23.34,23.2,OK,21.71,20.96,OK,22.85,22.81,OK,22.88,22.48,OK,24.02,23.9,OK,0,0,,0,0,,5.92,OK,6.8,OK,6.82,OK,6.88,OK,6.9,OK,6.96,OK,7.73,OK,0,,0,,6.22,OK,6.55,OK,6.72,OK,6.73,OK,7.24,OK,6.95,OK,6.3,OK,0,,0,,,,52.05,OK,,,,54.53,OK,,,,-292.83,OK,,,,-293.35,OK,,,,174.27,OK,,,,173.19,OK,,,,,,,,,,,,,,,,,
2410120599C,NEW KAPPAEX1.0,CM2P3,2024-10-12 14:05:28,18.694,27.25,OK,23.83,23.69,OK,23.03,22.85,OK,23.8,23.52,OK,23.06,22.78,OK,22.71,22.66,OK,23.45,23.17,OK,23.48,23.01,OK,0,0,,0,0,,15.36,OK,15.36,OK,15.36,OK,15.36,OK,15.36,OK,15.36,OK,15.36,OK,0,,0,,15.36,OK,15.36,OK,15.36,OK,15.36,OK,15.36,OK,15.36,OK,15.36,OK,0,,0,,,,53.82,OK,,,,52.96,OK,,,,-292.48,OK,,,,-292.05,OK,,,,171.75,OK,,,,170.78,OK,,,,,,,,,,,,,,,,,
2410120642D,ATKINSON 3.8 OCV,DM4P4,2024-10-12 14:06:37,18.989,23.23,OK,24.1,24.03,OK,24.1,24.08,OK,24.78,24.52,OK,25.73,25.31,OK,25.68,25.59,OK,26.31,26.21,OK,24.38,24.31,OK,0,0,,0,0,,12.45,OK,12.49,OK,12.51,OK,12.26,OK,12.47,OK,12.48,OK,12.6,OK,0,,0,,12.44,OK,12.53,OK,12.44,OK,12.45,OK,12.53,OK,12.44,OK,12.5,OK,0,,0,,,,81.79,OK,,,,81.99,OK,,,,157.66,OK,,,,158.11,OK,,,,37.55,OK,,,,37.52,OK,,,,,,,,,,,,,,,,,
2410120600C,NEW KAPPAEX1.0,CM3P2,2024-10-12 14:07:25,18.683,27.36,OK,29.73,28.96,OK,26.02,25.5,OK,26.57,26.07,OK,25.73,24.69,OK,26.32,25.98,OK,25.84,25.07,OK,25.57,24.62,OK,0,0,,0,0,,0,OK,0,OK,0,OK,0,OK,0,OK,0,OK,0,OK,0,,0,,0,OK,0,OK,0,OK,0,OK,0,OK,0,OK,0,OK,0,,0,,,,53.09,OK,,,,52.91,OK,,,,-291.84,OK,,,,-293.72,OK,,,,173.02,OK,,,,171.21,OK,,,,,,,,,,,,,,,,,
2410120639D,ATKINSON 3.8 OCV,DM1P5,2024-10-12 14:07:39,18.989,23.4,OK,28.43,28.43,OK,27.04,26.72,OK,24.49,24.29,OK,25.69,25.6,OK,23.89,23.82,OK,25.1,25.08,OK,24.74,24.72,OK,0,0,,0,0,,11.37,OK,11.46,OK,11.44,OK,11.41,OK,11.44,OK,11.48,OK,11.42,OK,0,,0,,9.95,OK,10.12,OK,10.41,OK,10.3,OK,10.18,OK,10.21,OK,10.12,OK,0,,0,,,,82.42,OK,,,,81.96,OK,,,,157.95,OK,,,,157.91,OK,,,,37.81,OK,,,,37.49,OK,,,,,,,,,,,,,,,,,
2410120640D,ATKINSON 3.8 OCV,DM2P6,2024-10-12 14:08:31,18.995,23.63,OK,26.44,26.37,OK,24.53,24.51,OK,25.47,25.31,OK,28.04,27.95,OK,26.03,25.98,OK,24.05,24.02,OK,26.56,26.47,OK,0,0,,0,0,,11.21,OK,10.77,OK,10.75,OK,10.8,OK,10.8,OK,10.81,OK,10.79,OK,0,,0,,10.18,OK,10.24,OK,10.19,OK,10.19,OK,10.18,OK,10.15,OK,10.17,OK,0,,0,,,,82.89,OK,,,,82.79,OK,,,,157.24,OK,,,,156.76,OK,,,,37.7,OK,,,,37.91,OK,,,,,,,,,,,,,,,,,
2410120632D,ATKINSON 3.8 OCV,DM5P6,2024-10-12 14:09:26,18.996,23.58,OK,24.11,23.97,OK,25.43,25.32,OK,24.92,24.51,OK,24.81,24.58,OK,25.83,25.69,OK,24.69,24.53,OK,24.83,24.74,OK,0,0,,0,0,,2.1,OK,2.71,OK,2.71,OK,2.66,OK,2.74,OK,2.7,OK,2.69,OK,0,,0,,0.82,OK,0.82,OK,0.87,OK,0.85,OK,0.85,OK,0.86,OK,0.88,OK,0,,0,,,,83.4,OK,,,,82.24,OK,,,,157.81,OK,,,,157.35,OK,,,,37.63,OK,,,,37.97,OK,,,,,,,,,,,,,,,,,
2410120601C,NEW KAPPAEX1.0,CM4P9,2024-10-12 14:09:41,18.696,26.62,OK,26.9,26.28,OK,23.95,23.73,OK,23.6,23.2,OK,22.39,22.19,OK,23.93,23.71,OK,22.45,21.99,OK,22.12,21.64,OK,0,0,,0,0,,0,OK,0,OK,0,OK,0,OK,0,OK,0,OK,0,OK,0,,0,,0,OK,0,OK,0,OK,0,OK,0,OK,0,OK,0,OK,0,,0,,,,54.82,OK,,,,53.56,OK,,,,-293.1,OK,,,,-292.27,OK,,,,172.88,OK,,,,173.42,OK,,,,,,,,,,,,,,,,,
2410120646D,ATKINSON 3.8 OCV,DM1P5,2024-10-12 14:10:22,18.997,23.47,OK,26.36,26.27,OK,28,27.85,OK,24.27,23.82,OK,27.17,27.17,OK,26.74,26.72,OK,25.1,25.01,OK,24.13,24.13,OK,0,0,,0,0,,11.46,OK,11.42,OK,11.45,OK,11.54,OK,11.49,OK,11.43,OK,11.41,OK,0,,0,,9.99,OK,10.33,OK,10.29,OK,10.25,OK,10.3,OK,10.17,OK,10.31,OK,0,,0,,,,82.49,OK,,,,82.2,OK,,,,157.47,OK,,,,157.84,OK,,,,37.46,OK,,,,37.32,OK,,,,,,,,,,,,,,,,,
2410120602C,NEW KAPPAEX1.0,CM5P5,2024-10-12 14:11:09,18.698,26.35,OK,23.68,23.39,OK,21.81,21.53,OK,22.6,22.17,OK,20.12,19.97,OK,22.12,21.93,OK,21.91,21.65,OK,21.69,21.36,OK,0,0,,0,0,,2.47,OK,2.44,OK,2.49,OK,2.49,OK,2.44,OK,2.45,OK,2.45,OK,0,,0,,2.57,OK,2.42,OK,2.54,OK,2.41,OK,2.47,OK,2.47,OK,2.38,OK,0,,0,,,,54.05,OK,,,,52.38,OK,,,,-293.13,OK,,,,-293.27,OK,,,,172.77,OK,,,,172.67,OK,,,,,,,,,,,,,,,,,
2410120647D,ATKINSON 3.8 OCV,DM2P6,2024-10-12 14:11:17,18.982,22.47,OK,26.69,26.66,OK,24.12,24.02,OK,23,22.67,OK,26.25,26.23,OK,25.74,25.72,OK,25.62,25.55,OK,25.31,25.23,OK,0,0,,0,0,,11.39,OK,10.78,OK,10.76,OK,10.79,OK,10.82,OK,10.82,OK,10.83,OK,0,,0,,10.17,OK,10.18,OK,10.12,OK,10.19,OK,10.11,OK,10.16,OK,10.06,OK,0,,0,,,,82.78,OK,,,,83.03,OK,,,,157.37,OK,,,,157.09,OK,,,,37.63,OK,,,,37.77,OK,,,,,,,,,,,,,,,,,
2410120603C,NEW KAPPAEX1.0,CM1P7,2024-10-12 14:12:04,18.688,26,OK,23.97,23.9,OK,23.18,22.78,OK,23.83,23.62,OK,21.62,20.92,OK,22.74,22.5,OK,22.34,21.9,OK,22.41,22.27,OK,0,0,,0,0,,5.98,OK,6.73,OK,6.8,OK,6.76,OK,6.93,OK,6.88,OK,7.52,OK,0,,0,,6.36,OK,6.65,OK,6.85,OK,6.75,OK,7.29,OK,6.96,OK,6.3,OK,0,,0,,,,52.81,OK,,,,56.26,NG,,,,-291.82,OK,,,,-294.12,OK,,,,173.25,OK,,,,172.92,OK,,,,,,,,,,,,,,,,,
2410120648D,ATKINSON 3.8 OCV,DM3P8,2024-10-12 14:12:09,18.992,22.33,OK,25.36,25.29,OK,25.36,25.31,OK,23.73,23.31,OK,24.13,24.06,OK,28.3,28.26,OK,26.26,26.21,OK,27,26.96,OK,0,0,,0,0,,11.73,OK,11.69,OK,11.58,OK,11.72,OK,11.77,OK,11.74,OK,11.67,OK,0,,0,,12.91,OK,12.75,OK,12.65,OK,12.62,OK,12.9,OK,12.71,OK,12.6,OK,0,,0,,,,81.46,OK,,,,82.25,OK,,,,157.35,OK,,,,157.72,OK,,,,36.61,OK,,,,37.14,OK,,,,,,,,,,,,,,,,,
2410120604C,NEW KAPPAEX1.0,CM2P1,2024-10-12 14:12:53,18.696,25.82,OK,23.29,23.17,OK,22.08,21.87,OK,23.2,22.8,OK,22.47,22.15,OK,22.45,22.4,OK,21.42,21.21,OK,22.08,21.84,OK,0,0,,0,0,,15.36,OK,15.36,OK,15.36,OK,15.36,OK,15.36,OK,15.36,OK,15.36,OK,0,,0,,15.36,OK,15.36,OK,15.36,OK,15.36,OK,15.36,OK,15.36,OK,15.36,OK,0,,0,,,,54.33,OK,,,,53.42,OK,,,,-292.9,OK,,,,-291.93,OK,,,,171.7,OK,,,,172.96,OK,,,,,,,,,,,,,,,,,
2410120649D,ATKINSON 3.8 OCV,DM4P7,2024-10-12 14:13:04,18.997,22.62,OK,24.15,24.08,OK,24.01,23.96,OK,25.33,25.1,OK,27.95,27.86,OK,25.33,25.24,OK,26,25.84,OK,25.01,24.89,OK,0,0,,0,0,,12.49,OK,12.61,OK,12.6,OK,12.64,OK,12.63,OK,12.63,OK,12.65,OK,0,,0,,12.49,OK,12.51,OK,12.52,OK,12.54,OK,12.52,OK,12.41,OK,12.43,OK,0,,0,,,,82.52,OK,,,,83.11,OK,,,,157.58,OK,,,,157.61,OK,,,,37.15,OK,,,,37.26,OK,,,,,,,,,,,,,,,,,
2410120605C,NEW KAPPAEX1.0,CM3P8,2024-10-12 14:13:42,18.69,26.18,OK,28.49,27.97,OK,24.53,23.83,OK,27.06,26.47,OK,26.75,25.73,OK,26.11,25.73,OK,25.32,24.75,OK,27.15,26.41,OK,0,0,,0,0,,0,OK,0,OK,0,OK,0,OK,0,OK,0,OK,0,OK,0,,0,,0,OK,0,OK,0,OK,0,OK,0,OK,0,OK,0,OK,0,,0,,,,51.64,OK,,,,52.91,OK,,,,-291.46,OK,,,,-291.86,OK,,,,172.39,OK,,,,171.89,OK,,,,,,,,,,,,,,,,,
2410120650D,ATKINSON 3.8 OCV,DM5P2,2024-10-12 14:13:59,18.987,23.16,OK,25.39,25.32,OK,25.78,25.62,OK,24.48,24.3,OK,25.34,25.18,OK,25.83,25.69,OK,24.55,24.37,OK,24.71,24.64,OK,0,0,,0,0,,2.13,OK,2.69,OK,2.66,OK,2.73,OK,2.78,OK,2.71,OK,2.72,OK,0,,0,,0.81,OK,0.83,OK,0.85,OK,0.85,OK,0.87,OK,0.87,OK,0.87,OK,0,,0,,,,82.12,OK,,,,82.55,OK,,,,158.01,OK,,,,158.58,OK,,,,38.01,OK,,,,38.04,OK,,,,,,,,,,,,,,,,,
2410120606C,NEW KAPPAEX1.0,CM4P6,2024-10-12 14:14:27,18.694,26.16,OK,25.93,25.33,OK,23.75,23.55,OK,24.3,23.99,OK,23.35,23.18,OK,23.82,23.64,OK,23.57,22.67,OK,23.51,23.16,OK,0,0,,0,0,,0,OK,0,OK,0,OK,0,OK,0,OK,0,OK,0,OK,0,,0,,0,OK,0,OK,0,OK,0,OK,0,OK,0,OK,0,OK,0,,0,,,,53.61,OK,,,,53.44,OK,,,,-293.56,OK,,,,-292.26,OK,,,,173.78,OK,,,,173.3,OK,,,,,,,,,,,,,,,,,
2410120651D,ATKINSON 3.8 OCV,DM1P4,2024-10-12 14:14:51,18.985,24.03,OK,24.9,24.79,OK,28.07,27.94,OK,26.16,25.89,OK,26.18,26.14,OK,25.39,25.35,OK,26.52,26.45,OK,25.28,25.26,OK,0,0,,0,0,,11.37,OK,11.41,OK,11.46,OK,11.71,OK,11.45,OK,11.66,OK,11.44,OK,0,,0,,9.92,OK,10.37,OK,10.43,OK,10.36,OK,10.22,OK,10.16,OK,9.77,OK,0,,0,,,,81.63,OK,,,,81.65,OK,,,,157.22,OK,,,,158.02,OK,,,,37.5,OK,,,,37.66,OK,,,,,,,,,,,,,,,,,
2410120607C,NEW KAPPAEX1.0,CM5P4,2024-10-12 14:15:16,18.696,27.42,OK,23.8,23.51,OK,22.17,21.98,OK,22.08,21.81,OK,19.95,19.83,OK,22.24,22.03,OK,22.15,21.79,OK,21.77,21.58,OK,0,0,,0,0,,2.45,OK,2.44,OK,2.48,OK,2.45,OK,2.47,OK,2.46,OK,2.44,OK,0,,0,,2.62,OK,2.49,OK,2.57,OK,2.43,OK,2.46,OK,2.51,OK,2.43,OK,0,,0,,,,54.12,OK,,,,53.59,OK,,,,-292.97,OK,,,,-292.23,OK,,,,172.62,OK,,,,172.52,OK,,,,,,,,,,,,,,,,,
2410120652D,ATKINSON 3.8 OCV,DM2P3,2024-10-12 14:15:50,18.996,23.53,OK,26.81,26.73,OK,25.57,25.47,OK,24.22,23.97,OK,26.61,26.49,OK,27.19,27.1,OK,26.01,25.94,OK,25.67,25.6,OK,0,0,,0,0,,10.77,OK,10.74,OK,10.7,OK,10.77,OK,10.77,OK,10.81,OK,10.79,OK,0,,0,,10.15,OK,10.12,OK,10.1,OK,10.14,OK,10.1,OK,10.12,OK,10.15,OK,0,,0,,,,82.28,OK,,,,82.08,OK,,,,158.11,OK,,,,158.14,OK,,,,37.48,OK,,,,37.61,OK,,,,,,,,,,,,,,,,,
2410120608C,NEW KAPPAEX1.0,CM1P3,2024-10-12 14:16:01,18.686,26.63,OK,23.27,22.92,OK,23.11,22.83,OK,23.62,23.44,OK,21.55,21.01,OK,22.36,22.08,OK,24.09,23.67,OK,24.23,24.02,OK,0,0,,0,0,,6.06,OK,6.72,OK,6.69,OK,6.73,OK,6.97,OK,6.91,OK,7.66,OK,0,,0,,6.14,OK,6.48,OK,6.74,OK,6.89,OK,6.84,OK,7.32,OK,6.19,OK,0,,0,,,,54.43,OK,,,,54.4,OK,,,,-292.79,OK,,,,-292.98,OK,,,,173.5,OK,,,,172.14,OK,,,,,,,,,,,,,,,,,
2410120653D,ATKINSON 3.8 OCV,DM3P9,2024-10-12 14:16:42,18.996,23.53,OK,27.88,27.88,OK,25.91,25.89,OK,25.38,24.91,OK,25.12,25.1,OK,26.86,26.72,OK,28.65,28.63,OK,26.89,26.82,OK,0,0,,0,0,,11.61,OK,11.64,OK,11.45,OK,11.64,OK,11.72,OK,11.64,OK,11.68,OK,0,,0,,12.83,OK,12.8,OK,12.74,OK,12.59,OK,12.9,OK,12.6,OK,12.6,OK,0,,0,,,,82.06,OK,,,,82.27,OK,,,,157.75,OK,,,,158,OK,,,,37.48,OK,,,,37.32,OK,,,,,,,,,,,,,,,,,
2410120609C,NEW KAPPAEX1.0,CM2P5,2024-10-12 14:16:50,18.684,27.33,OK,24.34,24.01,OK,22.87,22.29,OK,24.6,24.29,OK,23.17,22.89,OK,22.08,22.05,OK,22.57,22.26,OK,21.94,21.31,OK,0,0,,0,0,,15.36,OK,15.36,OK,15.36,OK,15.36,OK,15.36,OK,15.36,OK,15.36,OK,0,,0,,15.36,OK,15.36,OK,15.36,OK,15.36,OK,15.36,OK,15.36,OK,15.36,OK,0,,0,,,,52.78,OK,,,,53.31,OK,,,,-292.55,OK,,,,-292.49,OK,,,,172.91,OK,,,,173.32,OK,,,,,,,,,,,,,,,,,
2410120654D,ATKINSON 3.8 OCV,DM4P1,2024-10-12 14:17:37,18.994,24.05,OK,26.28,26.17,OK,23.38,23.2,OK,25.24,24.84,OK,26.86,26.79,OK,25.75,25.68,OK,25.73,25.7,OK,24.89,24.87,OK,0,0,,0,0,,12.45,OK,12.58,OK,12.52,OK,12.63,OK,12.49,OK,12.54,OK,12.63,OK,0,,0,,12.49,OK,12.48,OK,12.49,OK,12.48,OK,12.54,OK,12.45,OK,12.45,OK,0,,0,,,,81.96,OK,,,,82.13,OK,,,,157.85,OK,,,,158.2,OK,,,,37.66,OK,,,,37.77,OK,,,,,,,,,,,,,,,,,
2410120610C,NEW KAPPAEX1.0,CM3P9,2024-10-12 14:17:39,18.685,27.61,OK,26.97,26.36,OK,26.72,26.34,OK,25.61,25.21,OK,24.85,23.69,OK,25.66,25.18,OK,25.75,25.34,OK,24.69,23.94,OK,0,0,,0,0,,0,OK,0,OK,0,OK,0,OK,0,OK,0,OK,0,OK,0,,0,,0,OK,0,OK,0,OK,0,OK,0,OK,0,OK,0,OK,0,,0,,,,52.89,OK,,,,52.05,OK,,,,-294.61,OK,,,,-292.74,OK,,,,172.42,OK,,,,173.32,OK,,,,,,,,,,,,,,,,,
2410120611C,NEW KAPPAEX1.0,CM4P7,2024-10-12 14:18:24,18.692,26.77,OK,25.93,25.33,OK,23.84,23.6,OK,25.66,25.03,OK,24.65,24.41,OK,25.07,24.87,OK,23.29,22.8,OK,24.23,23.68,OK,0,0,,0,0,,0,OK,0,OK,0,OK,0,OK,0,OK,0,OK,0,OK,0,,0,,0,OK,0,OK,0,OK,0,OK,0,OK,0,OK,0,OK,0,,0,,,,53.76,OK,,,,53.87,OK,,,,-292.88,OK,,,,-293.43,OK,,,,173.88,OK,,,,174.45,OK,,,,,,,,,,,,,,,,,
2410120656D,ATKINSON 3.8 OCV,DM1P6,2024-10-12 14:18:33,18.986,23.71,OK,25.66,25.6,OK,27.69,27.62,OK,26.14,25.89,OK,28.57,28.48,OK,26.11,26.07,OK,26.47,26.41,OK,26.52,26.47,OK,0,0,,0,0,,11.42,OK,11.34,OK,11.36,OK,11.62,OK,11.6,OK,11.63,OK,11.43,OK,0,,0,,10.06,OK,10.35,OK,10.28,OK,10.42,OK,10.29,OK,10.27,OK,10.25,OK,0,,0,,,,82.95,OK,,,,82.95,OK,,,,157.25,OK,,,,156.92,OK,,,,37.55,OK,,,,37.73,OK,,,,,,,,,,,,,,,,,
2410120612C,NEW KAPPAEX1.0,CM5P2,2024-10-12 14:19:13,18.692,27.37,OK,25.37,25.25,OK,20.6,20.36,OK,22.32,22.03,OK,20.09,19.88,OK,21.84,21.55,OK,22.89,22.46,OK,20.69,20.38,OK,0,0,,0,0,,2.44,OK,2.46,OK,2.44,OK,2.43,OK,2.45,OK,2.46,OK,2.45,OK,0,,0,,2.77,OK,2.66,OK,2.41,OK,2.4,OK,2.47,OK,2.48,OK,2.4,OK,0,,0,,,,53.88,OK,,,,52.58,OK,,,,-293,OK,,,,-292.85,OK,,,,173.33,OK,,,,172.1,OK,,,,,,,,,,,,,,,,,
2410120657D,ATKINSON 3.8 OCV,DM2P8,2024-10-12 14:19:31,18.99,23.97,OK,27.17,27.1,OK,25.09,25.01,OK,23.13,22.93,OK,25.86,25.86,OK,26.54,26.47,OK,23.46,23.37,OK,25.11,25.01,OK,0,0,,0,0,,10.75,OK,10.76,OK,10.89,OK,10.78,OK,11.27,OK,10.78,OK,10.8,OK,0,,0,,10.14,OK,10.13,OK,10.18,OK,10.2,OK,10.12,OK,10.05,OK,10.08,OK,0,,0,,,,81.44,OK,,,,81.62,OK,,,,158.11,OK,,,,158.49,OK,,,,37.56,OK,,,,38.11,OK,,,,,,,,,,,,,,,,,
2410120613C,NEW KAPPAEX1.0,CM1P4,2024-10-12 14:19:58,18.686,26.66,OK,21.57,21.31,OK,22.2,21.87,OK,23.27,23.13,OK,21.92,21.36,OK,22.83,22.81,OK,22.69,22.34,OK,23.48,23.11,OK,0,0,,0,0,,5.91,OK,6.79,OK,6.77,OK,6.81,OK,6.92,OK,6.96,OK,7.47,OK,0,,0,,5.93,OK,6.5,OK,6.55,OK,6.63,OK,7.08,OK,6.77,OK,6.21,OK,0,,0,,,,52.92,OK,,,,54.74,OK,,,,-293.89,OK,,,,-293.08,OK,,,,172.52,OK,,,,172.18,OK,,,,,,,,,,,,,,,,,
2410120658D,ATKINSON 3.8 OCV,DM3P7,2024-10-12 14:20:26,18.994,24.67,OK,25.42,25.38,OK,25.87,25.8,OK,25.7,25.59,OK,24.29,24.26,OK,26.42,26.14,OK,26.19,26.14,OK,27.65,27.51,OK,0,0,,0,0,,11.6,OK,11.62,OK,11.48,OK,11.62,OK,11.67,OK,11.67,OK,11.64,OK,0,,0,,12.84,OK,12.78,OK,12.62,OK,12.6,OK,12.82,OK,12.61,OK,12.61,OK,0,,0,,,,82.62,OK,,,,83.06,OK,,,,157.34,OK,,,,158.17,OK,,,,37.14,OK,,,,37.38,OK,,,,,,,,,,,,,,,,,
2410120614C,NEW KAPPAEX1.0,CM2P1,2024-10-12 14:20:47,18.695,27.03,OK,23.76,23.66,OK,22.99,22.85,OK,23.76,23.48,OK,24.46,24.25,OK,21.8,21.75,OK,22.52,22.12,OK,24.39,24.2,OK,0,0,,0,0,,15.36,OK,15.36,OK,15.36,OK,15.36,OK,15.36,OK,15.36,OK,15.36,OK,0,,0,,15.36,OK,15.36,OK,15.36,OK,15.36,OK,15.36,OK,15.36,OK,15.36,OK,0,,0,,,,53.6,OK,,,,53.96,OK,,,,-292.83,OK,,,,-291.98,OK,,,,173.68,OK,,,,173.19,OK,,,,,,,,,,,,,,,,,
2410120659D,ATKINSON 3.8 OCV,DM4P2,2024-10-12 14:21:21,18.988,23.66,OK,25.05,24.94,OK,23.13,23.04,OK,24.01,23.59,OK,24.94,24.89,OK,24.45,24.31,OK,25.31,25.24,OK,24.38,24.26,OK,0,0,,0,0,,12.44,OK,12.43,OK,12.45,OK,12.58,OK,12.57,OK,12.57,OK,12.67,OK,0,,0,,12.48,OK,12.48,OK,12.52,OK,12.52,OK,12.51,OK,12.46,OK,12.46,OK,0,,0,,,,82.06,OK,,,,82.26,OK,,,,157.58,OK,,,,157.86,OK,,,,37.34,OK,,,,36.99,OK,,,,,,,,,,,,,,,,,
2410120615C,NEW KAPPAEX1.0,CM3P8,2024-10-12 14:21:33,18.684,27.5,OK,27.04,26.52,OK,25.64,25.21,OK,26.5,25.98,OK,25.82,24.82,OK,26.27,26,OK,25.37,24.64,OK,25.55,24.55,OK,0,0,,0,0,,0,OK,0,OK,0,OK,0,OK,0,OK,0,OK,0,OK,0,,0,,0,OK,0,OK,0,OK,0,OK,0,OK,0,OK,0,OK,0,,0,,,,51.98,OK,,,,53.24,OK,,,,-292.02,OK,,,,-292,OK,,,,172.77,OK,,,,172.24,OK,,,,,,,,,,,,,,,,,
2410120655D,ATKINSON 3.8 OCV,DM5P5,2024-10-12 14:22:13,18.992,23.56,OK,24.69,24.62,OK,24.92,24.83,OK,23.81,23.44,OK,24.81,24.62,OK,25.18,25.06,OK,24.18,24.11,OK,22.84,22.74,OK,0,0,,0,0,,2.13,OK,2.67,OK,2.66,OK,2.7,OK,2.84,OK,2.76,OK,2.82,OK,0,,0,,0.8,OK,0.82,OK,0.85,OK,0.83,OK,0.84,OK,0.83,OK,0.86,OK,0,,0,,,,82.11,OK,,,,81.82,OK,,,,158.36,OK,,,,158.99,OK,,,,38.59,OK,,,,38.51,OK,,,,,,,,,,,,,,,,,
2410120616C,NEW KAPPAEX1.0,CM4P3,2024-10-12 14:22:18,18.694,26.23,OK,25.64,25.05,OK,24.37,24.06,OK,24.23,23.75,OK,23.33,23,OK,25.11,25.07,OK,24.34,23.93,OK,23.51,22.43,OK,0,0,,0,0,,0,OK,0,OK,0,OK,0,OK,0,OK,0,OK,0,OK,0,,0,,0,OK,0,OK,0,OK,0,OK,0,OK,0,OK,0,OK,0,,0,,,,54.3,OK,,,,54.31,OK,,,,-293.76,OK,,,,-292.45,OK,,,,172.67,OK,,,,172.68,OK,,,,,,,,,,,,,,,,,
2410120617C,NEW KAPPAEX1.0,CM5P6,2024-10-12 14:23:07,18.691,26.45,OK,24.68,24.61,OK,21.17,20.98,OK,22.53,22.22,OK,20.48,20.33,OK,22.2,21.96,OK,21.86,21.6,OK,22.67,22.15,OK,0,0,,0,0,,2.45,OK,2.47,OK,2.46,OK,2.46,OK,2.45,OK,2.45,OK,2.48,OK,0,,0,,2.81,OK,2.4,OK,2.43,OK,2.4,OK,2.47,OK,2.45,OK,2.4,OK,0,,0,,,,54.01,OK,,,,53.47,OK,,,,-292.51,OK,,,,-293.31,OK,,,,171.98,OK,,,,172.55,OK,,,,,,,,,,,,,,,,,
2410120660D,ATKINSON 3.8 OCV,DM1P3,2024-10-12 14:23:09,18.996,23.86,OK,26.7,26.65,OK,26.2,26,OK,25.1,24.94,OK,26.16,25.93,OK,25.84,25.8,OK,25.69,25.55,OK,26.45,26.36,OK,0,0,,0,0,,11.47,OK,11.46,OK,11.43,OK,11.45,OK,11.5,OK,11.42,OK,11.51,OK,0,,0,,9.92,OK,10.01,OK,10.32,OK,10.3,OK,10.31,OK,10.19,OK,10.09,OK,0,,0,,,,82.62,OK,,,,82.1,OK,,,,157.46,OK,,,,157.98,OK,,,,37.42,OK,,,,37.66,OK,,,,,,,,,,,,,,,,,
2410120618C,NEW KAPPAEX1.0,CM1P5,2024-10-12 14:23:56,18.693,27.11,OK,24.93,24.86,OK,24.11,23.86,OK,23.62,23.39,OK,22.55,22.06,OK,23.79,23.72,OK,23.83,23.6,OK,23.18,22.9,OK,0,0,,0,0,,6.04,OK,6.89,OK,6.82,OK,6.93,OK,6.97,OK,7.03,OK,7,OK,0,,0,,6.08,OK,6.42,OK,6.46,OK,6.34,OK,6.69,OK,6.82,OK,6.56,OK,0,,0,,,,53.89,OK,,,,53.62,OK,,,,-292.64,OK,,,,-293.03,OK,,,,173.5,OK,,,,174.15,OK,,,,,,,,,,,,,,,,,
2410120661D,ATKINSON 3.8 OCV,DM2P9,2024-10-12 14:24:04,18.999,24.77,OK,27.92,27.8,OK,23.44,23.34,OK,23.85,23.68,OK,27.78,27.65,OK,25.5,25.47,OK,23,22.86,OK,24.07,24.02,OK,0,0,,0,0,,11.3,OK,10.78,OK,10.78,OK,10.79,OK,10.8,OK,10.79,OK,10.79,OK,0,,0,,10.14,OK,10.16,OK,10.09,OK,10.13,OK,10.15,OK,10.04,OK,10.01,OK,0,,0,,,,81.45,OK,,,,81.98,OK,,,,158.16,OK,,,,158.57,OK,,,,38.5,OK,,,,37.88,OK,,,,,,,,,,,,,,,,,
2410120619C,NEW KAPPAEX1.0,CM2P9,2024-10-12 14:24:45,18.693,27.98,OK,24.62,24.39,OK,23.66,23.2,OK,24.78,24.39,OK,23.69,23.36,OK,23.22,23.17,OK,22.89,22.54,OK,22.71,22.52,OK,0,0,,0,0,,15.36,OK,15.36,OK,15.36,OK,15.36,OK,15.36,OK,15.36,OK,15.36,OK,0,,0,,15.36,OK,15.36,OK,15.36,OK,15.36,OK,15.36,OK,15.36,OK,15.36,OK,0,,0,,,,53.43,OK,,,,52.65,OK,,,,-292.73,OK,,,,-292.04,OK,,,,173.74,OK,,,,171.08,OK,,,,,,,,,,,,,,,,,
2410120662D,ATKINSON 3.8 OCV,DM3P1,2024-10-12 14:24:59,18.996,23.78,OK,28.56,28.37,OK,25.1,25.05,OK,23.82,23.48,OK,25.29,25.26,OK,26.63,26.58,OK,27.79,27.74,OK,24.94,24.94,OK,0,0,,0,0,,11.69,OK,11.64,OK,11.65,OK,11.76,OK,11.79,OK,11.71,OK,11.69,OK,0,,0,,12.91,OK,12.84,OK,12.83,OK,12.79,OK,12.79,OK,12.8,OK,12.81,OK,0,,0,,,,81.93,OK,,,,82.21,OK,,,,157.45,OK,,,,158.25,OK,,,,37,OK,,,,37.42,OK,,,,,,,,,,,,,,,,,
2410120620C,NEW KAPPAEX1.0,CM3P2,2024-10-12 14:25:33,18.689,27.42,OK,28.29,27.36,OK,25.57,25.05,OK,26.52,26.11,OK,26.23,25.18,OK,26.29,25.75,OK,27.04,26,OK,25.34,24.57,OK,0,0,,0,0,,0,OK,0,OK,0,OK,0,OK,0,OK,0,OK,0,OK,0,,0,,0,OK,0,OK,0,OK,0,OK,0,OK,0,OK,0,OK,0,,0,,,,53.72,OK,,,,53.65,OK,,,,-292.04,OK,,,,-294.07,OK,,,,172.24,OK,,,,171.8,OK,,,,,,,,,,,,,,,,,
2410120664D,ATKINSON 3.8 OCV,DM5P4,2024-10-12 14:25:54,18.989,23.73,OK,25.76,25.53,OK,25.41,25.32,OK,24.62,24.23,OK,27.36,27.22,OK,25.06,24.92,OK,23.6,23.53,OK,25.43,25.27,OK,0,0,,0,0,,2.25,OK,2.7,OK,2.65,OK,2.66,OK,2.7,OK,2.71,OK,2.69,OK,0,,0,,0.86,OK,0.83,OK,0.83,OK,0.84,OK,0.82,OK,0.84,OK,0.87,OK,0,,0,,,,81.25,OK,,,,81.39,OK,,,,157.84,OK,,,,158.71,OK,,,,37.86,OK,,,,37.98,OK,,,,,,,,,,,,,,,,,
2410120621C,NEW KAPPAEX1.0,CM4P7,2024-10-12 14:26:19,18.694,27.31,OK,27.78,27.12,OK,24.15,23.84,OK,25.14,24.67,OK,24.78,24.5,OK,23.13,22.87,OK,23.66,23.02,OK,23.73,22.74,OK,0,0,,0,0,,0,OK,0,OK,0,OK,0,OK,0,OK,0,OK,0,OK,0,,0,,0,OK,0,OK,0,OK,0,OK,0,OK,0,OK,0,OK,0,,0,,,,53.9,OK,,,,53.14,OK,,,,-293.69,OK,,,,-293.39,OK,,,,172.1,OK,,,,174.13,OK,,,,,,,,,,,,,,,,,
2410120665D,ATKINSON 3.8 OCV,DM1P6,2024-10-12 14:26:46,18.989,23.73,OK,25.93,25.75,OK,28.59,28.5,OK,25.73,25.48,OK,27.19,27.13,OK,25.57,25.55,OK,24.79,24.76,OK,25.89,25.84,OK,0,0,,0,0,,11.38,OK,11.4,OK,11.42,OK,11.52,OK,11.48,OK,11.57,OK,11.67,OK,0,,0,,9.99,OK,10.33,OK,10.27,OK,10.35,OK,10.35,OK,10.21,OK,10.29,OK,0,,0,,,,82.7,OK,,,,83.01,OK,,,,157.51,OK,,,,156.82,OK,,,,37.25,OK,,,,37.49,OK,,,,,,,,,,,,,,,,,
2410120622C,NEW KAPPAEX1.0,CM5P4,2024-10-12 14:27:08,18.674,27.46,OK,25.28,24.99,OK,22.46,22.24,OK,22.63,22.12,OK,21.46,21.26,OK,22.58,22.46,OK,23.96,23.53,OK,22.79,22.39,OK,0,0,,0,0,,2.51,OK,2.52,OK,2.49,OK,2.51,OK,2.5,OK,2.58,OK,2.52,OK,0,,0,,2.58,OK,2.42,OK,2.44,OK,2.47,OK,2.51,OK,2.54,OK,2.34,OK,0,,0,,,,53.7,OK,,,,52.3,OK,,,,-293.21,OK,,,,-292.6,OK,,,,172.06,OK,,,,174.02,OK,,,,,,,,,,,,,,,,,
2410120666D,ATKINSON 3.8 OCV,DM2P8,2024-10-12 14:27:42,18.992,23.51,OK,28.91,28.79,OK,25.23,25.14,OK,24.17,24.05,OK,25.74,25.69,OK,27.1,27,OK,26.25,26.15,OK,25.4,25.35,OK,0,0,,0,0,,11.31,OK,10.8,OK,10.77,OK,10.8,OK,10.8,OK,10.82,OK,10.81,OK,0,,0,,10.16,OK,10.18,OK,10.1,OK,10.17,OK,10.16,OK,10.11,OK,10.07,OK,0,,0,,,,81.71,OK,,,,81.92,OK,,,,158.32,OK,,,,158.41,OK,,,,37.31,OK,,,,37.98,OK,,,,,,,,,,,,,,,,,
2410120623C,NEW KAPPAEX1.0,CM1P1,2024-10-12 14:27:53,18.682,27.43,OK,24.74,24.53,OK,24.3,23.65,OK,23.83,23.65,OK,22.99,22.53,OK,22.27,22.15,OK,23.69,23.51,OK,23.11,22.78,OK,0,0,,0,0,,5.91,OK,7.01,OK,6.96,OK,6.97,OK,7.16,OK,7.1,OK,7.05,OK,0,,0,,5.97,OK,6.37,OK,6.43,OK,6.55,OK,6.5,OK,6.53,OK,6.38,OK,0,,0,,,,54.33,OK,,,,54.21,OK,,,,-294.09,OK,,,,-294.28,OK,,,,173.35,OK,,,,173.85,OK,,,,,,,,,,,,,,,,,
2410120667D,ATKINSON 3.8 OCV,DM3P7,2024-10-12 14:28:37,18.986,23.56,OK,26.14,26.07,OK,26.12,26.05,OK,26.52,26.07,OK,25.17,25.12,OK,26.14,26.05,OK,26.12,26.03,OK,26.54,26.33,OK,0,0,,0,0,,11.36,OK,11.64,OK,11.62,OK,11.65,OK,11.65,OK,11.64,OK,11.33,OK,0,,0,,12.8,OK,12.81,OK,12.8,OK,12.8,OK,12.6,OK,12.79,OK,12.78,OK,0,,0,,,,82.02,OK,,,,82.81,OK,,,,157.77,OK,,,,158.28,OK,,,,37.2,OK,,,,37.48,OK,,,,,,,,,,,,,,,,,
2410120624C,NEW KAPPAEX1.0,CM2P8,2024-10-12 14:28:42,18.681,27.11,OK,24.92,24.76,OK,23.01,22.87,OK,24.06,23.69,OK,21.35,20.72,OK,22.82,22.73,OK,20.96,20.65,OK,23.13,22.64,OK,0,0,,0,0,,15.36,OK,15.36,OK,15.36,OK,15.36,OK,15.36,OK,15.36,OK,15.36,OK,0,,0,,15.36,OK,15.36,OK,15.36,OK,15.36,OK,15.36,OK,15.36,OK,15.36,OK,0,,0,,,,53.48,OK,,,,53.36,OK,,,,-291.82,OK,,,,-292.09,OK,,,,171.87,OK,,,,172.92,OK,,,,,,,,,,,,,,,,,
2410120625C,NEW KAPPAEX1.0,CM3P3,2024-10-12 14:29:30,18.697,27.67,OK,29.08,28.47,OK,27.43,26.88,OK,27.18,26.86,OK,26.68,25.95,OK,26.63,26.36,OK,25.46,24.85,OK,24.94,24.3,OK,0,0,,0,0,,0,OK,0,OK,0,OK,0,OK,0,OK,0,OK,0,OK,0,,0,,0,OK,0,OK,0,OK,0,OK,0,OK,0,OK,0,OK,0,,0,,,,53.28,OK,,,,53.11,OK,,,,-291.95,OK,,,,-293.43,OK,,,,172.67,OK,,,,173.32,OK,,,,,,,,,,,,,,,,,
2410120668D,ATKINSON 3.8 OCV,DM5P2,2024-10-12 14:29:32,18.989,25.01,OK,26.73,26.59,OK,25.74,25.62,OK,24.32,24.06,OK,26.83,26.62,OK,24.88,24.69,OK,23.14,23.07,OK,23.21,23.09,OK,0,0,,0,0,,2.16,OK,2.7,OK,2.67,OK,2.82,OK,2.83,OK,2.78,OK,2.67,OK,0,,0,,0.86,OK,0.87,OK,0.85,OK,0.88,OK,0.87,OK,0.91,OK,0.88,OK,0,,0,,,,82.05,OK,,,,82.19,OK,,,,158.08,OK,,,,158.56,OK,,,,38.14,OK,,,,37.94,OK,,,,,,,,,,,,,,,,,
2410120626C,NEW KAPPAEX1.0,CM4P6,2024-10-12 14:30:16,18.684,27.03,OK,27.09,26.43,OK,23.38,22.56,OK,23.9,23.27,OK,21.97,21.77,OK,24.3,24.15,OK,23.31,22.91,OK,21.31,20.63,OK,0,0,,0,0,,0,OK,0,OK,0,OK,0,OK,0,OK,0,OK,0,OK,0,,0,,0,OK,0,OK,0,OK,0,OK,0,OK,0,OK,0,OK,0,,0,,,,53.23,OK,,,,53.12,OK,,,,-293.99,OK,,,,-293.26,OK,,,,173.66,OK,,,,173.64,OK,,,,,,,,,,,,,,,,,
2410120663D,ATKINSON 3.8 OCV,DM4P5,2024-10-12 14:30:24,18.991,22.22,OK,26.19,26.07,OK,23.59,23.52,OK,26.07,25.7,OK,23.59,23.55,OK,24.75,24.68,OK,25.22,25.19,OK,24.22,24.13,OK,0,0,,0,0,,12.44,OK,12.63,OK,12.65,OK,12.64,OK,12.61,OK,12.62,OK,12.62,OK,0,,0,,12.54,OK,12.53,OK,12.43,OK,12.27,OK,11.74,OK,12.11,OK,12.42,OK,0,,0,,,,82.18,OK,,,,81.7,OK,,,,158.41,OK,,,,158.26,OK,,,,37.96,OK,,,,37.59,OK,,,,,,,,,,,,,,,,,
2410120627C,NEW KAPPAEX1.0,CM5P5,2024-10-12 14:31:05,18.684,27.03,OK,26.31,26.02,OK,21.46,21.19,OK,23.51,23.18,OK,22.08,21.93,OK,22.84,22.63,OK,23.27,22.94,OK,22.55,22.15,OK,0,0,,0,0,,2.51,OK,2.51,OK,2.56,OK,2.52,OK,2.53,OK,2.53,OK,2.51,OK,0,,0,,2.68,OK,2.46,OK,2.53,OK,2.5,OK,2.47,OK,2.47,OK,2.38,OK,0,,0,,,,53.94,OK,,,,53.33,OK,,,,-293.09,OK,,,,-292.84,OK,,,,172.08,OK,,,,171.9,OK,,,,,,,,,,,,,,,,,
2410120669D,ATKINSON 3.8 OCV,DM1P3,2024-10-12 14:31:19,18.991,23.43,OK,25.06,24.94,OK,28.84,28.57,OK,26.38,26.14,OK,27.37,26.97,OK,27.82,27.76,OK,26.16,26.11,OK,25.75,25.69,OK,0,0,,0,0,,11.39,OK,11.42,OK,11.44,OK,11.44,OK,11.69,OK,11.43,OK,11.69,OK,0,,0,,9.95,OK,10.34,OK,10.32,OK,10.42,OK,10.28,OK,10.25,OK,10.22,OK,0,,0,,,,82.66,OK,,,,82.23,OK,,,,157.72,OK,,,,158.08,OK,,,,37.36,OK,,,,37.69,OK,,,,,,,,,,,,,,,,,
2410120628C,NEW KAPPAEX1.0,CM1P9,2024-10-12 14:31:57,18.684,27.47,OK,24.81,24.6,OK,23.51,23.25,OK,24,23.83,OK,21.73,21.27,OK,22.55,22.41,OK,23.39,22.92,OK,22.62,22.29,OK,0,0,,0,0,,6.44,OK,6.93,OK,6.86,OK,6.96,OK,7.01,OK,7.01,OK,6.94,OK,0,,0,,6.12,OK,6.58,OK,6.53,OK,6.49,OK,6.64,OK,6.88,OK,7.02,OK,0,,0,,,,54.38,OK,,,,54.02,OK,,,,-294.96,OK,,,,-293.94,OK,,,,172.45,OK,,,,172.09,OK,,,,,,,,,,,,,,,,,
2410120670D,ATKINSON 3.8 OCV,DM2P9,2024-10-12 14:32:11,18.994,23.63,OK,29.21,29.08,OK,25.11,25.01,OK,24.63,24.43,OK,26.42,26.35,OK,27.15,27.12,OK,25.01,24.97,OK,24.22,24.17,OK,0,0,,0,0,,10.68,OK,10.79,OK,10.78,OK,10.81,OK,10.8,OK,10.8,OK,10.8,OK,0,,0,,10.19,OK,10.05,OK,10.01,OK,10.09,OK,10.04,OK,10.08,OK,10.03,OK,0,,0,,,,81.81,OK,,,,82.02,OK,,,,158.37,OK,,,,158.53,OK,,,,38.63,OK,,,,37.9,OK,,,,,,,,,,,,,,,,,
2410120629C,NEW KAPPAEX1.0,CM2P2,2024-10-12 14:32:46,18.687,26.83,OK,26.67,26.53,OK,24.34,24.15,OK,25.11,24.78,OK,23.03,22.82,OK,23.85,23.85,OK,23.85,23.55,OK,24.81,24.46,OK,0,0,,0,0,,15.36,OK,15.36,OK,15.36,OK,15.36,OK,15.36,OK,15.36,OK,15.36,OK,0,,0,,15.36,OK,15.36,OK,15.36,OK,15.36,OK,15.36,OK,15.36,OK,15.36,OK,0,,0,,,,54.09,OK,,,,54.6,OK,,,,-292.36,OK,,,,-292.51,OK,,,,173.3,OK,,,,172.88,OK,,,,,,,,,,,,,,,,,
2410120671D,ATKINSON 3.8 OCV,DM3P1,2024-10-12 14:33:07,18.985,23.75,OK,25.8,25.7,OK,25.94,25.87,OK,25.47,25.33,OK,24.68,24.68,OK,26.1,26.03,OK,26.26,26.17,OK,26.1,25.98,OK,0,0,,0,0,,11.6,OK,11.64,OK,11.72,OK,11.6,OK,11.47,OK,11.73,OK,11.52,OK,0,,0,,12.53,OK,12.8,OK,12.83,OK,12.79,OK,12.75,OK,12.92,OK,12.77,OK,0,,0,,,,81.44,OK,,,,81.97,OK,,,,157.83,OK,,,,158.45,OK,,,,37.19,OK,,,,37.45,OK,,,,,,,,,,,,,,,,,
2410120630C,NEW KAPPAEX1.0,CM3P7,2024-10-12 14:33:31,18.692,27.3,OK,28.13,27.54,OK,26.34,25.98,OK,26.29,25.86,OK,25.57,24.94,OK,26.38,26,OK,26.7,25.59,OK,27.54,26.75,OK,0,0,,0,0,,0,OK,0,OK,0,OK,0,OK,0,OK,0,OK,0,OK,0,,0,,0,OK,0,OK,0,OK,0,OK,0,OK,0,OK,0,OK,0,,0,,,,53.25,OK,,,,53.01,OK,,,,-291.58,OK,,,,-290.74,OK,,,,172.45,OK,,,,172.02,OK,,,,,,,,,,,,,,,,,
2410120672D,ATKINSON 3.8 OCV,DM5P4,2024-10-12 14:34:02,18.988,23.43,OK,24.44,24.34,OK,24.69,24.6,OK,24.32,23.81,OK,25.34,25.16,OK,25.48,25.29,OK,25.41,25.29,OK,25.16,25.02,OK,0,0,,0,0,,2.15,OK,2.65,OK,2.67,OK,2.65,OK,2.7,OK,2.88,OK,2.83,OK,0,,0,,0.85,OK,0.86,OK,0.84,OK,0.83,OK,0.87,OK,0.84,OK,0.87,OK,0,,0,,,,81.17,OK,,,,81.36,OK,,,,158.07,OK,,,,159.08,OK,,,,38.2,OK,,,,38.17,OK,,,,,,,,,,,,,,,,,
2410120631C,NEW KAPPAEX1.0,CM4P4,2024-10-12 14:34:17,18.696,27.6,OK,26.79,26.5,OK,23.68,23.42,OK,25.58,25.09,OK,24.59,24.28,OK,25.22,24.89,OK,23.05,22.63,OK,23.77,23.33,OK,0,0,,0,0,,0,OK,0,OK,0,OK,0,OK,0,OK,0,OK,0,OK,0,,0,,0,OK,0,OK,0,OK,0,OK,0,OK,0,OK,0,OK,0,,0,,,,53.52,OK,,,,53.53,OK,,,,-293.32,OK,,,,-292.5,OK,,,,171.84,OK,,,,173.28,OK,,,,,,,,,,,,,,,,,
2410120673D,ATKINSON 3.8 OCV,DM4P6,2024-10-12 14:34:54,18.986,23.87,OK,26.12,26,OK,22.55,22.41,OK,25.4,25.15,OK,26.68,26.54,OK,25.19,25.1,OK,26.86,26.75,OK,24.54,24.45,OK,0,0,,0,0,,12.53,OK,12.59,OK,12.5,OK,12.47,OK,12.63,OK,12.64,OK,12.61,OK,0,,0,,12.32,OK,12.58,OK,12.45,OK,12.47,OK,12.45,OK,12.53,OK,12.48,OK,0,,0,,,,82.69,OK,,,,82.62,OK,,,,157.75,OK,,,,157.17,OK,,,,37.42,OK,,,,37.45,OK,,,,,,,,,,,,,,,,,
2410120632C,NEW KAPPAEX1.0,CM5P1,2024-10-12 14:35:05,18.699,26.31,OK,25.59,25.13,OK,22.44,22.17,OK,23.51,23.08,OK,21.34,21.15,OK,22.98,22.79,OK,23.84,23.37,OK,22.63,22.41,OK,0,0,,0,0,,2.49,OK,2.51,OK,2.58,OK,2.54,OK,2.52,OK,2.55,OK,2.53,OK,0,,0,,2.64,OK,2.49,OK,2.5,OK,2.59,OK,2.45,OK,2.48,OK,2.39,OK,0,,0,,,,53.65,OK,,,,53.29,OK,,,,-292.37,OK,,,,-291.4,OK,,,,171.5,OK,,,,172.41,OK,,,,,,,,,,,,,,,,,
2410120674D,ATKINSON 3.8 OCV,DM1P8,2024-10-12 14:35:49,18.993,22.91,OK,26.54,26.54,OK,27.82,27.69,OK,25.8,25.24,OK,27.6,27.53,OK,24.79,24.74,OK,25.8,25.69,OK,25.75,25.66,OK,0,0,,0,0,,11.42,OK,11.44,OK,11.44,OK,11.35,OK,11.6,OK,11.65,OK,11.52,OK,0,,0,,9.93,OK,10.38,OK,10.29,OK,10.42,OK,10.33,OK,10.26,OK,10.19,OK,0,,0,,,,81.68,OK,,,,81.91,OK,,,,157.96,OK,,,,158.29,OK,,,,37.53,OK,,,,37.86,OK,,,,,,,,,,,,,,,,,
2410120633C,NEW KAPPAEX1.0,CM1P8,2024-10-12 14:35:51,18.69,26.23,OK,25.14,24.98,OK,23.41,22.85,OK,23.16,22.97,OK,23.9,23.34,OK,22.06,21.97,OK,22.97,22.57,OK,23.41,22.99,OK,0,0,,0,0,,6.14,OK,6.75,OK,6.72,OK,6.82,OK,6.85,OK,7.06,OK,7.39,OK,0,,0,,6.5,OK,6.64,OK,6.83,OK,7.19,OK,7.28,OK,6.75,OK,6.69,OK,0,,0,,,,53.5,OK,,,,53.62,OK,,,,-292.96,OK,,,,-293.58,OK,,,,173.56,OK,,,,173.25,OK,,,,,,,,,,,,,,,,,
2410120634C,NEW KAPPAEX1.0,CM2P3,2024-10-12 14:36:39,18.694,27.16,OK,24.53,24.18,OK,22.68,22.5,OK,23.13,22.66,OK,22.5,22.4,OK,23.29,22.92,OK,21.63,21.21,OK,22.8,22.61,OK,0,0,,0,0,,15.36,OK,15.36,OK,15.36,OK,15.36,OK,15.36,OK,15.36,OK,15.36,OK,0,,0,,15.36,OK,15.36,OK,15.36,OK,15.36,OK,15.36,OK,15.36,OK,15.36,OK,0,,0,,,,53.3,OK,,,,52.99,OK,,,,-292.6,OK,,,,-291.74,OK,,,,172.76,OK,,,,171.75,OK,,,,,,,,,,,,,,,,,
2410120675D,ATKINSON 3.8 OCV,DM2P7,2024-10-12 14:36:41,18.996,23.41,OK,27.27,27.27,OK,22.71,22.69,OK,23.54,23.27,OK,25.55,25.5,OK,26.2,26.15,OK,25.23,25.11,OK,23.61,23.54,OK,0,0,,0,0,,10.71,OK,10.76,OK,10.77,OK,10.79,OK,10.8,OK,10.82,OK,10.81,OK,0,,0,,10.17,OK,10.03,OK,10.14,OK,10,OK,10.09,OK,10.08,OK,10.01,OK,0,,0,,,,81.85,OK,,,,82.73,OK,,,,157.71,OK,,,,157.76,OK,,,,37.8,OK,,,,38.29,OK,,,,,,,,,,,,,,,,,
2410120635C,NEW KAPPAEX1.0,CM3P6,2024-10-12 14:37:28,18.685,26.82,OK,25.8,25.16,OK,27.11,26.36,OK,26.23,25.8,OK,25.34,24.32,OK,26.18,25.86,OK,26.41,25.07,OK,25.16,24.05,OK,0,0,,0,0,,0,OK,0,OK,0,OK,0,OK,0,OK,0,OK,0,OK,0,,0,,0,OK,0,OK,0,OK,0,OK,0,OK,0,OK,0,OK,0,,0,,,,52.77,OK,,,,52.86,OK,,,,-292.63,OK,,,,-292.66,OK,,,,171.42,OK,,,,173.83,OK,,,,,,,,,,,,,,,,,
2410120676D,ATKINSON 3.8 OCV,DM3P2,2024-10-12 14:37:40,18.992,25.87,OK,25.36,25.24,OK,24.45,24.36,OK,24.26,24.1,OK,23.06,23.01,OK,26.96,26.93,OK,25.47,25.47,OK,24.87,24.87,OK,0,0,,0,0,,11.44,OK,11.6,OK,11.6,OK,11.63,OK,11.5,OK,11.61,OK,11.62,OK,0,,0,,12.6,OK,12.81,OK,12.8,OK,12.78,OK,12.75,OK,12.89,OK,12.8,OK,0,,0,,,,81.94,OK,,,,82.23,OK,,,,157.69,OK,,,,158.31,OK,,,,37.71,OK,,,,37.3,OK,,,,,,,,,,,,,,,,,
2410120636C,NEW KAPPAEX1.0,CM4P5,2024-10-12 14:38:20,18.698,27.92,OK,23.38,22.65,OK,23.16,22.74,OK,23.93,23.53,OK,22.67,22.5,OK,24.19,24.19,OK,23.09,22.74,OK,21.51,20.87,OK,0,0,,0,0,,0,OK,0,OK,0,OK,0,OK,0,OK,0,OK,0,OK,0,,0,,0,OK,0,OK,0,OK,0,OK,0,OK,0,OK,0,OK,0,,0,,,,54.01,OK,,,,52.76,OK,,,,-293.21,OK,,,,-292.14,OK,,,,171.41,OK,,,,172.71,OK,,,,,,,,,,,,,,,,,
2410120677D,ATKINSON 3.8 OCV,DM5P5,2024-10-12 14:38:35,18.994,22.76,OK,24.58,24.48,OK,24.55,24.41,OK,23.88,23.51,OK,26.57,26.36,OK,23.07,22.93,OK,24.78,24.67,OK,24.48,24.3,OK,0,0,,0,0,,2.12,OK,2.69,OK,2.65,OK,2.67,OK,2.72,OK,2.71,OK,2.71,OK,0,,0,,0.85,OK,0.84,OK,0.86,OK,0.86,OK,0.87,OK,0.87,OK,0.86,OK,0,,0,,,,81.13,OK,,,,81.76,OK,,,,158.8,OK,,,,159.11,OK,,,,38.36,OK,,,,38.42,OK,,,,,,,,,,,,,,,,,
2410120637C,NEW KAPPAEX1.0,CM5P9,2024-10-12 14:39:06,18.696,27.07,OK,24.94,24.68,OK,23.56,23.25,OK,22.67,22.46,OK,21.05,20.81,OK,21.98,21.74,OK,22.82,22.51,OK,22.22,21.81,OK,0,0,,0,0,,2.46,OK,2.55,OK,2.52,OK,2.5,OK,2.5,OK,2.49,OK,2.49,OK,0,,0,,2.72,OK,2.55,OK,2.42,OK,2.4,OK,2.4,OK,2.47,OK,2.38,OK,0,,0,,,,54.12,OK,,,,53.73,OK,,,,-292.81,OK,,,,-292.43,OK,,,,172.18,OK,,,,172.31,OK,,,,,,,,,,,,,,,,,
2410120678D,ATKINSON 3.8 OCV,DM4P3,2024-10-12 14:39:30,18.986,23.66,OK,23.92,23.82,OK,23.45,23.29,OK,24.47,24.22,OK,24.13,24.1,OK,24.98,24.89,OK,25.38,25.24,OK,24.57,24.52,OK,0,0,,0,0,,12.38,OK,12.09,OK,12.54,OK,12.3,OK,12.64,OK,12.66,OK,12.62,OK,0,,0,,12.35,OK,12.47,OK,12.47,OK,12.45,OK,12.45,OK,12.5,OK,12.43,OK,0,,0,,,,82.74,OK,,,,82.2,OK,,,,158.28,OK,,,,158.23,OK,,,,37.54,OK,,,,37.71,OK,,,,,,,,,,,,,,,,,
2410120638C,NEW KAPPAEX1.0,CM1P2,2024-10-12 14:39:55,18.691,27.71,OK,25,24.88,OK,22.2,21.85,OK,24.14,23.93,OK,22.11,21.31,OK,22.69,22.62,OK,22.97,22.64,OK,22.57,22.36,OK,0,0,,0,0,,6.17,OK,6.73,OK,6.72,OK,6.82,OK,6.93,OK,6.94,OK,6.97,OK,0,,0,,6.04,OK,6.48,OK,6.59,OK,6.63,OK,6.75,OK,6.78,OK,6.94,OK,0,,0,,,,54.16,OK,,,,53.53,OK,,,,-292.61,OK,,,,-293.59,OK,,,,174.31,OK,,,,172.77,OK,,,,,,,,,,,,,,,,,
2410120679D,ATKINSON 3.8 OCV,DM1P9,2024-10-12 14:40:25,18.986,23.48,OK,26.36,26.18,OK,27.04,26.86,OK,25.01,24.88,OK,25.44,25.37,OK,25.3,25.26,OK,25.12,25.01,OK,24.4,24.38,OK,0,0,,0,0,,11.4,OK,11.38,OK,11.48,OK,11.66,OK,11.53,OK,11.68,OK,11.47,OK,0,,0,,9.99,OK,10.21,OK,10.34,OK,10.26,OK,10.24,OK,10.13,OK,10.16,OK,0,,0,,,,81.83,OK,,,,82.12,OK,,,,158.08,OK,,,,158.36,OK,,,,38.07,OK,,,,37.59,OK,,,,,,,,,,,,,,,,,
2410120639C,NEW KAPPAEX1.0,CM2P7,2024-10-12 14:40:50,18.696,28.13,OK,23.94,23.83,OK,21.24,20.98,OK,23.06,22.59,OK,21.84,21.59,OK,21.75,21.7,OK,20.79,20.35,OK,22.73,22.47,OK,0,0,,0,0,,15.36,OK,15.36,OK,15.36,OK,15.36,OK,15.36,OK,15.36,OK,15.36,OK,0,,0,,15.36,OK,15.36,OK,15.36,OK,15.36,OK,15.36,OK,15.36,OK,15.36,OK,0,,0,,,,54.75,OK,,,,54.15,OK,,,,-292.42,OK,,,,-293.06,OK,,,,171.63,OK,,,,171.98,OK,,,,,,,,,,,,,,,,,
2410120680D,ATKINSON 3.8 OCV,DM2P1,2024-10-12 14:41:21,18.995,23.01,OK,28.38,28.33,OK,23.83,23.8,OK,23.9,23.71,OK,25.31,25.26,OK,26.32,26.3,OK,25.84,25.74,OK,24.65,24.55,OK,0,0,,0,0,,10.8,OK,10.77,OK,10.75,OK,10.79,OK,10.78,OK,10.8,OK,10.82,OK,0,,0,,10.06,OK,10.08,OK,10.08,OK,10.09,OK,10.15,OK,10.06,OK,10,OK,0,,0,,,,82.02,OK,,,,82.45,OK,,,,157.56,OK,,,,158.34,OK,,,,37.76,OK,,,,37.91,OK,,,,,,,,,,,,,,,,,
2410120640C,NEW KAPPAEX1.0,CM3P4,2024-10-12 14:41:39,18.685,28.05,OK,26.02,25.32,OK,25.14,24.73,OK,27.04,26.59,OK,25.25,24.71,OK,25.98,25.57,OK,26.66,26.14,OK,25.84,25.48,OK,0,0,,0,0,,0,OK,0,OK,0,OK,0,OK,0,OK,0,OK,0,OK,0,,0,,0,OK,0,OK,0,OK,0,OK,0,OK,0,OK,0,OK,0,,0,,,,55,OK,,,,53.23,OK,,,,-293.12,OK,,,,-293.67,OK,,,,173.45,OK,,,,172.9,OK,,,,,,,,,,,,,,,,,
2410120681D,ATKINSON 3.8 OCV,DM3P4,2024-10-12 14:42:13,18.998,25.12,OK,31.6,31.53,OK,27.21,27.16,OK,25.12,24.73,OK,24.91,24.87,OK,26.96,26.79,OK,28.28,28.19,OK,26.26,26.21,OK,0,0,,0,0,,11.45,OK,11.59,OK,11.6,OK,11.59,OK,11.48,OK,11.65,OK,11.63,OK,0,,0,,12.57,OK,12.8,OK,12.8,OK,12.74,OK,12.74,OK,12.58,OK,12.86,OK,0,,0,,,,82.04,OK,,,,82.26,OK,,,,157.18,OK,,,,158.05,OK,,,,37.28,OK,,,,37.38,OK,,,,,,,,,,,,,,,,,
2410120641C,NEW KAPPAEX1.0,CM4P1,2024-10-12 14:42:31,18.689,27.7,OK,25.66,25,OK,22.96,22.69,OK,24.61,24.04,OK,23.33,23.07,OK,23.84,23.82,OK,23.05,22.58,OK,21.07,20.41,OK,0,0,,0,0,,0,OK,0,OK,0,OK,0,OK,0,OK,0,OK,0,OK,0,,0,,0,OK,0,OK,0,OK,0,OK,0,OK,0,OK,0,OK,0,,0,,,,55.7,OK,,,,55.13,OK,,,,-293.68,OK,,,,-293.81,OK,,,,172.82,OK,,,,173.53,OK,,,,,,,,,,,,,,,,,
2410120682D,ATKINSON 3.8 OCV,DM5P6,2024-10-12 14:43:08,18.989,23.93,OK,24.55,24.44,OK,25.74,25.6,OK,23.86,23.44,OK,23.93,23.79,OK,25.67,25.5,OK,23.62,23.44,OK,23.69,23.58,OK,0,0,,0,0,,2.16,OK,2.66,OK,2.67,OK,2.79,OK,2.74,OK,2.76,OK,2.7,OK,0,,0,,0.84,OK,0.85,OK,0.85,OK,0.81,OK,0.85,OK,0.87,OK,0.85,OK,0,,0,,,,81.91,OK,,,,82.3,OK,,,,157.9,OK,,,,158.05,OK,,,,38.14,OK,,,,38.4,OK,,,,,,,,,,,,,,,,,
2410120642C,NEW KAPPAEX1.0,CM5P8,2024-10-12 14:43:19,18.686,26.47,OK,25.02,24.75,OK,22.03,21.74,OK,22.72,22.39,OK,21,20.93,OK,22.63,22.44,OK,21.67,21.46,OK,22.79,22.39,OK,0,0,,0,0,,2.46,OK,2.53,OK,2.48,OK,2.53,OK,2.51,OK,2.5,OK,2.5,OK,0,,0,,2.6,OK,2.44,OK,2.46,OK,2.53,OK,2.44,OK,2.45,OK,2.36,OK,0,,0,,,,53.53,OK,,,,54.71,OK,,,,-292.46,OK,,,,-293.76,OK,,,,172.01,OK,,,,172.96,OK,,,,,,,,,,,,,,,,,
2410120683D,ATKINSON 3.8 OCV,DM4P8,2024-10-12 14:44:00,18.988,23.92,OK,25.19,25.05,OK,23.85,23.59,OK,23.96,23.78,OK,24.98,24.84,OK,24.5,24.4,OK,24.52,24.47,OK,24.64,24.57,OK,0,0,,0,0,,11.78,OK,12.55,OK,12.45,OK,12.62,OK,12.64,OK,12.65,OK,12.49,OK,0,,0,,12.48,OK,12.49,OK,12.45,OK,12.43,OK,12.45,OK,12.52,OK,12.48,OK,0,,0,,,,81.55,OK,,,,81.74,OK,,,,158.3,OK,,,,158.56,OK,,,,37.71,OK,,,,37.97,OK,,,,,,,,,,,,,,,,,
2410120643C,NEW KAPPAEX1.0,CM1P3,2024-10-12 14:44:08,18.692,27.11,OK,24.72,24.37,OK,23.39,22.92,OK,24.7,24.56,OK,23.34,22.74,OK,23.55,23.51,OK,23.58,23.41,OK,24.46,24.07,OK,0,0,,0,0,,6.19,OK,6.8,OK,6.8,OK,6.84,OK,7,OK,6.93,OK,6.89,OK,0,,0,,6.21,OK,6.43,OK,6.63,OK,6.73,OK,6.64,OK,7.38,OK,6.31,OK,0,,0,,,,55.46,OK,,,,57.16,NG,,,,-293.69,OK,,,,-294.7,OK,,,,174.88,OK,,,,172.73,OK,,,,,,,,,,,,,,,,,
2410120684D,ATKINSON 3.8 OCV,DM1P7,2024-10-12 14:44:55,18.99,24.13,OK,25.44,25.17,OK,26.47,26.43,OK,25.19,25.01,OK,27.37,27.08,OK,26.34,26.34,OK,24.92,24.85,OK,25.15,25.15,OK,0,0,,0,0,,11.44,OK,11.44,OK,11.42,OK,11.34,OK,11.43,OK,11.48,OK,11.61,OK,0,,0,,9.94,OK,10.38,OK,10.28,OK,10.3,OK,10.18,OK,10.27,OK,10.26,OK,0,,0,,,,82.34,OK,,,,82.69,OK,,,,157.23,OK,,,,157.44,OK,,,,37.43,OK,,,,37.59,OK,,,,,,,,,,,,,,,,,
2410120644C,NEW KAPPAEX1.0,CM2P6,2024-10-12 14:44:57,18.695,27.1,OK,23.69,23.59,OK,24.04,23.52,OK,23.69,23.43,OK,23.15,22.85,OK,22.59,22.54,OK,21.75,21.49,OK,23.38,23.06,OK,0,0,,0,0,,15.36,OK,15.36,OK,15.36,OK,15.36,OK,15.36,OK,15.36,OK,15.36,OK,0,,0,,15.36,OK,15.36,OK,15.36,OK,15.36,OK,15.36,OK,15.36,OK,15.36,OK,0,,0,,,,54.96,OK,,,,53.46,OK,,,,-293.63,OK,,,,-293.24,OK,,,,173.36,OK,,,,173.89,OK,,,,,,,,,,,,,,,,,
2410120645C,NEW KAPPAEX1.0,CM3P5,2024-10-12 14:45:42,18.686,27.92,OK,26.5,25.77,OK,26.09,25.57,OK,26.25,25.86,OK,25.12,24.6,OK,25.68,25.21,OK,25,24.42,OK,25.57,24.71,OK,0,0,,0,0,,0,OK,0,OK,0,OK,0,OK,0,OK,0,OK,0,OK,0,,0,,0,OK,0,OK,0,OK,0,OK,0,OK,0,OK,0,OK,0,,0,,,,53.58,OK,,,,54.04,OK,,,,-292.91,OK,,,,-292.07,OK,,,,173.1,OK,,,,172.55,OK,,,,,,,,,,,,,,,,,
2410120685D,ATKINSON 3.8 OCV,DM2P2,2024-10-12 14:45:51,18.997,23.77,OK,27.8,27.75,OK,24.17,24.09,OK,23.49,23.34,OK,24.75,24.7,OK,25.28,25.26,OK,24.94,24.89,OK,24.94,24.85,OK,0,0,,0,0,,10.81,OK,10.76,OK,10.76,OK,10.81,OK,10.81,OK,10.74,OK,10.78,OK,0,,0,,10.14,OK,10.15,OK,10.09,OK,10.19,OK,10.08,OK,10.15,OK,10.17,OK,0,,0,,,,81.71,OK,,,,82.4,OK,,,,157.98,OK,,,,158.36,OK,,,,38.12,OK,,,,37.68,OK,,,,,,,,,,,,,,,,,
2410120646C,NEW KAPPAEX1.0,CM4P9,2024-10-12 14:46:28,18.69,27.5,OK,25.58,24.89,OK,21.97,21.4,OK,24.37,23.64,OK,22.87,22.54,OK,24.67,24.61,OK,22.32,21.95,OK,21.13,20.6,OK,0,0,,0,0,,0,OK,0,OK,0,OK,0,OK,0,OK,0,OK,0,OK,0,,0,,0,OK,0,OK,0,OK,0,OK,0,OK,0,OK,0,OK,0,,0,,,,54.9,OK,,,,53.72,OK,,,,-294.21,OK,,,,-293.64,OK,,,,173.8,OK,,,,172.96,OK,,,,,,,,,,,,,,,,,
2410120686D,ATKINSON 3.8 OCV,DM3P5,2024-10-12 14:46:46,18.994,22.71,OK,29.09,29,OK,24.78,24.68,OK,24.91,24.73,OK,26.82,26.77,OK,28.44,28.32,OK,25.52,25.47,OK,25.01,24.91,OK,0,0,,0,0,,11.43,OK,11.63,OK,11.62,OK,11.61,OK,11.5,OK,11.64,OK,11.63,OK,0,,0,,12.58,OK,12.85,OK,12.79,OK,12.74,OK,12.82,OK,12.58,OK,12.76,OK,0,,0,,,,81.64,OK,,,,81.56,OK,,,,157.93,OK,,,,158.28,OK,,,,37.68,OK,,,,37.67,OK,,,,,,,,,,,,,,,,,
2410120647C,NEW KAPPAEX1.0,CM5P2,2024-10-12 14:47:16,18.688,28.21,OK,25.66,25.4,OK,22.1,21.77,OK,22.36,22.08,OK,21.19,21.03,OK,23.37,23.06,OK,21.74,21.36,OK,22.77,22.41,OK,0,0,,0,0,,2.47,OK,2.52,OK,2.49,OK,2.5,OK,2.57,OK,2.53,OK,2.53,OK,0,,0,,2.58,OK,2.39,OK,2.46,OK,2.41,OK,2.59,OK,2.45,OK,2.38,OK,0,,0,,,,54.5,OK,,,,54.49,OK,,,,-292.41,OK,,,,-293.43,OK,,,,172.74,OK,,,,172.49,OK,,,,,,,,,,,,,,,,,
2410120687D,ATKINSON 3.8 OCV,DM5P3,2024-10-12 14:47:38,18.998,24.18,OK,24.51,24.23,OK,26.36,26.22,OK,24.9,24.46,OK,24.88,24.78,OK,24.71,24.58,OK,24.71,24.51,OK,24.53,24.34,OK,0,0,,0,0,,2.16,OK,2.65,OK,2.65,OK,2.74,OK,2.72,OK,2.77,OK,2.77,OK,0,,0,,0.83,OK,0.81,OK,0.84,OK,0.86,OK,0.85,OK,0.88,OK,0.88,OK,0,,0,,,,82.88,OK,,,,81.34,OK,,,,158.25,OK,,,,158.68,OK,,,,38.04,OK,,,,38.3,OK,,,,,,,,,,,,,,,,,
2410120648C,NEW KAPPAEX1.0,CM1P7,2024-10-12 14:48:02,18.697,27.47,OK,24.11,23.95,OK,21.9,21.38,OK,24.09,23.86,OK,22.39,21.94,OK,22.88,22.69,OK,22.83,22.53,OK,23.13,22.76,OK,0,0,,0,0,,6.11,OK,6.69,OK,6.76,OK,6.86,OK,6.85,OK,6.9,OK,7.66,OK,0,,0,,6.36,OK,6.44,OK,6.48,OK,6.77,OK,6.97,OK,7.18,OK,6.59,OK,0,,0,,,,54.46,OK,,,,56.24,NG,,,,-292,OK,,,,-293.51,OK,,,,173.15,OK,,,,173.38,OK,,,,,,,,,,,,,,,,,
2410120688D,ATKINSON 3.8 OCV,DM4P9,2024-10-12 14:48:30,18.989,23.73,OK,23.73,23.55,OK,22.73,22.55,OK,25.8,25.42,OK,25.89,25.82,OK,24.94,24.89,OK,25.26,25.17,OK,23.66,23.62,OK,0,0,,0,0,,11.88,OK,12.59,OK,12.6,OK,12.53,OK,12.64,OK,12.63,OK,12.48,OK,0,,0,,12.45,OK,12.53,OK,12.52,OK,12.45,OK,12.45,OK,12.5,OK,12.47,OK,0,,0,,,,81.67,OK,,,,81.72,OK,,,,158.1,OK,,,,158.36,OK,,,,38.02,OK,,,,37.52,OK,,,,,,,,,,,,,,,,,
2410120649C,NEW KAPPAEX1.0,CM2P4,2024-10-12 14:48:51,18.687,25.98,OK,22.87,22.66,OK,23.71,23.27,OK,23.71,23.34,OK,23.15,22.94,OK,23.38,23.17,OK,21.54,21.28,OK,23.34,22.92,OK,0,0,,0,0,,15.36,OK,15.36,OK,15.36,OK,15.36,OK,15.36,OK,15.36,OK,15.36,OK,0,,0,,15.36,OK,15.36,OK,15.36,OK,15.36,OK,15.36,OK,15.36,OK,15.36,OK,0,,0,,,,53.58,OK,,,,53.05,OK,,,,-292.83,OK,,,,-292.22,OK,,,,171.87,OK,,,,173,OK,,,,,,,,,,,,,,,,,
2410120689D,ATKINSON 3.8 OCV,DM1P1,2024-10-12 14:49:25,18.988,23.61,OK,26.09,26.02,OK,27.13,26.99,OK,25.03,24.88,OK,27.82,27.73,OK,26.41,26.38,OK,24.38,24.34,OK,26.29,26.25,OK,0,0,,0,0,,11.39,OK,11.42,OK,11.41,OK,11.32,OK,11.43,OK,11.5,OK,11.61,OK,0,,0,,9.94,OK,10.26,OK,10.35,OK,10.44,OK,10.34,OK,10.03,OK,10.2,OK,0,,0,,,,82.09,OK,,,,82.38,OK,,,,157.63,OK,,,,158.19,OK,,,,37.46,OK,,,,37.58,OK,,,,,,,,,,,,,,,,,
2410120650C,NEW KAPPAEX1.0,CM3P1,2024-10-12 14:49:40,18.696,26.88,OK,28.01,27.24,OK,25.73,25.23,OK,25.57,25,OK,25.89,25.05,OK,24.53,24.17,OK,25.52,24.85,OK,24.1,23.62,OK,0,0,,0,0,,0,OK,0,OK,0,OK,0,OK,0,OK,0,OK,0,OK,0,,0,,0,OK,0,OK,0,OK,0,OK,0,OK,0,OK,0,OK,0,,0,,,,54.51,OK,,,,54.2,OK,,,,-294,OK,,,,-291.76,OK,,,,173.79,OK,,,,173.49,OK,,,,,,,,,,,,,,,,,
2410120690D,ATKINSON 3.8 OCV,DM2P4,2024-10-12 14:50:20,18.988,23.61,OK,26.66,26.59,OK,23.1,22.98,OK,22.98,22.64,OK,26.69,26.66,OK,25.18,25.14,OK,24.99,24.97,OK,25.55,25.5,OK,0,0,,0,0,,11.11,OK,10.78,OK,10.78,OK,10.8,OK,10.82,OK,10.76,OK,10.8,OK,0,,0,,10.17,OK,10.2,OK,10.12,OK,10.14,OK,10.03,OK,10.09,OK,10.01,OK,0,,0,,,,81.72,OK,,,,82.32,OK,,,,157.77,OK,,,,158.28,OK,,,,37.82,OK,,,,38.1,OK,,,,,,,,,,,,,,,,,
2410120651C,NEW KAPPAEX1.0,CM4P8,2024-10-12 14:50:28,18.693,26.85,OK,26.1,25.44,OK,21.88,21.51,OK,24.61,23.73,OK,22.94,22.45,OK,21.55,21.31,OK,23.22,22.85,OK,21.22,20.63,OK,0,0,,0,0,,0,OK,0,OK,0,OK,0,OK,0,OK,0,OK,0,OK,0,,0,,0,OK,0,OK,0,OK,0,OK,0,OK,0,OK,0,OK,0,,0,,,,54.68,OK,,,,55.16,OK,,,,-292.82,OK,,,,-292.26,OK,,,,171.02,OK,,,,173.76,OK,,,,,,,,,,,,,,,,,
2410120653C,NEW KAPPAEX1.0,CM1P6,2024-10-12 14:51:14,18.687,27.66,OK,27.96,27.87,OK,23.37,22.92,OK,24.7,24.56,OK,23.16,22.83,OK,24.02,23.93,OK,23.86,23.65,OK,23.9,23.72,OK,0,0,,0,0,,6.03,OK,7.04,OK,7.02,OK,7.06,OK,7.23,OK,7.21,OK,7.15,OK,0,,0,,6.36,OK,6.59,OK,6.57,OK,6.61,OK,6.7,OK,6.73,OK,7.08,OK,0,,0,,,,52.85,OK,,,,55.1,OK,,,,-293.43,OK,,,,-293.95,OK,,,,174.23,OK,,,,173.69,OK,,,,,,,,,,,,,,,,,
2410120691D,ATKINSON 3.8 OCV,DM3P6,2024-10-12 14:51:15,18.987,22.88,OK,25.49,25.47,OK,25.49,25.42,OK,24.91,24.75,OK,24.59,24.52,OK,26.86,26.7,OK,26.61,26.56,OK,25.98,25.82,OK,0,0,,0,0,,11.46,OK,11.53,OK,11.56,OK,11.63,OK,11.53,OK,11.64,OK,11.64,OK,0,,0,,12.57,OK,12.84,OK,12.79,OK,12.74,OK,12.9,OK,12.61,OK,12.91,OK,0,,0,,,,82.74,OK,,,,82.97,OK,,,,157.43,OK,,,,156.87,OK,,,,37.22,OK,,,,37.71,OK,,,,,,,,,,,,,,,,,
2410120654C,NEW KAPPAEX1.0,CM2P5,2024-10-12 14:52:03,18.684,27.63,OK,24.95,24.74,OK,23.31,23.01,OK,24.55,24.27,OK,22.92,22.61,OK,22.8,22.66,OK,22.96,22.43,OK,23.13,22.68,OK,0,0,,0,0,,15.36,OK,15.36,OK,15.36,OK,15.36,OK,15.36,OK,15.36,OK,15.36,OK,0,,0,,15.36,OK,15.36,OK,15.36,OK,15.36,OK,15.36,OK,15.36,OK,15.36,OK,0,,0,,,,54.28,OK,,,,54.4,OK,,,,-293.73,OK,,,,-292.44,OK,,,,173.19,OK,,,,173.46,OK,,,,,,,,,,,,,,,,,
2410120692D,ATKINSON 3.8 OCV,DM5P8,2024-10-12 14:52:07,18.987,24.06,OK,24.64,24.64,OK,24.11,24.02,OK,24.13,23.81,OK,23.55,23.37,OK,24.48,24.44,OK,24.27,24.04,OK,24.41,24.37,OK,0,0,,0,0,,2.14,OK,2.62,OK,2.64,OK,2.73,OK,2.79,OK,2.76,OK,2.76,OK,0,,0,,0.86,OK,0.87,OK,0.84,OK,0.81,OK,0.86,OK,0.87,OK,0.9,OK,0,,0,,,,81.54,OK,,,,81.05,OK,,,,158.56,OK,,,,158.75,OK,,,,37.91,OK,,,,38.09,OK,,,,,,,,,,,,,,,,,
2410120655C,NEW KAPPAEX1.0,CM3P9,2024-10-12 14:52:48,18.699,26.71,OK,30.37,29.67,OK,26.59,25.61,OK,26.7,26.2,OK,26.77,25.84,OK,27.54,27.11,OK,25.41,24.51,OK,25.71,25,OK,0,0,,0,0,,0,OK,0,OK,0,OK,0,OK,0,OK,0,OK,0,OK,0,,0,,0,OK,0,OK,0,OK,0,OK,0,OK,0,OK,0,OK,0,,0,,,,52.33,OK,,,,52.46,OK,,,,-293.41,OK,,,,-292.2,OK,,,,173.39,OK,,,,173.26,OK,,,,,,,,,,,,,,,,,
2410120693D,ATKINSON 3.8 OCV,DM4P7,2024-10-12 14:53:03,18.987,24.13,OK,26.28,26.1,OK,23.75,23.64,OK,24.45,24.26,OK,25.17,25.05,OK,25.47,25.4,OK,24.64,24.54,OK,25.17,25.1,OK,0,0,,0,0,,12.29,OK,12.63,OK,12.42,OK,12.62,OK,12.63,OK,12.63,OK,12.63,OK,0,,0,,12.46,OK,12.48,OK,12.51,OK,12.42,OK,12.43,OK,12.66,OK,12.53,OK,0,,0,,,,82.38,OK,,,,82.66,OK,,,,158.31,OK,,,,158.03,OK,,,,37.73,OK,,,,38.14,OK,,,,,,,,,,,,,,,,,
2410120656C,NEW KAPPAEX1.0,CM4P2,2024-10-12 14:53:37,18.698,25.93,OK,26.02,25.4,OK,25.53,25.09,OK,25.58,24.78,OK,24.74,24.45,OK,23.2,23.05,OK,23.07,22.28,OK,23.51,23.05,OK,0,0,,0,0,,0,OK,0,OK,0,OK,0,OK,0,OK,0,OK,0,OK,0,,0,,0,OK,0,OK,0,OK,0,OK,0,OK,0,OK,0,OK,0,,0,,,,53.8,OK,,,,53.82,OK,,,,-292.83,OK,,,,-291.95,OK,,,,172,OK,,,,172.8,OK,,,,,,,,,,,,,,,,,
2410120694D,ATKINSON 3.8 OCV,DM1P2,2024-10-12 14:54:01,18.987,23.42,OK,26.86,26.72,OK,27.37,27.33,OK,25.01,24.88,OK,26.29,26.23,OK,25.21,25.19,OK,25.3,25.21,OK,26.07,25.98,OK,0,0,,0,0,,11.43,OK,11.43,OK,11.44,OK,11.42,OK,11.55,OK,11.49,OK,11.84,OK,0,,0,,9.95,OK,10.41,OK,10.5,OK,10.35,OK,10.31,OK,10.3,OK,10.24,OK,0,,0,,,,81.85,OK,,,,81.93,OK,,,,157.88,OK,,,,158.1,OK,,,,37.93,OK,,,,37.74,OK,,,,,,,,,,,,,,,,,
2410120652C,NEW KAPPAEX1.0,CM5P3,2024-10-12 14:54:25,18.694,27.16,OK,26.52,26.11,OK,22.67,22.53,OK,23.46,23.18,OK,22.46,22.36,OK,21.91,21.62,OK,23.65,23.27,OK,22.82,22.51,OK,0,0,,0,0,,2.5,OK,2.5,OK,2.47,OK,2.54,OK,2.53,OK,2.52,OK,2.52,OK,0,,0,,2.6,OK,2.38,OK,2.45,OK,2.53,OK,2.4,OK,2.48,OK,2.35,OK,0,,0,,,,53.61,OK,,,,54.05,OK,,,,-292.75,OK,,,,-292.47,OK,,,,171.62,OK,,,,172.93,OK,,,,,,,,,,,,,,,,,
2410120695D,ATKINSON 3.8 OCV,DM2P5,2024-10-12 14:55:00,18.982,23.98,OK,27.24,27.17,OK,24.55,24.41,OK,23.66,23.39,OK,25.55,25.55,OK,24.8,24.77,OK,24.68,24.68,OK,24.87,24.77,OK,0,0,,0,0,,10.8,OK,10.77,OK,10.78,OK,10.77,OK,10.82,OK,10.8,OK,10.83,OK,0,,0,,10.14,OK,10.15,OK,10.13,OK,10.13,OK,10.1,OK,10.12,OK,10.02,OK,0,,0,,,,82.77,OK,,,,82.31,OK,,,,157.36,OK,,,,157.74,OK,,,,37.41,OK,,,,37.61,OK,,,,,,,,,,,,,,,,,
2410120657C,NEW KAPPAEX1.0,CM1P4,2024-10-12 14:55:11,18.693,26.27,OK,24.32,24.14,OK,24.46,23.81,OK,24.25,24.07,OK,24.11,23.62,OK,22.95,22.83,OK,24.02,23.86,OK,23.39,23.25,OK,0,0,,0,0,,6.06,OK,7.07,OK,6.96,OK,7.14,OK,7.27,OK,7.16,OK,7.14,OK,0,,0,,6.06,OK,6.39,OK,6.42,OK,6.8,OK,6.67,OK,6.72,OK,6.56,OK,0,,0,,,,53.45,OK,,,,52.06,OK,,,,-293.12,OK,,,,-293.03,OK,,,,172.02,OK,,,,171.77,OK,,,,,,,,,,,,,,,,,
2410120696D,ATKINSON 3.8 OCV,DM3P3,2024-10-12 14:55:55,18.983,21.93,OK,25.54,25.54,OK,26.84,26.75,OK,26.96,26.63,OK,24.98,24.94,OK,25.36,25.29,OK,25.68,25.56,OK,25.22,25.08,OK,0,0,,0,0,,11.14,OK,11.44,OK,11.63,OK,11.62,OK,11.48,OK,11.6,OK,11.64,OK,0,,0,,12.75,OK,12.8,OK,12.82,OK,12.74,OK,12.7,OK,12.61,OK,12.87,OK,0,,0,,,,82.44,OK,,,,82.24,OK,,,,157.48,OK,,,,157.99,OK,,,,36.99,OK,,,,36.98,OK,,,,,,,,,,,,,,,,,
2410120658C,NEW KAPPAEX1.0,CM2P1,2024-10-12 14:55:57,18.685,27.1,OK,23.24,23.08,OK,21.91,21.75,OK,23.29,23.01,OK,22.29,21.96,OK,22.5,22.4,OK,21.94,21.7,OK,21.61,21.21,OK,0,0,,0,0,,15.36,OK,15.36,OK,15.36,OK,15.36,OK,15.36,OK,15.36,OK,15.36,OK,0,,0,,15.36,OK,15.36,OK,15.36,OK,15.36,OK,15.36,OK,15.36,OK,15.36,OK,0,,0,,,,53.38,OK,,,,52.97,OK,,,,-292.85,OK,,,,-292.26,OK,,,,173.12,OK,,,,172.8,OK,,,,,,,,,,,,,,,,,
2410120659C,NEW KAPPAEX1.0,CM3P8,2024-10-12 14:56:45,18.684,27.03,OK,27.61,26.88,OK,25.39,24.75,OK,26.18,25.82,OK,25,24.21,OK,25.14,24.69,OK,24.75,23.74,OK,25,24.12,OK,0,0,,0,0,,0,OK,0,OK,0,OK,0,OK,0,OK,0,OK,0,OK,0,,0,,0,OK,0,OK,0,OK,0,OK,0,OK,0,OK,0,OK,0,,0,,,,51.66,OK,,,,53,OK,,,,-292.65,OK,,,,-292.4,OK,,,,172.07,OK,,,,172.21,OK,,,,,,,,,,,,,,,,,
2410120697D,ATKINSON 3.8 OCV,DM5P9,2024-10-12 14:56:47,18.983,22.38,OK,23.39,23.23,OK,24.69,24.67,OK,25.55,25.09,OK,25.22,25.04,OK,25.55,25.43,OK,24.92,24.88,OK,25.02,24.9,OK,0,0,,0,0,,2.14,OK,2.75,OK,2.81,OK,2.68,OK,2.73,OK,2.74,OK,2.73,OK,0,,0,,0.78,OK,0.82,OK,0.89,OK,0.88,OK,0.87,OK,0.87,OK,0.9,OK,0,,0,,,,82.14,OK,,,,82.85,OK,,,,158.26,OK,,,,158.96,OK,,,,38.12,OK,,,,37.48,OK,,,,,,,,,,,,,,,,,
2410120660C,NEW KAPPAEX1.0,CM4P3,2024-10-12 14:57:31,18.689,27.91,OK,25.71,25.16,OK,23.51,22.98,OK,24.72,23.99,OK,23.55,22.72,OK,24.01,23.86,OK,23.42,22.54,OK,23.86,23.44,OK,0,0,,0,0,,0,OK,0,OK,0,OK,0,OK,0,OK,0,OK,0,OK,0,,0,,0,OK,0,OK,0,OK,0,OK,0,OK,0,OK,0,OK,0,,0,,,,54.63,OK,,,,53.73,OK,,,,-294.59,OK,,,,-292.71,OK,,,,172.44,OK,,,,173.52,OK,,,,,,,,,,,,,,,,,
2410120698D,ATKINSON 3.8 OCV,DM4P1,2024-10-12 14:57:42,18.985,24.2,OK,24.98,24.87,OK,22.99,22.9,OK,24.33,24.1,OK,25.54,25.45,OK,27.4,27.37,OK,24.01,23.94,OK,24.4,24.33,OK,0,0,,0,0,,11.78,OK,12.54,OK,12.62,OK,12.48,OK,12.62,OK,12.65,OK,12.47,OK,0,,0,,12.45,OK,12.5,OK,12.47,OK,12.43,OK,12.49,OK,12.51,OK,12.48,OK,0,,0,,,,82.57,OK,,,,82.68,OK,,,,157.59,OK,,,,157.68,OK,,,,37.12,OK,,,,37.15,OK,,,,,,,,,,,,,,,,,
2410120661C,NEW KAPPAEX1.0,CM5P7,2024-10-12 14:58:20,18.698,27.11,OK,26.83,26.47,OK,22.72,22.41,OK,23.06,22.75,OK,20.95,20.91,OK,22.17,21.91,OK,23.63,23.13,OK,22.46,22.22,OK,0,0,,0,0,,2.51,OK,2.51,OK,2.5,OK,2.51,OK,2.51,OK,2.58,OK,2.51,OK,0,,0,,2.61,OK,2.4,OK,2.43,OK,2.46,OK,2.51,OK,2.6,OK,2.37,OK,0,,0,,,,53.92,OK,,,,53.95,OK,,,,-293.37,OK,,,,-293.29,OK,,,,174.07,OK,,,,172.46,OK,,,,,,,,,,,,,,,,,
2410120699D,ATKINSON 3.8 OCV,DM1P4,2024-10-12 14:58:37,18.993,23.97,OK,23.5,23.32,OK,25.87,25.8,OK,26.81,26.54,OK,26.27,26.14,OK,26.11,26.11,OK,25.6,25.48,OK,25.66,25.62,OK,0,0,,0,0,,11.4,OK,11.41,OK,11.41,OK,11.37,OK,11.5,OK,11.44,OK,11.62,OK,0,,0,,9.92,OK,10.27,OK,10.39,OK,10.44,OK,10.23,OK,10.27,OK,10.11,OK,0,,0,,,,82.45,OK,,,,83.17,OK,,,,156.8,OK,,,,157.69,OK,,,,36.77,OK,,,,36.83,OK,,,,,,,,,,,,,,,,,
2410120662C,NEW KAPPAEX1.0,CM1P6,2024-10-12 14:59:05,18.691,26.71,OK,23.95,23.86,OK,23.51,23.13,OK,23.81,23.6,OK,22.81,22.25,OK,23.46,23.32,OK,23.81,23.34,OK,23.65,23.41,OK,0,0,,0,0,,6.07,OK,6.86,OK,6.76,OK,6.8,OK,6.95,OK,7.64,OK,7.24,OK,0,,0,,6.46,OK,6.99,OK,6.82,OK,7.27,OK,6.88,OK,6.75,OK,6.3,OK,0,,0,,,,51.26,OK,,,,53.82,OK,,,,-292.76,OK,,,,-293.12,OK,,,,174.42,OK,,,,173.46,OK,,,,,,,,,,,,,,,,,
2410120700D,ATKINSON 3.8 OCV,DM2P6,2024-10-12 14:59:33,18.994,24,OK,27.82,27.73,OK,24.41,24.26,OK,24.29,24.05,OK,26.9,26.86,OK,27.46,27.46,OK,24.48,24.34,OK,24.53,24.53,OK,0,0,,0,0,,11.09,OK,10.78,OK,10.79,OK,10.79,OK,10.82,OK,10.79,OK,10.8,OK,0,,0,,10.16,OK,10.14,OK,10.17,OK,10.17,OK,10.17,OK,10.12,OK,10.05,OK,0,,0,,,,83.11,OK,,,,83.33,OK,,,,157.23,OK,,,,156.73,OK,,,,37.06,OK,,,,37.74,OK,,,,,,,,,,,,,,,,,
2410120663C,NEW KAPPAEX1.0,CM2P5,2024-10-12 14:59:54,18.686,27.42,OK,23.99,23.73,OK,21.54,21.19,OK,22.59,22.29,OK,22.19,22.05,OK,21.28,21.28,OK,21.45,21.24,OK,21.89,21.68,OK,0,0,,0,0,,15.36,OK,15.36,OK,15.36,OK,15.36,OK,15.36,OK,15.36,OK,15.36,OK,0,,0,,15.36,OK,15.36,OK,15.36,OK,15.36,OK,15.36,OK,15.36,OK,15.36,OK,0,,0,,,,53.52,OK,,,,54.65,OK,,,,-293.26,OK,,,,-292.57,OK,,,,173.05,OK,,,,173.45,OK,,,,,,,,,,,,,,,,,
2410120701D,ATKINSON 3.8 OCV,DM3P8,2024-10-12 15:00:28,18.999,24.23,OK,27.1,26.98,OK,26.26,26.19,OK,25.8,25.63,OK,23.59,23.59,OK,26.33,26.28,OK,27.4,27.3,OK,25.66,25.59,OK,0,0,,0,0,,11.45,OK,11.6,OK,11.62,OK,11.61,OK,11.57,OK,11.63,OK,11.64,OK,0,,0,,12.58,OK,12.84,OK,12.79,OK,12.77,OK,12.79,OK,12.6,OK,12.87,OK,0,,0,,,,82.33,OK,,,,82.69,OK,,,,157.37,OK,,,,157.53,OK,,,,36.36,OK,,,,36.63,OK,,,,,,,,,,,,,,,,,
2410120664C,NEW KAPPAEX1.0,CM3P9,2024-10-12 15:00:39,18.696,27.35,OK,27.13,26.45,OK,25.32,24.78,OK,25.61,25.21,OK,25.64,24.89,OK,25.57,25,OK,25.43,24.66,OK,25.71,24.82,OK,0,0,,0,0,,0,OK,0,OK,0,OK,0,OK,0,OK,0,OK,0,OK,0,,0,,0,OK,0,OK,0,OK,0,OK,0,OK,0,OK,0,OK,0,,0,,,,53.09,OK,,,,52.16,OK,,,,-293.94,OK,,,,-292.25,OK,,,,172.17,OK,,,,172.63,OK,,,,,,,,,,,,,,,,,
2410120702D,ATKINSON 3.8 OCV,DM5P7,2024-10-12 15:01:23,18.998,23.4,OK,26.29,26.18,OK,25.69,25.6,OK,25.92,25.48,OK,25.29,25.2,OK,25.64,25.46,OK,28.08,27.85,OK,25.16,24.99,OK,0,0,,0,0,,2.16,OK,2.72,OK,2.71,OK,2.74,OK,2.82,OK,2.8,OK,2.7,OK,0,,0,,0.82,OK,0.86,OK,0.87,OK,0.86,OK,0.87,OK,0.9,OK,0.86,OK,0,,0,,,,83.2,OK,,,,82.66,OK,,,,157.84,OK,,,,158.1,OK,,,,37.5,OK,,,,37.57,OK,,,,,,,,,,,,,,,,,
2410120665C,NEW KAPPAEX1.0,CM4P4,2024-10-12 15:01:28,18.696,27.25,OK,26.83,25.93,OK,22.91,22.74,OK,23.77,23.29,OK,22.28,22.06,OK,24.78,24.5,OK,24.12,23.31,OK,23.75,22.74,OK,0,0,,0,0,,0,OK,0,OK,0,OK,0,OK,0,OK,0,OK,0,OK,0,,0,,0,OK,0,OK,0,OK,0,OK,0,OK,0,OK,0,OK,0,,0,,,,54.51,OK,,,,53.02,OK,,,,-294.24,OK,,,,-294.02,OK,,,,173.64,OK,,,,174.54,OK,,,,,,,,,,,,,,,,,
2410120703D,ATKINSON 3.8 OCV,DM4P2,2024-10-12 15:02:15,18.99,23.2,OK,24.54,24.4,OK,23.15,23.06,OK,25.24,25.1,OK,26.24,26.17,OK,25.49,25.45,OK,26.07,26.05,OK,27.44,27.44,OK,0,0,,0,0,,12.29,OK,12.58,OK,12.53,OK,12.6,OK,12.64,OK,12.64,OK,12.45,OK,0,,0,,12.43,OK,12.48,OK,12.5,OK,12.46,OK,12.47,OK,12.51,OK,12.46,OK,0,,0,,,,82.44,OK,,,,82.75,OK,,,,157.16,OK,,,,157.64,OK,,,,37.02,OK,,,,36.72,OK,,,,,,,,,,,,,,,,,
2410120666C,NEW KAPPAEX1.0,CM5P2,2024-10-12 15:02:17,18.698,27.31,OK,25.16,24.85,OK,22.24,22.08,OK,22.87,22.36,OK,22.24,22.12,OK,22.75,22.58,OK,21.65,21.15,OK,22.39,22.03,OK,0,0,,0,0,,2.5,OK,2.51,OK,2.48,OK,2.49,OK,2.57,OK,2.52,OK,2.52,OK,0,,0,,2.6,OK,2.4,OK,2.46,OK,2.46,OK,2.61,OK,2.47,OK,2.4,OK,0,,0,,,,54.14,OK,,,,54.65,OK,,,,-293.07,OK,,,,-293.19,OK,,,,173.3,OK,,,,171.62,OK,,,,,,,,,,,,,,,,,
2410120667C,NEW KAPPAEX1.0,CM1P1,2024-10-12 15:03:06,18.698,27.31,OK,23.83,23.69,OK,22.81,22.43,OK,23.97,23.67,OK,21.76,21.36,OK,23.6,23.58,OK,23.11,22.34,OK,23.95,23.67,OK,0,0,,0,0,,6.06,OK,7.06,OK,7.05,OK,7.11,OK,7.2,OK,7.26,OK,7.09,OK,0,,0,,6.23,OK,6.36,OK,6.72,OK,6.62,OK,6.9,OK,6.53,OK,7.07,OK,0,,0,,,,53.71,OK,,,,52.61,OK,,,,-293.58,OK,,,,-293.94,OK,,,,172.37,OK,,,,172.81,OK,,,,,,,,,,,,,,,,,
2410120704D,ATKINSON 3.8 OCV,DM1P5,2024-10-12 15:03:10,18.993,24.02,OK,24.02,23.86,OK,28.07,27.98,OK,26.11,25.96,OK,28.86,28.75,OK,26.65,26.56,OK,25.98,25.87,OK,26.45,26.45,OK,0,0,,0,0,,11.43,OK,11.49,OK,11.43,OK,11.52,OK,11.52,OK,11.58,OK,11.54,OK,0,,0,,9.98,OK,10.49,OK,10.45,OK,10.34,OK,10.39,OK,10.34,OK,10.31,OK,0,,0,,,,82.73,OK,,,,82.47,OK,,,,157.24,OK,,,,157.43,OK,,,,36.95,OK,,,,37,OK,,,,,,,,,,,,,,,,,
2410120668C,NEW KAPPAEX1.0,CM2P8,2024-10-12 15:03:51,18.695,27.05,OK,23.36,23.17,OK,22.19,21.98,OK,25.09,24.81,OK,21.87,21.33,OK,23.52,23.48,OK,21.61,21.19,OK,22.78,22.47,OK,0,0,,0,0,,15.36,OK,15.36,OK,15.36,OK,15.36,OK,15.36,OK,15.36,OK,15.36,OK,0,,0,,15.36,OK,15.36,OK,15.36,OK,15.36,OK,15.36,OK,15.36,OK,15.36,OK,0,,0,,,,53.65,OK,,,,54.9,OK,,,,-291.96,OK,,,,-292.81,OK,,,,172.32,OK,,,,172.87,OK,,,,,,,,,,,,,,,,,
2410120705D,ATKINSON 3.8 OCV,DM2P3,2024-10-12 15:04:06,18.998,23.31,OK,28.36,28.28,OK,25.28,25.18,OK,25.43,25.26,OK,28.26,28.16,OK,28.96,28.94,OK,27.03,26.95,OK,26.83,26.76,OK,0,0,,0,0,,10.83,OK,10.78,OK,10.77,OK,10.81,OK,10.84,OK,10.8,OK,10.8,OK,0,,0,,10.15,OK,10.15,OK,10.15,OK,10.19,OK,10.33,OK,10.15,OK,10.14,OK,0,,0,,,,83.41,OK,,,,83.11,OK,,,,157.52,OK,,,,157.84,OK,,,,37.04,OK,,,,37.14,OK,,,,,,,,,,,,,,,,,
2410120669C,NEW KAPPAEX1.0,CM3P7,2024-10-12 15:04:40,18.689,27.93,OK,26.23,25.61,OK,27.27,26.9,OK,26.5,26.09,OK,26.72,26.04,OK,26.32,26.02,OK,25.73,24.85,OK,25.71,24.87,OK,0,0,,0,0,,0,OK,0,OK,0,OK,0,OK,0,OK,0,OK,0,OK,0,,0,,0,OK,0,OK,0,OK,0,OK,0,OK,0,OK,0,OK,0,,0,,,,52.75,OK,,,,53.89,OK,,,,-292.02,OK,,,,-292.07,OK,,,,170.74,OK,,,,171.23,OK,,,,,,,,,,,,,,,,,
2410120706D,ATKINSON 3.8 OCV,DM3P9,2024-10-12 15:05:01,18.993,22.63,OK,26.98,26.91,OK,25.77,25.75,OK,26.54,26.21,OK,24.68,24.66,OK,27.56,27.51,OK,27.61,27.51,OK,26.42,26.33,OK,0,0,,0,0,,11.46,OK,11.55,OK,11.61,OK,11.61,OK,11.73,OK,11.67,OK,11.62,OK,0,,0,,12.55,OK,12.81,OK,12.8,OK,12.86,OK,12.63,OK,12.56,OK,12.68,OK,0,,0,,,,82.19,OK,,,,82.51,OK,,,,157.15,OK,,,,157.67,OK,,,,37.08,OK,,,,36.74,OK,,,,,,,,,,,,,,,,,
2410120670C,NEW KAPPAEX1.0,CM4P6,2024-10-12 15:05:29,18.685,27.11,OK,26.74,26.1,OK,24.01,23.71,OK,24.41,23.75,OK,22.98,22.67,OK,24.45,24.41,OK,23.4,22.98,OK,20.82,20.23,OK,0,0,,0,0,,0,OK,0,OK,0,OK,0,OK,0,OK,0,OK,0,OK,0,,0,,0,OK,0,OK,0,OK,0,OK,0,OK,0,OK,0,OK,0,,0,,,,51.72,OK,,,,52.96,OK,,,,-293.02,OK,,,,-292.46,OK,,,,172.95,OK,,,,172.69,OK,,,,,,,,,,,,,,,,,
2410120707D,ATKINSON 3.8 OCV,DM5P1,2024-10-12 15:05:56,18.999,23.26,OK,24.53,24.41,OK,24.81,24.76,OK,24.71,24.46,OK,25.5,25.32,OK,26.11,25.94,OK,24.46,24.37,OK,24.48,24.39,OK,0,0,,0,0,,2.15,OK,2.71,OK,2.67,OK,2.8,OK,2.82,OK,2.86,OK,2.66,OK,0,,0,,0.82,OK,0.85,OK,0.84,OK,0.84,OK,0.88,OK,0.88,OK,0.86,OK,0,,0,,,,82.33,OK,,,,82.19,OK,,,,157.41,OK,,,,158.11,OK,,,,37.18,OK,,,,37.34,OK,,,,,,,,,,,,,,,,,
2410120671C,NEW KAPPAEX1.0,CM5P3,2024-10-12 15:06:17,18.696,26.91,OK,26.33,26.07,OK,22.63,22.39,OK,22.82,22.44,OK,21.22,21.1,OK,22.58,22.24,OK,22.87,22.46,OK,22.87,22.46,OK,0,0,,0,0,,2.47,OK,2.53,OK,2.48,OK,2.51,OK,2.51,OK,2.52,OK,2.5,OK,0,,0,,2.61,OK,2.42,OK,2.5,OK,2.7,OK,2.39,OK,2.47,OK,2.39,OK,0,,0,,,,53.72,OK,,,,53.28,OK,,,,-292.18,OK,,,,-291.5,OK,,,,171.72,OK,,,,171.89,OK,,,,,,,,,,,,,,,,,
2410120708D,ATKINSON 3.8 OCV,DM4P4,2024-10-12 15:06:51,18.998,23.73,OK,25.08,25.08,OK,23.94,23.87,OK,25.03,24.78,OK,25.47,25.4,OK,25.68,25.63,OK,26.54,26.54,OK,25.33,25.26,OK,0,0,,0,0,,11.92,OK,12.46,OK,12.47,OK,12.55,OK,12.63,OK,12.64,OK,12.59,OK,0,,0,,12.45,OK,12.48,OK,12.46,OK,12.42,OK,12.45,OK,12.38,OK,12.41,OK,0,,0,,,,81.96,OK,,,,81.92,OK,,,,157.52,OK,,,,158.04,OK,,,,37.25,OK,,,,37.38,OK,,,,,,,,,,,,,,,,,
2410120672C,NEW KAPPAEX1.0,CM1P5,2024-10-12 15:07:06,18.697,28.02,OK,26.07,25.96,OK,23.69,23.32,OK,24.53,24.28,OK,22.27,21.78,OK,22.71,22.64,OK,23.65,23.16,OK,24.23,24,OK,0,0,,0,0,,6.21,OK,6.78,OK,6.81,OK,6.9,OK,7.05,OK,7.02,OK,7.09,OK,0,,0,,6.14,OK,6.83,OK,6.37,OK,6.93,OK,6.79,OK,7.24,OK,6.97,OK,0,,0,,,,54.04,OK,,,,52.45,OK,,,,-292.58,OK,,,,-294.01,OK,,,,172.35,OK,,,,173.79,OK,,,,,,,,,,,,,,,,,
2410120709D,ATKINSON 3.8 OCV,DM1P6,2024-10-12 15:07:47,18.987,24.53,OK,26,25.84,OK,27.44,27.31,OK,26.23,25.69,OK,26.88,26.81,OK,26.99,26.95,OK,26.29,26.14,OK,24.76,24.7,OK,0,0,,0,0,,11.45,OK,11.45,OK,11.41,OK,11.47,OK,11.46,OK,11.78,OK,11.46,OK,0,,0,,9.95,OK,9.96,OK,10.35,OK,10.32,OK,10.27,OK,10.29,OK,10.22,OK,0,,0,,,,83.47,OK,,,,83.49,OK,,,,156.66,OK,,,,156.69,OK,,,,36.74,OK,,,,36.97,OK,,,,,,,,,,,,,,,,,
2410120673C,NEW KAPPAEX1.0,CM2P9,2024-10-12 15:07:55,18.697,28.02,OK,23.94,23.66,OK,23.73,23.36,OK,25.37,24.95,OK,24.81,24.57,OK,23.92,23.85,OK,23.08,22.78,OK,24.2,23.87,OK,0,0,,0,0,,15.36,OK,15.36,OK,15.36,OK,15.36,OK,15.36,OK,15.36,OK,15.36,OK,0,,0,,15.36,OK,15.36,OK,15.36,OK,15.36,OK,15.36,OK,15.36,OK,15.36,OK,0,,0,,,,53.14,OK,,,,52.93,OK,,,,-292.94,OK,,,,-292.43,OK,,,,173.31,OK,,,,172.87,OK,,,,,,,,,,,,,,,,,
2410120674C,NEW KAPPAEX1.0,CM3P2,2024-10-12 15:08:40,18.688,26.73,OK,30.55,29.96,OK,27.67,27.38,OK,27.61,27.02,OK,27.11,26.04,OK,26.2,25.82,OK,26.34,25.48,OK,27.24,26.38,OK,0,0,,0,0,,0,OK,0,OK,0,OK,0,OK,0,OK,0,OK,0,OK,0,,0,,0,OK,0,OK,0,OK,0,OK,0,OK,0,OK,0,OK,0,,0,,,,53.76,OK,,,,53.57,OK,,,,-291.59,OK,,,,-293.18,OK,,,,172.32,OK,,,,172.6,OK,,,,,,,,,,,,,,,,,
2410120710D,ATKINSON 3.8 OCV,DM2P8,2024-10-12 15:08:42,18.994,23.51,OK,26.9,26.83,OK,24.38,24.34,OK,23.95,23.78,OK,25.62,25.57,OK,25.96,25.94,OK,24.6,24.55,OK,24.02,24,OK,0,0,,0,0,,10.84,OK,10.76,OK,10.77,OK,10.81,OK,10.82,OK,10.82,OK,10.83,OK,0,,0,,10.18,OK,10.16,OK,10.14,OK,10.15,OK,10.12,OK,10.17,OK,10.14,OK,0,,0,,,,82.28,OK,,,,82.5,OK,,,,157.97,OK,,,,158.25,OK,,,,37.23,OK,,,,37.54,OK,,,,,,,,,,,,,,,,,
2410120675C,NEW KAPPAEX1.0,CM4P1,2024-10-12 15:09:29,18.69,26.97,OK,24.78,23.99,OK,23.2,22.83,OK,24.1,23.53,OK,22.14,21.55,OK,24.54,24.45,OK,22.91,22.39,OK,20.78,20.05,OK,0,0,,0,0,,0,OK,0,OK,0,OK,0,OK,0,OK,0,OK,0,OK,0,,0,,0,OK,0,OK,0,OK,0,OK,0,OK,0,OK,0,OK,0,,0,,,,53.82,OK,,,,53.45,OK,,,,-292.23,OK,,,,-292.34,OK,,,,172.57,OK,,,,172.67,OK,,,,,,,,,,,,,,,,,
2410120711D,ATKINSON 3.8 OCV,DM3P7,2024-10-12 15:09:37,18.991,23.56,OK,29.23,29.16,OK,26.98,26.91,OK,25.54,25.31,OK,26.52,26.49,OK,27.05,27,OK,26.56,26.49,OK,25.94,25.87,OK,0,0,,0,0,,10.93,OK,11.46,OK,11.61,OK,11.62,OK,11.48,OK,11.66,OK,11.61,OK,0,,0,,12.63,OK,12.84,OK,12.78,OK,12.82,OK,12.86,OK,12.59,OK,12.89,OK,0,,0,,,,82.97,OK,,,,83.09,OK,,,,156.93,OK,,,,157.39,OK,,,,36.91,OK,,,,37.45,OK,,,,,,,,,,,,,,,,,
2410120676C,NEW KAPPAEX1.0,CM5P4,2024-10-12 15:10:14,18.687,26.56,OK,25.09,25.04,OK,23.27,22.89,OK,22.94,22.53,OK,21.38,21.31,OK,21.84,21.5,OK,22.72,22.29,OK,22.6,22.27,OK,0,0,,0,0,,2.47,OK,2.5,OK,2.51,OK,2.51,OK,2.51,OK,2.5,OK,2.51,OK,0,,0,,2.63,OK,2.47,OK,2.64,OK,2.42,OK,2.44,OK,2.48,OK,2.44,OK,0,,0,,,,53.35,OK,,,,52,OK,,,,-293.26,OK,,,,-292.09,OK,,,,171.58,OK,,,,172.64,OK,,,,,,,,,,,,,,,,,
2410120712D,ATKINSON 3.8 OCV,DM5P2,2024-10-12 15:10:29,18.99,22.35,OK,23.95,23.86,OK,26.38,26.32,OK,24.39,24.04,OK,24.69,24.55,OK,26.27,26.2,OK,24.64,24.6,OK,23.9,23.83,OK,0,0,,0,0,,2.13,OK,2.65,OK,2.65,OK,2.73,OK,2.81,OK,2.73,OK,2.76,OK,0,,0,,0.8,OK,0.84,OK,0.84,OK,0.83,OK,0.84,OK,0.86,OK,0.87,OK,0,,0,,,,82.69,OK,,,,82.4,OK,,,,157.75,OK,,,,158,OK,,,,37.77,OK,,,,37.49,OK,,,,,,,,,,,,,,,,,
2410120677C,NEW KAPPAEX1.0,CM1P8,2024-10-12 15:11:03,18.698,26.47,OK,23.9,23.81,OK,23.95,23.62,OK,24.46,24.25,OK,21.71,21.27,OK,22.95,22.83,OK,23.44,23.09,OK,23.32,22.83,OK,0,0,,0,0,,6.16,OK,7.03,OK,7.07,OK,7.09,OK,7.42,OK,7.26,OK,7.26,OK,0,,0,,6.07,OK,6.51,OK,6.47,OK,7.08,OK,6.75,OK,6.63,OK,6.4,OK,0,,0,,,,53.97,OK,,,,52.73,OK,,,,-293.36,OK,,,,-293.89,OK,,,,173.85,OK,,,,172.97,OK,,,,,,,,,,,,,,,,,
2410120713D,ATKINSON 3.8 OCV,DM4P5,2024-10-12 15:11:24,18.991,23.66,OK,24.98,24.82,OK,22.9,22.73,OK,24.38,24.03,OK,24.8,24.78,OK,24.24,24.15,OK,26.12,26.05,OK,25.24,25.17,OK,0,0,,0,0,,12.31,OK,12.52,OK,12.44,OK,12.59,OK,12.64,OK,12.64,OK,12.46,OK,0,,0,,12.48,OK,12.46,OK,12.44,OK,12.45,OK,12.43,OK,12.51,OK,12.44,OK,0,,0,,,,82.32,OK,,,,81.88,OK,,,,158.03,OK,,,,158.08,OK,,,,37.42,OK,,,,37.38,OK,,,,,,,,,,,,,,,,,
2410120678C,NEW KAPPAEX1.0,CM2P7,2024-10-12 15:11:52,18.695,26.3,OK,23.97,23.9,OK,23.36,23.13,OK,23.8,23.59,OK,23.1,22.92,OK,23.41,23.34,OK,21.42,21.21,OK,23.03,22.87,OK,0,0,,0,0,,15.36,OK,15.36,OK,15.36,OK,15.36,OK,15.36,OK,15.36,OK,15.36,OK,0,,0,,15.36,OK,15.36,OK,15.36,OK,15.36,OK,15.36,OK,15.36,OK,15.36,OK,0,,0,,,,54.79,OK,,,,53.85,OK,,,,-293.06,OK,,,,-293.68,OK,,,,170.99,OK,,,,172.51,OK,,,,,,,,,,,,,,,,,
2410120714D,ATKINSON 3.8 OCV,DM1P3,2024-10-12 15:12:20,18.989,24.77,OK,26,25.82,OK,27.1,26.99,OK,25.75,25.57,OK,29.08,28.95,OK,27.42,27.37,OK,26.16,26.05,OK,25.6,25.57,OK,0,0,,0,0,,11.41,OK,11.45,OK,11.46,OK,11.41,OK,11.63,OK,11.46,OK,11.6,OK,0,,0,,9.95,OK,10.35,OK,10.27,OK,10.38,OK,10.24,OK,10.26,OK,10.15,OK,0,,0,,,,83.12,OK,,,,82.52,OK,,,,157.04,OK,,,,157.54,OK,,,,37.04,OK,,,,37.35,OK,,,,,,,,,,,,,,,,,
2410120679C,NEW KAPPAEX1.0,CM3P3,2024-10-12 15:12:41,18.689,26.18,OK,27.24,26.5,OK,26.41,25.89,OK,26.2,25.66,OK,27.04,26.25,OK,23.89,23.67,OK,25.82,24.91,OK,25.48,24.87,OK,0,0,,0,0,,0,OK,0,OK,0,OK,0,OK,0,OK,0,OK,0,OK,0,,0,,0,OK,0,OK,0,OK,0,OK,0,OK,0,OK,0,OK,0,,0,,,,54.22,OK,,,,53.95,OK,,,,-293.18,OK,,,,-292.91,OK,,,,172.91,OK,,,,172.51,OK,,,,,,,,,,,,,,,,,
2410120715D,ATKINSON 3.8 OCV,DM2P9,2024-10-12 15:13:12,18.993,24.18,OK,27.7,27.61,OK,24.6,24.58,OK,23.73,23.61,OK,26.81,26.71,OK,26.73,26.66,OK,24.38,24.29,OK,25.69,25.62,OK,0,0,,0,0,,10.83,OK,10.78,OK,10.79,OK,10.82,OK,10.79,OK,10.8,OK,10.8,OK,0,,0,,10.16,OK,10.19,OK,10.19,OK,10.18,OK,10.25,OK,10.16,OK,10.15,OK,0,,0,,,,82.11,OK,,,,82.55,OK,,,,157.85,OK,,,,157.86,OK,,,,37.97,OK,,,,37.51,OK,,,,,,,,,,,,,,,,,
2410120680C,NEW KAPPAEX1.0,CM4P5,2024-10-12 15:13:30,18.696,26.38,OK,28.06,27.31,OK,24.37,24.1,OK,26.37,25.77,OK,24.63,24.12,OK,25.95,25.86,OK,24.89,24.56,OK,22.61,22.01,OK,0,0,,0,0,,0,OK,0,OK,0,OK,0,OK,0,OK,0,OK,0,OK,0,,0,,0,OK,0,OK,0,OK,0,OK,0,OK,0,OK,0,OK,0,,0,,,,54.01,OK,,,,53.41,OK,,,,-293.22,OK,,,,-291.03,OK,,,,172.53,OK,,,,173.19,OK,,,,,,,,,,,,,,,,,
2410120716D,ATKINSON 3.8 OCV,DM3P1,2024-10-12 15:14:07,18.994,23.46,OK,26.07,25.96,OK,27.42,27.4,OK,26.7,26.56,OK,23.75,23.64,OK,27.47,27.42,OK,27.4,27.37,OK,27.42,27.4,OK,0,0,,0,0,,11.45,OK,11.59,OK,11.59,OK,11.61,OK,11.49,OK,11.61,OK,11.64,OK,0,,0,,12.59,OK,12.8,OK,12.79,OK,12.78,OK,12.78,OK,12.6,OK,12.9,OK,0,,0,,,,82.56,OK,,,,82.99,OK,,,,157.09,OK,,,,157.94,OK,,,,36.85,OK,,,,36.83,OK,,,,,,,,,,,,,,,,,
2410120681C,NEW KAPPAEX1.0,CM5P6,2024-10-12 15:14:18,18.685,26.38,OK,23.75,23.56,OK,22.1,21.91,OK,22.22,22.01,OK,21.38,21.24,OK,22.12,21.89,OK,22.53,22.12,OK,21.5,21.15,OK,0,0,,0,0,,2.46,OK,2.55,OK,2.53,OK,2.5,OK,2.55,OK,2.51,OK,2.51,OK,0,,0,,2.67,OK,2.51,OK,2.4,OK,2.42,OK,2.48,OK,2.46,OK,2.44,OK,0,,0,,,,53.81,OK,,,,52.58,OK,,,,-292.24,OK,,,,-293.86,OK,,,,171.58,OK,,,,172.35,OK,,,,,,,,,,,,,,,,,
2410120717D,ATKINSON 3.8 OCV,DM5P4,2024-10-12 15:15:02,18.986,23.72,OK,26.41,26.18,OK,26.96,26.87,OK,24.83,24.37,OK,27.52,27.29,OK,26.43,26.2,OK,25.83,25.76,OK,24.64,24.46,OK,0,0,,0,0,,2.17,OK,2.69,OK,2.71,OK,2.67,OK,2.72,OK,2.73,OK,2.75,OK,0,,0,,0.88,OK,0.89,OK,0.85,OK,0.87,OK,0.88,OK,0.86,OK,0.88,OK,0,,0,,,,81.96,OK,,,,82.26,OK,,,,157.14,OK,,,,158.12,OK,,,,37.54,OK,,,,37.63,OK,,,,,,,,,,,,,,,,,
2410120682C,NEW KAPPAEX1.0,CM1P9,2024-10-12 15:15:14,18.694,27.6,OK,24.93,24.81,OK,21.62,21.38,OK,23.06,22.92,OK,22.5,22.08,OK,22.85,22.67,OK,22.67,22.27,OK,22.88,22.29,OK,0,0,,0,0,,6.29,OK,6.83,OK,6.82,OK,6.83,OK,7.08,OK,7.12,OK,6.98,OK,0,,0,,6.04,OK,6.46,OK,6.59,OK,6.8,OK,6.43,OK,6.64,OK,6.86,OK,0,,0,,,,54.92,OK,,,,53.81,OK,,,,-294.63,OK,,,,-293.83,OK,,,,172.23,OK,,,,172.44,OK,,,,,,,,,,,,,,,,,
2410120718D,ATKINSON 3.8 OCV,DM4P6,2024-10-12 15:15:57,18.986,23.06,OK,24.38,24.26,OK,23.34,23.27,OK,24.89,24.61,OK,25.98,25.94,OK,25.01,24.91,OK,25.54,25.42,OK,24.61,24.59,OK,0,0,,0,0,,12.28,OK,12.55,OK,12.4,OK,12.64,OK,12.65,OK,12.65,OK,12.62,OK,0,,0,,12.47,OK,12.51,OK,12.44,OK,12.42,OK,12.49,OK,12.52,OK,12.53,OK,0,,0,,,,83.43,OK,,,,83.29,OK,,,,157.21,OK,,,,156.67,OK,,,,37.14,OK,,,,37.26,OK,,,,,,,,,,,,,,,,,
2410120683C,NEW KAPPAEX1.0,CM2P2,2024-10-12 15:16:02,18.689,27.02,OK,22.99,22.71,OK,23.08,22.94,OK,23.78,23.41,OK,23.06,22.8,OK,23.52,23.52,OK,20.91,20.3,OK,22.36,21.66,OK,0,0,,0,0,,15.36,OK,15.36,OK,15.36,OK,15.36,OK,15.36,OK,15.36,OK,15.36,OK,0,,0,,15.36,OK,15.36,OK,15.36,OK,15.36,OK,15.36,OK,15.36,OK,15.36,OK,0,,0,,,,54.47,OK,,,,55.16,OK,,,,-292.59,OK,,,,-294.04,OK,,,,172.8,OK,,,,172.99,OK,,,,,,,,,,,,,,,,,
2410120719D,ATKINSON 3.8 OCV,DM1P8,2024-10-12 15:16:50,18.982,22.31,OK,26.5,26.25,OK,29.33,29.24,OK,25.64,25.24,OK,27.01,26.97,OK,26.11,26.07,OK,27.85,27.8,OK,26.2,26.16,OK,0,0,,0,0,,11.4,OK,11.44,OK,11.47,OK,11.37,OK,11.43,OK,11.48,OK,11.65,OK,0,,0,,10.02,OK,10.4,OK,10.4,OK,10.55,OK,10.39,OK,10.32,OK,10.31,OK,0,,0,,,,81.76,OK,,,,82.07,OK,,,,157.47,OK,,,,157.72,OK,,,,37.07,OK,,,,37.6,OK,,,,,,,,,,,,,,,,,
2410120684C,NEW KAPPAEX1.0,CM3P4,2024-10-12 15:16:51,18.687,27.71,OK,27.29,26.75,OK,25.98,25.46,OK,27.11,26.63,OK,25.89,25.23,OK,24.39,24.03,OK,26.07,25.32,OK,24.08,23.56,OK,0,0,,0,0,,0,OK,0,OK,0,OK,0,OK,0,OK,0,OK,0,OK,0,,0,,0,OK,0,OK,0,OK,0,OK,0,OK,0,OK,0,OK,0,,0,,,,53.6,OK,,,,53.04,OK,,,,-293.35,OK,,,,-293.41,OK,,,,172.91,OK,,,,171.81,OK,,,,,,,,,,,,,,,,,
2410120685C,NEW KAPPAEX1.0,CM4P8,2024-10-12 15:17:40,18.692,27.53,OK,26.59,25.88,OK,22.43,22.21,OK,23.95,23.51,OK,23.53,23.22,OK,23.62,23.57,OK,23.4,22.65,OK,21.22,20.67,OK,0,0,,0,0,,0,OK,0,OK,0,OK,0,OK,0,OK,0,OK,0,OK,0,,0,,0,OK,0,OK,0,OK,0,OK,0,OK,0,OK,0,OK,0,,0,,,,54.19,OK,,,,53.49,OK,,,,-292.6,OK,,,,-292.36,OK,,,,172.73,OK,,,,173.57,OK,,,,,,,,,,,,,,,,,
2410120720D,ATKINSON 3.8 OCV,DM2P7,2024-10-12 15:17:45,18.993,24.22,OK,28.58,28.45,OK,24.7,24.68,OK,24.14,23.83,OK,27.87,27.82,OK,25.23,25.21,OK,24.31,24.24,OK,26.83,26.81,OK,0,0,,0,0,,11.13,OK,10.78,OK,10.75,OK,10.81,OK,10.81,OK,10.82,OK,10.81,OK,0,,0,,10.14,OK,10.17,OK,10.13,OK,10.16,OK,10.18,OK,10.13,OK,10.12,OK,0,,0,,,,82.71,OK,,,,83.13,OK,,,,157.56,OK,,,,157.32,OK,,,,37.29,OK,,,,37.75,OK,,,,,,,,,,,,,,,,,
2410120721D,ATKINSON 3.8 OCV,DM3P2,2024-10-12 15:18:37,18.998,24.13,OK,29.65,29.62,OK,25.87,25.73,OK,24.31,23.92,OK,23.71,23.64,OK,26.75,26.68,OK,26.56,26.54,OK,25.77,25.73,OK,0,0,,0,0,,11.41,OK,11.59,OK,11.61,OK,11.61,OK,11.49,OK,11.65,OK,11.65,OK,0,,0,,12.77,OK,12.81,OK,12.81,OK,12.78,OK,12.61,OK,12.69,OK,12.77,OK,0,,0,,,,82.68,OK,,,,82.66,OK,,,,156.92,OK,,,,157.32,OK,,,,36.91,OK,,,,36.91,OK,,,,,,,,,,,,,,,,,
2410120722D,ATKINSON 3.8 OCV,DM5P5,2024-10-12 15:19:32,18.998,24.12,OK,25.43,25.27,OK,24.9,24.81,OK,23.37,23.18,OK,24.6,24.48,OK,26.55,26.45,OK,25.22,25.02,OK,25.69,25.55,OK,0,0,,0,0,,2.18,OK,2.69,OK,2.68,OK,2.67,OK,2.71,OK,2.71,OK,2.71,OK,0,,0,,0.87,OK,0.87,OK,0.86,OK,0.84,OK,0.86,OK,0.87,OK,0.87,OK,0,,0,,,,81.95,OK,,,,81.47,OK,,,,158.07,OK,,,,158.38,OK,,,,37.74,OK,,,,37.87,OK,,,,,,,,,,,,,,,,,
2410120686C,NEW KAPPAEX1.0,CM5P1,2024-10-12 15:19:53,18.685,27.11,OK,25.09,24.92,OK,23.08,22.77,OK,22.96,22.65,OK,21.89,21.69,OK,21.86,21.5,OK,22.91,22.55,OK,22.29,22.03,OK,0,0,,0,0,,2.49,OK,2.53,OK,2.53,OK,2.49,OK,2.5,OK,2.56,OK,2.52,OK,0,,0,,2.62,OK,2.46,OK,2.43,OK,2.42,OK,2.45,OK,2.64,OK,2.42,OK,0,,0,,,,54.36,OK,,,,53.86,OK,,,,-292.24,OK,,,,-291.73,OK,,,,172.29,OK,,,,172.4,OK,,,,,,,,,,,,,,,,,
2410120723D,ATKINSON 3.8 OCV,DM4P3,2024-10-12 15:20:27,18.983,23.56,OK,26.77,26.56,OK,23.87,23.8,OK,24.94,24.64,OK,26.05,25.98,OK,27.3,27.12,OK,26.17,26.05,OK,24.68,24.57,OK,0,0,,0,0,,11.78,OK,12.46,OK,12.63,OK,12.55,OK,12.63,OK,12.63,OK,12.46,OK,0,,0,,12.47,OK,12.41,OK,12.46,OK,12.45,OK,12.45,OK,12.5,OK,12.43,OK,0,,0,,,,83.08,OK,,,,82.77,OK,,,,157.73,OK,,,,157.93,OK,,,,37.05,OK,,,,37.41,OK,,,,,,,,,,,,,,,,,
2410120687C,NEW KAPPAEX1.0,CM1P7,2024-10-12 15:20:42,18.684,26.67,OK,23.72,23.53,OK,24.53,24.16,OK,23.58,23.39,OK,23.13,22.76,OK,23.06,22.95,OK,22.67,22.2,OK,23.48,23.3,OK,0,0,,0,0,,5.98,OK,6.78,OK,6.83,OK,6.85,OK,6.97,OK,6.97,OK,7.02,OK,0,,0,,6.17,OK,6.68,OK,6.8,OK,6.97,OK,6.86,OK,7.12,OK,6.48,OK,0,,0,,,,54.7,OK,,,,55.01,OK,,,,-292.8,OK,,,,-293.92,OK,,,,173.2,OK,,,,173.09,OK,,,,,,,,,,,,,,,,,
2410120724D,ATKINSON 3.8 OCV,DM1P9,2024-10-12 15:21:22,18.99,23.92,OK,24.04,23.91,OK,28.52,28.41,OK,25.57,25.48,OK,26.09,25.93,OK,24.34,24.31,OK,24.7,24.61,OK,26.32,26.27,OK,0,0,,0,0,,11.36,OK,11.38,OK,11.37,OK,11.36,OK,11.45,OK,11.49,OK,11.64,OK,0,,0,,9.91,OK,10.3,OK,10.3,OK,10.2,OK,10.21,OK,10.12,OK,10.19,OK,0,,0,,,,82.39,OK,,,,82.46,OK,,,,157.45,OK,,,,157.26,OK,,,,37.65,OK,,,,36.97,OK,,,,,,,,,,,,,,,,,
2410120725D,ATKINSON 3.8 OCV,DM2P1,2024-10-12 15:22:14,18.998,23.58,OK,25.5,25.43,OK,24.53,24.48,OK,22.93,22.71,OK,25.91,25.79,OK,25.28,25.23,OK,25.86,25.79,OK,24.07,24.07,OK,0,0,,0,0,,11.18,OK,10.78,OK,10.78,OK,10.79,OK,10.8,OK,10.82,OK,10.81,OK,0,,0,,10.15,OK,10.21,OK,10.13,OK,10.12,OK,10.07,OK,10.19,OK,10.1,OK,0,,0,,,,82.63,OK,,,,82.76,OK,,,,157.24,OK,,,,157.97,OK,,,,37.14,OK,,,,37.18,OK,,,,,,,,,,,,,,,,,
2410120688C,NEW KAPPAEX1.0,CM2P3,2024-10-12 15:22:39,18.697,27.18,OK,24.76,24.5,OK,23.71,23.5,OK,23.29,22.89,OK,23.97,23.71,OK,22.92,22.87,OK,22.75,22.33,OK,22.43,22.19,OK,0,0,,0,0,,15.36,OK,15.36,OK,15.36,OK,15.36,OK,15.36,OK,15.36,OK,15.36,OK,0,,0,,15.36,OK,15.36,OK,15.36,OK,15.36,OK,15.36,OK,15.36,OK,15.36,OK,0,,0,,,,54.51,OK,,,,54.21,OK,,,,-293.05,OK,,,,-292.38,OK,,,,172.4,OK,,,,171.94,OK,,,,,,,,,,,,,,,,,
2410120726D,ATKINSON 3.8 OCV,DM3P5,2024-10-12 15:23:10,18.992,23.7,OK,26,25.91,OK,24.75,24.66,OK,24.5,24.17,OK,23.64,23.59,OK,26.07,25.84,OK,25.36,25.17,OK,25.77,25.4,OK,0,0,,0,0,,11.38,OK,11.57,OK,11.6,OK,11.61,OK,11.49,OK,11.63,OK,11.62,OK,0,,0,,12.58,OK,12.8,OK,12.8,OK,12.83,OK,12.89,OK,12.59,OK,12.82,OK,0,,0,,,,81.74,OK,,,,82.08,OK,,,,157.19,OK,,,,157.98,OK,,,,36.9,OK,,,,37.06,OK,,,,,,,,,,,,,,,,,
2410120689C,NEW KAPPAEX1.0,CM3P6,2024-10-12 15:23:28,18.687,26.75,OK,26.9,26.27,OK,25.05,24.6,OK,25.43,25.07,OK,25.12,24.17,OK,25.43,25.07,OK,24.6,23.53,OK,23.87,23.19,OK,0,0,,0,0,,0,OK,0,OK,0,OK,0,OK,0,OK,0,OK,0,OK,0,,0,,0,OK,0,OK,0,OK,0,OK,0,OK,0,OK,0,OK,0,,0,,,,53.16,OK,,,,52.94,OK,,,,-292.59,OK,,,,-291.65,OK,,,,171.46,OK,,,,173.75,OK,,,,,,,,,,,,,,,,,
2410120727D,ATKINSON 3.8 OCV,DM5P6,2024-10-12 15:24:05,18.995,23.02,OK,26.15,25.97,OK,24.76,24.6,OK,23.83,23.42,OK,25.53,25.32,OK,25.29,25.18,OK,26.8,26.57,OK,25.27,25.09,OK,0,0,,0,0,,2.14,OK,2.73,OK,2.73,OK,2.69,OK,2.76,OK,2.75,OK,2.73,OK,0,,0,,0.88,OK,0.83,OK,0.88,OK,0.87,OK,0.87,OK,0.9,OK,0.9,OK,0,,0,,,,82.44,OK,,,,83.22,OK,,,,157.81,OK,,,,157.15,OK,,,,37.74,OK,,,,38.13,OK,,,,,,,,,,,,,,,,,
2410120690C,NEW KAPPAEX1.0,CM4P9,2024-10-12 15:24:16,18.688,26.75,OK,25.27,24.54,OK,23.02,22.89,OK,23.51,23.11,OK,21.66,21.37,OK,24.04,23.99,OK,22.01,21.37,OK,20.36,19.83,OK,0,0,,0,0,,0,OK,0,OK,0,OK,0,OK,0,OK,0,OK,0,OK,0,,0,,0,OK,0,OK,0,OK,0,OK,0,OK,0,OK,0,OK,0,,0,,,,54.12,OK,,,,53.42,OK,,,,-292.59,OK,,,,-292.31,OK,,,,172.76,OK,,,,173.3,OK,,,,,,,,,,,,,,,,,
2410120728D,ATKINSON 3.8 OCV,DM4P8,2024-10-12 15:25:00,18.989,23.66,OK,23.64,23.5,OK,23.36,23.2,OK,24.43,24.15,OK,25.7,25.61,OK,24.98,24.89,OK,24.59,24.52,OK,25.33,25.31,OK,0,0,,0,0,,12.31,OK,12.62,OK,12.54,OK,12.6,OK,12.63,OK,12.63,OK,12.52,OK,0,,0,,12.42,OK,12.48,OK,12.47,OK,12.42,OK,12.44,OK,12.51,OK,12.48,OK,0,,0,,,,81.59,OK,,,,81.5,OK,,,,158.26,OK,,,,158.3,OK,,,,37.34,OK,,,,37.74,OK,,,,,,,,,,,,,,,,,
2410120692C,NEW KAPPAEX1.0,CM1P2,2024-10-12 15:25:05,18.696,27.42,OK,23.76,23.55,OK,23.41,22.92,OK,24.09,23.81,OK,21.92,21.43,OK,22.04,21.92,OK,23.6,23.23,OK,22.76,22.2,OK,0,0,,0,0,,5.98,OK,6.72,OK,6.75,OK,6.72,OK,6.98,OK,7.09,OK,6.93,OK,0,,0,,6.09,OK,6.83,OK,6.35,OK,6.54,OK,6.64,OK,6.69,OK,6.74,OK,0,,0,,,,54.16,OK,,,,53.34,OK,,,,-292.78,OK,,,,-293.94,OK,,,,173.23,OK,,,,171.86,OK,,,,,,,,,,,,,,,,,
2410120729D,ATKINSON 3.8 OCV,DM1P7,2024-10-12 15:25:55,18.996,23.21,OK,26.29,26.11,OK,27.69,27.53,OK,26.61,26.5,OK,27.55,27.42,OK,28.14,28.09,OK,27.55,27.44,OK,26.25,26.2,OK,0,0,,0,0,,11.44,OK,11.38,OK,11.45,OK,11.4,OK,11.42,OK,11.47,OK,11.66,OK,0,,0,,9.94,OK,10.32,OK,10.47,OK,10.38,OK,10.38,OK,10.29,OK,10.23,OK,0,,0,,,,82.44,OK,,,,82.89,OK,,,,157.42,OK,,,,157.44,OK,,,,37.26,OK,,,,37.38,OK,,,,,,,,,,,,,,,,,
2410120693C,NEW KAPPAEX1.0,CM2P4,2024-10-12 15:25:57,18.687,27.13,OK,24.74,24.57,OK,22.36,21.84,OK,23.78,23.48,OK,21.21,20.98,OK,22.45,22.45,OK,21.91,21.49,OK,22.75,22.4,OK,0,0,,0,0,,15.36,OK,15.36,OK,15.36,OK,15.36,OK,15.36,OK,15.36,OK,15.36,OK,0,,0,,15.36,OK,15.36,OK,15.36,OK,15.36,OK,15.36,OK,15.36,OK,15.36,OK,0,,0,,,,53.68,OK,,,,52.93,OK,,,,-292.42,OK,,,,-292.42,OK,,,,170.28,OK,,,,171.99,OK,,,,,,,,,,,,,,,,,
2410120694C,NEW KAPPAEX1.0,CM3P1,2024-10-12 15:26:46,18.689,26.65,OK,26.47,25.95,OK,24.85,23.89,OK,26.07,25.64,OK,24.39,23.69,OK,25.41,24.91,OK,25.64,25,OK,25.73,25.18,OK,0,0,,0,0,,0,OK,0,OK,0,OK,0,OK,0,OK,0,OK,0,OK,0,,0,,0,OK,0,OK,0,OK,0,OK,0,OK,0,OK,0,OK,0,,0,,,,53.83,OK,,,,53.75,OK,,,,-293.18,OK,,,,-292.43,OK,,,,172.74,OK,,,,172.53,OK,,,,,,,,,,,,,,,,,
2410120730D,ATKINSON 3.8 OCV,DM2P2,2024-10-12 15:26:47,18.995,23.06,OK,27.61,27.53,OK,24.99,24.89,OK,23.15,22.88,OK,26.52,26.44,OK,26.3,26.27,OK,24.43,24.36,OK,25.31,25.31,OK,0,0,,0,0,,10.69,OK,10.77,OK,10.77,OK,10.78,OK,10.81,OK,10.78,OK,10.8,OK,0,,0,,10.18,OK,10.26,OK,10.17,OK,10.35,OK,10.2,OK,10.18,OK,10.16,OK,0,,0,,,,81.94,OK,,,,82.6,OK,,,,157.41,OK,,,,157.57,OK,,,,37.22,OK,,,,37.19,OK,,,,,,,,,,,,,,,,,
2410120695C,NEW KAPPAEX1.0,CM4P7,2024-10-12 15:27:35,18.694,26.91,OK,23.68,23.13,OK,22.89,22.45,OK,24.15,23.6,OK,22.83,22.39,OK,24.41,24.32,OK,23,22.56,OK,22.76,22.08,OK,0,0,,0,0,,0,OK,0,OK,0,OK,0,OK,0,OK,0,OK,0,OK,0,,0,,0,OK,0,OK,0,OK,0,OK,0,OK,0,OK,0,OK,0,,0,,,,53.96,OK,,,,53.99,OK,,,,-293.37,OK,,,,-293.21,OK,,,,173.73,OK,,,,173.86,OK,,,,,,,,,,,,,,,,,
2410120731D,ATKINSON 3.8 OCV,DM3P5,2024-10-12 15:27:43,18.998,21.87,OK,26.4,26.35,OK,25.24,25.24,OK,24.98,24.59,OK,25.77,25.77,OK,28.65,28.56,OK,25.36,25.31,OK,25.82,25.77,OK,0,0,,0,0,,11.42,OK,11.59,OK,11.6,OK,11.59,OK,11.65,OK,11.59,OK,11.65,OK,0,,0,,12.53,OK,12.81,OK,12.8,OK,12.82,OK,12.61,OK,12.76,OK,12.65,OK,0,,0,,,,81.96,OK,,,,81.98,OK,,,,157.69,OK,,,,157.95,OK,,,,37.16,OK,,,,37.24,OK,,,,,,,,,,,,,,,,,
2410120691C,NEW KAPPAEX1.0,CM5P5,2024-10-12 15:28:23,18.696,27.42,OK,24.23,24.16,OK,22.53,22.27,OK,22.22,21.89,OK,21.12,21,OK,23.58,23.32,OK,22.94,22.6,OK,22.63,22.17,OK,0,0,,0,0,,2.5,OK,2.51,OK,2.52,OK,2.51,OK,2.6,OK,2.53,OK,2.51,OK,0,,0,,2.59,OK,2.41,OK,2.43,OK,2.5,OK,2.62,OK,2.48,OK,2.4,OK,0,,0,,,,53.48,OK,,,,54.02,OK,,,,-293.07,OK,,,,-292.84,OK,,,,171.68,OK,,,,172.94,OK,,,,,,,,,,,,,,,,,
2410120732D,ATKINSON 3.8 OCV,DM5P3,2024-10-12 15:28:35,18.994,23.85,OK,25.41,25.29,OK,25.6,25.48,OK,24.88,24.41,OK,24.81,24.69,OK,25.43,25.39,OK,25.09,24.95,OK,24.9,24.78,OK,0,0,,0,0,,2.14,OK,2.72,OK,2.7,OK,2.74,OK,2.79,OK,2.75,OK,2.76,OK,0,,0,,0.82,OK,0.83,OK,0.85,OK,0.86,OK,0.85,OK,0.86,OK,0.9,OK,0,,0,,,,82.36,OK,,,,82.01,OK,,,,158.3,OK,,,,158.62,OK,,,,37.84,OK,,,,38.19,OK,,,,,,,,,,,,,,,,,
2410120697C,NEW KAPPAEX1.0,CM1P3,2024-10-12 15:29:12,18.693,27.07,OK,25.89,25.77,OK,25.47,24.58,OK,25.44,25.26,OK,24.18,23.83,OK,24.14,24.02,OK,23.95,23.72,OK,23.58,22.95,OK,0,0,,0,0,,5.97,OK,6.98,OK,7.12,OK,7.1,OK,7.29,OK,7.37,OK,7.28,OK,0,,0,,5.97,OK,6.63,OK,6.53,OK,6.68,OK,6.51,OK,6.71,OK,6.49,OK,0,,0,,,,53.94,OK,,,,55.28,OK,,,,-293.55,OK,,,,-294.06,OK,,,,174.15,OK,,,,172.22,OK,,,,,,,,,,,,,,,,,
2410120733D,ATKINSON 3.8 OCV,DM4P9,2024-10-12 15:29:30,18.996,23.32,OK,25.87,25.75,OK,24.15,24.1,OK,25.42,24.91,OK,26.47,26.42,OK,25.63,25.54,OK,24.87,24.78,OK,25.87,25.84,OK,0,0,,0,0,,12.39,OK,12.55,OK,12.65,OK,12.61,OK,12.64,OK,12.64,OK,12.5,OK,0,,0,,12.44,OK,12.46,OK,12.51,OK,12.44,OK,12.48,OK,12.49,OK,12.48,OK,0,,0,,,,82.14,OK,,,,82.33,OK,,,,158.13,OK,,,,158.25,OK,,,,38.09,OK,,,,37.52,OK,,,,,,,,,,,,,,,,,
2410120698C,NEW KAPPAEX1.0,CM2P6,2024-10-12 15:29:58,18.677,27,OK,23.87,23.69,OK,23.5,23.31,OK,23.1,22.89,OK,23.71,23.41,OK,22.92,22.82,OK,21.56,21.21,OK,22.24,21.84,OK,0,0,,0,0,,15.36,OK,15.36,OK,15.36,OK,15.36,OK,15.36,OK,15.36,OK,15.36,OK,0,,0,,15.36,OK,15.36,OK,15.36,OK,15.36,OK,15.36,OK,15.36,OK,15.36,OK,0,,0,,,,52.81,OK,,,,53.12,OK,,,,-293.6,OK,,,,-292.9,OK,,,,172.91,OK,,,,173.12,OK,,,,,,,,,,,,,,,,,
2410120734D,ATKINSON 3.8 OCV,DM1P1,2024-10-12 15:30:25,18.997,23.96,OK,26,25.96,OK,26.59,26.52,OK,24,23.73,OK,26.9,26.68,OK,26.07,26,OK,26.09,26,OK,26.92,26.88,OK,0,0,,0,0,,11.4,OK,11.4,OK,11.34,OK,11.38,OK,11.42,OK,11.45,OK,11.65,OK,0,,0,,9.96,OK,10.31,OK,10.27,OK,10.28,OK,10.28,OK,10.32,OK,10.35,OK,0,,0,,,,81.97,OK,,,,82.32,OK,,,,157.49,OK,,,,158.01,OK,,,,37.44,OK,,,,37.44,OK,,,,,,,,,,,,,,,,,
2410120696C,NEW KAPPAEX1.0,CM5P8,2024-10-12 15:30:46,18.697,26.11,OK,27.31,26.97,OK,24.75,24.47,OK,22.84,22.58,OK,21.55,21.46,OK,22.67,22.53,OK,23.63,23.18,OK,23.37,23.01,OK,0,0,,0,0,,2.52,OK,2.55,OK,2.52,OK,2.56,OK,2.56,OK,2.56,OK,2.55,OK,0,,0,,2.66,OK,2.48,OK,2.52,OK,2.56,OK,2.49,OK,2.49,OK,2.38,OK,0,,0,,,,53.31,OK,,,,53.94,OK,,,,-291.76,OK,,,,-292.8,OK,,,,171.69,OK,,,,173.05,OK,,,,,,,,,,,,,,,,,
2410120735D,ATKINSON 3.8 OCV,DM2P4,2024-10-12 15:31:21,18.984,24.93,OK,28.6,28.55,OK,25.4,25.33,OK,25.21,24.97,OK,26.01,25.94,OK,26.37,26.37,OK,24.99,24.92,OK,28.24,28.14,OK,0,0,,0,0,,10.88,OK,10.81,OK,10.77,OK,10.79,OK,10.84,OK,10.8,OK,10.8,OK,0,,0,,10.18,OK,10.18,OK,10.23,OK,10.16,OK,10.15,OK,10.2,OK,10.22,OK,0,,0,,,,81.79,OK,,,,82.42,OK,,,,157.74,OK,,,,158.28,OK,,,,37.45,OK,,,,37.77,OK,,,,,,,,,,,,,,,,,
2410120700C,NEW KAPPAEX1.0,CM3P5,2024-10-12 15:31:32,18.694,26.83,OK,28.35,27.65,OK,25.37,24.55,OK,26.34,25.91,OK,25.05,24.21,OK,24.85,24.46,OK,25.77,25.05,OK,25.55,24.75,OK,0,0,,0,0,,0,OK,0,OK,0,OK,0,OK,0,OK,0,OK,0,OK,0,,0,,0,OK,0,OK,0,OK,0,OK,0,OK,0,OK,0,OK,0,,0,,,,53.7,OK,,,,52.9,OK,,,,-292.6,OK,,,,-292.19,OK,,,,171.62,OK,,,,171.67,OK,,,,,,,,,,,,,,,,,
2410120736D,ATKINSON 3.8 OCV,DM3P6,2024-10-12 15:32:16,18.989,23.78,OK,27.16,27.12,OK,26.45,26.42,OK,23.55,23.08,OK,23.96,23.87,OK,26.33,26.24,OK,26.42,26.35,OK,25.59,25.49,OK,0,0,,0,0,,11.42,OK,11.52,OK,11.6,OK,11.63,OK,11.5,OK,11.63,OK,11.62,OK,0,,0,,12.55,OK,12.82,OK,12.81,OK,12.77,OK,12.72,OK,12.71,OK,12.6,OK,0,,0,,,,83.17,OK,,,,82.86,OK,,,,157.64,OK,,,,157.4,OK,,,,37.47,OK,,,,37.71,OK,,,,,,,,,,,,,,,,,
2410120699C,NEW KAPPAEX1.0,CM4P9,2024-10-12 15:32:20,18.697,26.18,OK,24.85,24.26,OK,23.09,22.89,OK,23.93,23.51,OK,22.21,21.9,OK,23.75,23.66,OK,23.09,22.17,OK,22.28,21.57,OK,0,0,,0,0,,0,OK,0,OK,0,OK,0,OK,0,OK,0,OK,0,OK,0,,0,,0,OK,0,OK,0,OK,0,OK,0,OK,0,OK,0,OK,0,,0,,,,54.19,OK,,,,52.95,OK,,,,-293.15,OK,,,,-292.59,OK,,,,173.93,OK,,,,173.49,OK,,,,,,,,,,,,,,,,,
2410120737D,ATKINSON 3.8 OCV,DM5P8,2024-10-12 15:33:08,18.983,22.4,OK,23.83,23.74,OK,25.83,25.76,OK,23.58,23.14,OK,24.9,24.85,OK,23.81,23.67,OK,26.22,26.11,OK,26.69,26.45,OK,0,0,,0,0,,2.11,OK,2.69,OK,2.67,OK,2.7,OK,2.74,OK,2.74,OK,2.75,OK,0,,0,,0.78,OK,0.81,OK,0.83,OK,0.82,OK,0.84,OK,0.86,OK,0.87,OK,0,,0,,,,81.21,OK,,,,80.86,OK,,,,158.47,OK,,,,159.2,OK,,,,37.82,OK,,,,38.14,OK,,,,,,,,,,,,,,,,,
2410120701C,NEW KAPPAEX1.0,CM1P4,2024-10-12 15:33:09,18.688,26.6,OK,24.21,23.88,OK,23.23,22.81,OK,23.23,23.04,OK,22.92,22.34,OK,21.5,21.34,OK,23.93,23.41,OK,23.81,23.39,OK,0,0,,0,0,,6.05,OK,7.03,OK,6.98,OK,6.95,OK,7.33,OK,7.23,OK,7.22,OK,0,,0,,5.92,OK,6.51,OK,6.4,OK,6.83,OK,6.61,OK,6.64,OK,6.57,OK,0,,0,,,,53.22,OK,,,,51.36,OK,,,,-293.7,OK,,,,-292.33,OK,,,,172.07,OK,,,,171.69,OK,,,,,,,,,,,,,,,,,
2410120702C,NEW KAPPAEX1.0,CM2P1,2024-10-12 15:33:55,18.685,26.93,OK,24.01,23.92,OK,23.87,23.59,OK,24.29,23.99,OK,21.35,20.86,OK,21.73,21.54,OK,22.01,21.63,OK,22.54,22.24,OK,0,0,,0,0,,15.36,OK,15.36,OK,15.36,OK,15.36,OK,15.36,OK,15.36,OK,15.36,OK,0,,0,,15.36,OK,15.36,OK,15.36,OK,15.36,OK,15.36,OK,15.36,OK,15.36,OK,0,,0,,,,54.11,OK,,,,54.1,OK,,,,-292.73,OK,,,,-292.35,OK,,,,171.55,OK,,,,172.53,OK,,,,,,,,,,,,,,,,,
2410120738D,ATKINSON 3.8 OCV,DM4P7,2024-10-12 15:34:03,18.988,23.57,OK,24.66,24.52,OK,23.48,23.43,OK,23.52,23.31,OK,25.4,25.33,OK,25.17,24.96,OK,25.82,25.73,OK,24.57,24.47,OK,0,0,,0,0,,12.3,OK,12.55,OK,12.63,OK,12.48,OK,12.65,OK,12.64,OK,12.62,OK,0,,0,,12.44,OK,12.43,OK,12.43,OK,12.44,OK,12.44,OK,12.51,OK,12.5,OK,0,,0,,,,82.24,OK,,,,82.64,OK,,,,158.45,OK,,,,158.22,OK,,,,37.73,OK,,,,37.97,OK,,,,,,,,,,,,,,,,,
2410120704C,NEW KAPPAEX1.0,CM3P7,2024-10-12 15:34:44,18.689,26.92,OK,26.14,25.39,OK,24.12,23.67,OK,26.27,25.8,OK,26.75,25.75,OK,24.71,24.3,OK,26.81,26.18,OK,24.94,24.19,OK,0,0,,0,0,,0,OK,0,OK,0,OK,0,OK,0,OK,0,OK,0,OK,0,,0,,0,OK,0,OK,0,OK,0,OK,0,OK,0,OK,0,OK,0,,0,,,,52.81,OK,,,,53.3,OK,,,,-292.42,OK,,,,-290.53,OK,,,,172.99,OK,,,,171.42,OK,,,,,,,,,,,,,,,,,
2410120739D,ATKINSON 3.8 OCV,DM1P2,2024-10-12 15:35:01,18.985,23.53,OK,24.99,24.88,OK,27.51,27.49,OK,24.76,24.58,OK,25.93,25.89,OK,26.16,26.11,OK,25.98,25.82,OK,27.62,27.53,OK,0,0,,0,0,,11.38,OK,11.43,OK,11.41,OK,11.46,OK,11.45,OK,11.52,OK,11.61,OK,0,,0,,9.92,OK,10.34,OK,10.32,OK,10.42,OK,10.29,OK,10.26,OK,10.34,OK,0,,0,,,,82.21,OK,,,,82.48,OK,,,,157.35,OK,,,,157.38,OK,,,,37.51,OK,,,,37.24,OK,,,,,,,,,,,,,,,,,
2410120705C,NEW KAPPAEX1.0,CM4P8,2024-10-12 15:35:29,18.684,27.26,OK,26.43,25.84,OK,23.49,23.22,OK,25.58,24.98,OK,23.99,23.71,OK,24.43,24.37,OK,24.48,24.15,OK,24.32,23.62,OK,0,0,,0,0,,0,OK,0,OK,0,OK,0,OK,0,OK,0,OK,0,OK,0,,0,,0,OK,0,OK,0,OK,0,OK,0,OK,0,OK,0,OK,0,,0,,,,54.26,OK,,,,54.11,OK,,,,-292.7,OK,,,,-292.29,OK,,,,171.71,OK,,,,174.1,OK,,,,,,,,,,,,,,,,,
2410120740D,ATKINSON 3.8 OCV,DM2P5,2024-10-12 15:35:53,18.99,21.87,OK,25.6,25.47,OK,24.41,24.36,OK,24.43,24.26,OK,25.14,25.09,OK,26.3,26.3,OK,24.77,24.7,OK,24.34,24.26,OK,0,0,,0,0,,11.06,OK,10.78,OK,10.77,OK,10.82,OK,10.83,OK,10.89,OK,10.81,OK,0,,0,,10.2,OK,10.33,OK,10.29,OK,10.2,OK,10.19,OK,10.22,OK,10.13,OK,0,,0,,,,82.27,OK,,,,81.85,OK,,,,158.34,OK,,,,158.24,OK,,,,37.98,OK,,,,37.92,OK,,,,,,,,,,,,,,,,,
2410120703C,NEW KAPPAEX1.0,CM5P2,2024-10-12 15:36:18,18.695,27.52,OK,25.04,24.85,OK,22.65,22.29,OK,22.53,22.01,OK,20.69,20.62,OK,22.22,21.86,OK,23.7,23.08,OK,23.18,22.6,OK,0,0,,0,0,,2.56,OK,2.51,OK,2.51,OK,2.49,OK,2.51,OK,2.5,OK,2.52,OK,0,,0,,2.87,OK,2.42,OK,2.41,OK,2.43,OK,2.47,OK,2.51,OK,2.41,OK,0,,0,,,,53.34,OK,,,,53.04,OK,,,,-293.08,OK,,,,-292.86,OK,,,,172.36,OK,,,,172.7,OK,,,,,,,,,,,,,,,,,
2410120741D,ATKINSON 3.8 OCV,DM3P3,2024-10-12 15:36:49,18.991,23.48,OK,26.14,26.12,OK,27.74,27.54,OK,25.98,25.73,OK,24.94,24.91,OK,26.77,26.26,OK,26.89,26.79,OK,24.94,24.73,OK,0,0,,0,0,,11.29,OK,11.28,OK,11.62,OK,11.62,OK,11.65,OK,11.66,OK,11.61,OK,0,,0,,12.59,OK,12.81,OK,12.77,OK,12.76,OK,12.6,OK,12.66,OK,12.56,OK,0,,0,,,,82.85,OK,,,,82.12,OK,,,,157.91,OK,,,,158.01,OK,,,,37.49,OK,,,,37.77,OK,,,,,,,,,,,,,,,,,
2410120706C,NEW KAPPAEX1.0,CM1P3,2024-10-12 15:37:03,18.699,27.18,OK,25.37,25.28,OK,24.25,23.74,OK,24.72,24.51,OK,22.81,22.13,OK,23.13,23.02,OK,22.13,21.78,OK,24.44,24.02,OK,0,0,,0,0,,6.01,OK,6.75,OK,6.81,OK,6.92,OK,7.02,OK,7.08,OK,7.32,OK,0,,0,,6.35,OK,6.87,OK,6.64,OK,7.14,OK,7,OK,7.3,OK,6.19,OK,0,,0,,,,53.72,OK,,,,53.97,OK,,,,-292.97,OK,,,,-293.4,OK,,,,172.49,OK,,,,171.68,OK,,,,,,,,,,,,,,,,,
2410120742D,ATKINSON 3.8 OCV,DM5P9,2024-10-12 15:37:41,18.997,24.37,OK,24,23.83,OK,25.78,25.69,OK,26.57,26.34,OK,24.81,24.55,OK,25.99,25.8,OK,24.2,24.13,OK,25.48,25.43,OK,0,0,,0,0,,2.1,OK,2.72,OK,2.74,OK,2.65,OK,2.74,OK,2.72,OK,2.72,OK,0,,0,,0.84,OK,0.85,OK,0.88,OK,0.91,OK,0.84,OK,0.87,OK,0.88,OK,0,,0,,,,81.2,OK,,,,81.44,OK,,,,158.44,OK,,,,158.99,OK,,,,38.79,OK,,,,38.21,OK,,,,,,,,,,,,,,,,,
2410120707C,NEW KAPPAEX1.0,CM2P5,2024-10-12 15:37:52,18.697,26.53,OK,24.13,23.97,OK,23.99,23.83,OK,24.41,24.11,OK,22.99,22.75,OK,21.91,21.73,OK,23.41,22.92,OK,22.89,22.71,OK,0,0,,0,0,,15.36,OK,15.36,OK,15.36,OK,15.36,OK,15.36,OK,15.36,OK,15.36,OK,0,,0,,15.36,OK,15.36,OK,15.36,OK,15.36,OK,15.36,OK,15.36,OK,15.36,OK,0,,0,,,,53.18,OK,,,,53.91,OK,,,,-292.76,OK,,,,-292.48,OK,,,,172.43,OK,,,,172.5,OK,,,,,,,,,,,,,,,,,
2410120743D,ATKINSON 3.8 OCV,DM4P1,2024-10-12 15:38:36,18.994,22.16,OK,24.75,24.61,OK,22.62,22.62,OK,24.87,24.52,OK,24.84,24.75,OK,25.03,24.89,OK,24.91,24.87,OK,25.22,25.15,OK,0,0,,0,0,,11.91,OK,12.47,OK,12.54,OK,12.48,OK,12.64,OK,12.66,OK,12.56,OK,0,,0,,12.44,OK,12.46,OK,12.5,OK,12.43,OK,12.45,OK,12.51,OK,12.55,OK,0,,0,,,,81.77,OK,,,,82.05,OK,,,,157.94,OK,,,,158.47,OK,,,,37.65,OK,,,,37.64,OK,,,,,,,,,,,,,,,,,
2410120708C,NEW KAPPAEX1.0,CM3P9,2024-10-12 15:38:41,18.683,26.68,OK,28.44,27.58,OK,25.59,24.96,OK,26.86,26.47,OK,25.75,25.03,OK,25.68,25.21,OK,25.39,24.82,OK,25.98,25.14,OK,0,0,,0,0,,0,OK,0,OK,0,OK,0,OK,0,OK,0,OK,0,OK,0,,0,,0,OK,0,OK,0,OK,0,OK,0,OK,0,OK,0,OK,0,,0,,,,52.31,OK,,,,51.96,OK,,,,-293.32,OK,,,,-292.2,OK,,,,171.7,OK,,,,171.06,OK,,,,,,,,,,,,,,,,,
2410120744D,ATKINSON 3.8 OCV,DM1P4,2024-10-12 15:39:28,18.998,25.12,OK,26,25.93,OK,28.48,28.16,OK,26.09,25.8,OK,27.4,27.26,OK,25.42,25.35,OK,26.77,26.7,OK,26.7,26.61,OK,0,0,,0,0,,11.39,OK,11.48,OK,11.47,OK,11.55,OK,11.72,OK,11.4,OK,11.51,OK,0,,0,,10,OK,10.39,OK,10.39,OK,10.33,OK,10.22,OK,10.23,OK,10.17,OK,0,,0,,,,81.48,OK,,,,82,OK,,,,157.76,OK,,,,158.16,OK,,,,37.59,OK,,,,37.5,OK,,,,,,,,,,,,,,,,,
2410120709C,NEW KAPPAEX1.0,CM4P4,2024-10-12 15:39:30,18.686,27.32,OK,25.09,24.43,OK,24.17,23.86,OK,23.07,22.61,OK,23.2,22.96,OK,23.44,23.4,OK,22.78,22.03,OK,22.25,21.09,OK,0,0,,0,0,,0,OK,0,OK,0,OK,0,OK,0,OK,0,OK,0,OK,0,,0,,0,OK,0,OK,0,OK,0,OK,0,OK,0,OK,0,OK,0,,0,,,,53.81,OK,,,,52.28,OK,,,,-293.18,OK,,,,-292.84,OK,,,,170.62,OK,,,,172.46,OK,,,,,,,,,,,,,,,,,
2410120710C,NEW KAPPAEX1.0,CM5P6,2024-10-12 15:40:18,18.696,27.17,OK,27.62,27.33,OK,23.58,23.37,OK,23.18,22.75,OK,21.53,21.48,OK,22.55,22.34,OK,22.89,22.41,OK,22.44,22.05,OK,0,0,,0,0,,2.52,OK,2.52,OK,2.5,OK,2.51,OK,2.5,OK,2.55,OK,2.52,OK,0,,0,,2.57,OK,2.4,OK,2.45,OK,2.41,OK,2.51,OK,2.45,OK,2.36,OK,0,,0,,,,53.36,OK,,,,52.84,OK,,,,-292.61,OK,,,,-292.31,OK,,,,171.46,OK,,,,172.37,OK,,,,,,,,,,,,,,,,,
2410120745D,ATKINSON 3.8 OCV,DM2P6,2024-10-12 15:40:23,18.99,24.43,OK,27.68,27.68,OK,25.26,25.18,OK,23.56,23.37,OK,27.29,27.24,OK,26.35,26.27,OK,25.98,25.96,OK,23.73,23.68,OK,0,0,,0,0,,10.79,OK,10.74,OK,10.78,OK,10.8,OK,10.8,OK,10.8,OK,10.82,OK,0,,0,,10.21,OK,10.19,OK,10.2,OK,10.16,OK,10.18,OK,10.2,OK,10.17,OK,0,,0,,,,82.63,OK,,,,82.87,OK,,,,157.97,OK,,,,157.23,OK,,,,37.79,OK,,,,38.28,OK,,,,,,,,,,,,,,,,,
2410120711C,NEW KAPPAEX1.0,CM1P2,2024-10-12 15:41:07,18.69,28.12,OK,24.86,24.67,OK,23.62,23.34,OK,23.72,23.44,OK,21.73,21.08,OK,22.69,22.6,OK,22.85,22.69,OK,23.37,23.2,OK,0,0,,0,0,,6.04,OK,6.81,OK,6.85,OK,6.81,OK,7.03,OK,7,OK,7.02,OK,0,,0,,6,OK,6.45,OK,6.46,OK,6.82,OK,6.55,OK,6.79,OK,6.56,OK,0,,0,,,,53.97,OK,,,,52.99,OK,,,,-292.31,OK,,,,-292.67,OK,,,,172.39,OK,,,,172.52,OK,,,,,,,,,,,,,,,,,
2410120746D,ATKINSON 3.8 OCV,DM3P8,2024-10-12 15:41:15,18.994,23.53,OK,27.1,26.91,OK,27.42,27.33,OK,25.89,25.7,OK,24.17,24.13,OK,29.3,29.21,OK,27.07,27.03,OK,25.45,25.33,OK,0,0,,0,0,,11.44,OK,11.61,OK,11.6,OK,11.6,OK,11.64,OK,11.63,OK,11.67,OK,0,,0,,12.54,OK,12.83,OK,12.81,OK,12.84,OK,12.6,OK,12.77,OK,12.6,OK,0,,0,,,,81.74,OK,,,,81.85,OK,,,,157.81,OK,,,,158.34,OK,,,,37.57,OK,,,,37.83,OK,,,,,,,,,,,,,,,,,
2410120712C,NEW KAPPAEX1.0,CM2P1,2024-10-12 15:41:56,18.689,27.92,OK,23.41,23.06,OK,23.1,22.78,OK,23.9,23.57,OK,22.36,22.08,OK,23.5,23.43,OK,21.38,20.96,OK,22.38,22.15,OK,0,0,,0,0,,15.36,OK,15.36,OK,15.36,OK,15.36,OK,15.36,OK,15.36,OK,15.36,OK,0,,0,,15.36,OK,15.36,OK,15.36,OK,15.36,OK,15.36,OK,15.36,OK,15.36,OK,0,,0,,,,54.12,OK,,,,53.44,OK,,,,-292.75,OK,,,,-292.29,OK,,,,173.47,OK,,,,172.52,OK,,,,,,,,,,,,,,,,,
2410120748D,ATKINSON 3.8 OCV,DM4P2,2024-10-12 15:42:10,18.996,24.71,OK,25.52,25.36,OK,23.68,23.48,OK,24.59,24.36,OK,25.77,25.77,OK,26.1,26.03,OK,24.59,24.5,OK,24.75,24.68,OK,0,0,,0,0,,12.55,OK,12.57,OK,12.65,OK,12.62,OK,12.65,OK,12.66,OK,12.65,OK,0,,0,,12.5,OK,12.49,OK,12.51,OK,12.46,OK,12.51,OK,12.08,OK,12.31,OK,0,,0,,,,81.75,OK,,,,81.7,OK,,,,158.01,OK,,,,158.15,OK,,,,37.9,OK,,,,37.65,OK,,,,,,,,,,,,,,,,,
2410120713C,NEW KAPPAEX1.0,CM3P7,2024-10-12 15:42:45,18.684,26.72,OK,26.63,25.95,OK,25.28,24.44,OK,26.68,26.2,OK,26.02,25.41,OK,26.32,25.95,OK,25.71,25,OK,25.34,24.55,OK,0,0,,0,0,,0,OK,0,OK,0,OK,0,OK,0,OK,0,OK,0,OK,0,,0,,0,OK,0,OK,0,OK,0,OK,0,OK,0,OK,0,OK,0,,0,,,,53.49,OK,,,,53.34,OK,,,,-292.86,OK,,,,-291.91,OK,,,,171.13,OK,,,,172.31,OK,,,,,,,,,,,,,,,,,
2410120749D,ATKINSON 3.8 OCV,DM1P5,2024-10-12 15:43:02,18.995,24.35,OK,26.79,26.54,OK,27.78,27.67,OK,25.71,25.42,OK,25.78,25.75,OK,25.12,25.03,OK,25.12,25.01,OK,26,25.91,OK,0,0,,0,0,,11.44,OK,11.47,OK,11.38,OK,11.35,OK,11.49,OK,11.5,OK,11.53,OK,0,,0,,10.06,OK,10.04,OK,10.32,OK,10.42,OK,10.27,OK,10.33,OK,10.24,OK,0,,0,,,,81.8,OK,,,,81.57,OK,,,,158.26,OK,,,,158.3,OK,,,,37.76,OK,,,,37.7,OK,,,,,,,,,,,,,,,,,
2410120714C,NEW KAPPAEX1.0,CM4P3,2024-10-12 15:43:30,18.683,26.88,OK,27.07,26.41,OK,24.23,24.01,OK,24.89,24.23,OK,23.86,23.6,OK,25.44,25.33,OK,24.19,23.9,OK,24.48,23.97,OK,0,0,,0,0,,0,OK,0,OK,0,OK,0,OK,0,OK,0,OK,0,OK,0,,0,,0,OK,0,OK,0,OK,0,OK,0,OK,0,OK,0,OK,0,,0,,,,54.53,OK,,,,54.11,OK,,,,-293.83,OK,,,,-292.78,OK,,,,172.08,OK,,,,173.12,OK,,,,,,,,,,,,,,,,,
2410120750D,ATKINSON 3.8 OCV,DM2P3,2024-10-12 15:43:58,18.996,23.41,OK,28.6,28.48,OK,25.52,25.5,OK,25.23,24.99,OK,27.17,27.12,OK,28.26,28.21,OK,25.04,24.92,OK,25.47,25.43,OK,0,0,,0,0,,10.73,OK,11.1,OK,10.79,OK,11.07,OK,10.74,OK,10.76,OK,10.81,OK,0,,0,,10.27,OK,10.21,OK,10.25,OK,10.21,OK,10.21,OK,10.21,OK,10.18,OK,0,,0,,,,82.28,OK,,,,81.94,OK,,,,158.31,OK,,,,158.58,OK,,,,38.08,OK,,,,38.34,OK,,,,,,,,,,,,,,,,,
2410120715C,NEW KAPPAEX1.0,CM5P8,2024-10-12 15:44:16,18.691,26.98,OK,24.25,24.13,OK,23.99,23.58,OK,23.65,23.32,OK,20.57,20.45,OK,23.22,23.01,OK,23.13,22.82,OK,22.15,21.81,OK,0,0,,0,0,,2.5,OK,2.56,OK,2.53,OK,2.55,OK,2.57,OK,2.57,OK,2.55,OK,0,,0,,2.62,OK,2.45,OK,2.53,OK,2.78,OK,2.5,OK,2.49,OK,2.38,OK,0,,0,,,,53.42,OK,,,,55.23,OK,,,,-292.2,OK,,,,-293.7,OK,,,,172.46,OK,,,,173.37,OK,,,,,,,,,,,,,,,,,
2410120751D,ATKINSON 3.8 OCV,DM3P9,2024-10-12 15:44:53,18.983,23.46,OK,30.02,30,OK,26.47,26.4,OK,25.36,25.19,OK,24.8,24.78,OK,27.3,27.28,OK,27.05,27,OK,26.68,26.61,OK,0,0,,0,0,,11.58,OK,11.75,OK,11.59,OK,11.58,OK,11.65,OK,11.8,OK,11.78,OK,0,,0,,12.74,OK,12.82,OK,12.8,OK,12.74,OK,12.88,OK,12.81,OK,12.85,OK,0,,0,,,,81.3,OK,,,,81.7,OK,,,,158.42,OK,,,,158.51,OK,,,,37.94,OK,,,,37.39,OK,,,,,,,,,,,,,,,,,
2410120716C,NEW KAPPAEX1.0,CM1P5,2024-10-12 15:45:04,18.687,26.66,OK,24.63,24.44,OK,23.51,23.23,OK,25.12,24.91,OK,23.81,23.48,OK,24.49,24.46,OK,23.76,23.06,OK,24.32,23.69,OK,0,0,,0,0,,6.03,OK,6.76,OK,7.06,OK,7.44,OK,7.85,OK,7.58,OK,7.24,OK,0,,0,,6.6,OK,7.18,OK,7.32,OK,7.09,OK,6.54,OK,6.7,OK,6.37,OK,0,,0,,,,53.55,OK,,,,52.99,OK,,,,-292.28,OK,,,,-293.34,OK,,,,173.62,OK,,,,174.12,OK,,,,,,,,,,,,,,,,,
2410120747D,ATKINSON 3.8 OCV,DM5P7,2024-10-12 15:45:45,18.99,23.92,OK,25.48,25.34,OK,26.2,26.18,OK,25.09,24.58,OK,26.29,26.15,OK,24.92,24.76,OK,25.18,25.11,OK,24.83,24.74,OK,0,0,,0,0,,2.16,OK,2.65,OK,2.67,OK,2.74,OK,2.84,OK,2.81,OK,2.72,OK,0,,0,,0.86,OK,0.86,OK,0.85,OK,0.84,OK,0.84,OK,0.85,OK,0.88,OK,0,,0,,,,81.62,OK,,,,82.75,OK,,,,158.35,OK,,,,158.86,OK,,,,38.38,OK,,,,38.4,OK,,,,,,,,,,,,,,,,,
2410120717C,NEW KAPPAEX1.0,CM2P9,2024-10-12 15:45:53,18.683,26.45,OK,25.18,25.02,OK,23.2,22.99,OK,24.25,23.85,OK,23.06,22.8,OK,23.97,23.73,OK,21.38,20.96,OK,22.99,22.78,OK,0,0,,0,0,,15.36,OK,15.36,OK,15.36,OK,15.36,OK,15.36,OK,15.36,OK,15.36,OK,0,,0,,15.36,OK,15.36,OK,15.36,OK,15.36,OK,15.36,OK,15.36,OK,15.36,OK,0,,0,,,,53.05,OK,,,,53.97,OK,,,,-293.13,OK,,,,-292.37,OK,,,,173.62,OK,,,,172.1,OK,,,,,,,,,,,,,,,,,
2410120718C,NEW KAPPAEX1.0,CM3P6,2024-10-12 15:46:38,18.697,28.06,OK,27.65,26.81,OK,24.94,24.37,OK,25.91,25.46,OK,25.95,25.41,OK,25.77,25.28,OK,25.18,24.6,OK,25.09,24.1,OK,0,0,,0,0,,0,OK,0,OK,0,OK,0,OK,0,OK,0,OK,0,OK,0,,0,,0,OK,0,OK,0,OK,0,OK,0,OK,0,OK,0,OK,0,,0,,,,53.06,OK,,,,54.65,OK,,,,-292.87,OK,,,,-292.43,OK,,,,172.27,OK,,,,173.55,OK,,,,,,,,,,,,,,,,,
2410120753D,ATKINSON 3.8 OCV,DM1P6,2024-10-12 15:46:40,18.995,23.38,OK,26.34,26.18,OK,27.58,27.55,OK,25.06,24.88,OK,26.43,26.32,OK,26.81,26.74,OK,26.41,26.29,OK,26.79,26.68,OK,0,0,,0,0,,11.4,OK,11.43,OK,11.44,OK,11.55,OK,11.67,OK,11.41,OK,11.45,OK,0,,0,,10.05,OK,10.36,OK,10.24,OK,10.42,OK,10.41,OK,10.44,OK,10.42,OK,0,,0,,,,82.76,OK,,,,82.49,OK,,,,157.07,OK,,,,156.87,OK,,,,37.55,OK,,,,37.87,OK,,,,,,,,,,,,,,,,,
2410120719C,NEW KAPPAEX1.0,CM4P2,2024-10-12 15:47:27,18.694,27.36,OK,25.75,25.16,OK,23.07,22.72,OK,24.04,23.31,OK,22.45,22.28,OK,23.88,23.82,OK,21.59,20.98,OK,21.79,21.42,OK,0,0,,0,0,,0,OK,0,OK,0,OK,0,OK,0,OK,0,OK,0,OK,0,,0,,0,OK,0,OK,0,OK,0,OK,0,OK,0,OK,0,OK,0,,0,,,,54.59,OK,,,,54.3,OK,,,,-293.58,OK,,,,-292.76,OK,,,,173.59,OK,,,,173.36,OK,,,,,,,,,,,,,,,,,
2410120754D,ATKINSON 3.8 OCV,DM2P8,2024-10-12 15:47:32,18.993,24.23,OK,27.27,27.24,OK,24.48,24.38,OK,24,23.8,OK,26.01,25.96,OK,25.55,25.55,OK,25.79,25.72,OK,24.92,24.82,OK,0,0,,0,0,,11.06,OK,10.8,OK,10.77,OK,10.81,OK,10.8,OK,10.82,OK,10.8,OK,0,,0,,10.19,OK,10.26,OK,10.22,OK,10.29,OK,10.34,OK,10.27,OK,10.23,OK,0,,0,,,,81.2,OK,,,,81.48,OK,,,,158.54,OK,,,,158.66,OK,,,,37.69,OK,,,,38.09,OK,,,,,,,,,,,,,,,,,
2410120755D,ATKINSON 3.8 OCV,DM3P7,2024-10-12 15:48:24,18.984,23.15,OK,26.84,26.72,OK,27.88,27.81,OK,25.59,25.29,OK,24.31,24.26,OK,26.38,26.28,OK,25.54,25.45,OK,28.63,28.56,OK,0,0,,0,0,,11.45,OK,11.62,OK,11.58,OK,11.6,OK,11.63,OK,11.62,OK,11.62,OK,0,,0,,12.53,OK,12.83,OK,12.81,OK,12.78,OK,12.8,OK,12.8,OK,12.79,OK,0,,0,,,,82.57,OK,,,,83.02,OK,,,,157.66,OK,,,,158.27,OK,,,,37.38,OK,,,,37.65,OK,,,,,,,,,,,,,,,,,
2410120752D,ATKINSON 3.8 OCV,DM4P4,2024-10-12 15:49:19,18.996,23.46,OK,27.19,27.07,OK,23.68,23.66,OK,23.94,23.64,OK,26.63,26.45,OK,25.08,25.03,OK,26.75,26.58,OK,26.42,26.26,OK,0,0,,0,0,,12.46,OK,12.63,OK,12.64,OK,12.61,OK,12.62,OK,12.67,OK,12.56,OK,0,,0,,11.75,OK,12.28,OK,12.11,OK,12.31,OK,12.44,OK,12.48,OK,12.45,OK,0,,0,,,,81.44,OK,,,,81.75,OK,,,,158.13,OK,,,,158.54,OK,,,,37.87,OK,,,,37.92,OK,,,,,,,,,,,,,,,,,
2410120756D,ATKINSON 3.8 OCV,DM5P1,2024-10-12 15:50:15,18.982,22.46,OK,25.13,24.97,OK,25.71,25.55,OK,24.69,24.3,OK,24.64,24.46,OK,24.99,24.78,OK,24.9,24.76,OK,24.46,24.2,OK,0,0,,0,0,,2.12,OK,2.65,OK,2.66,OK,2.79,OK,2.85,OK,2.83,OK,2.82,OK,0,,0,,0.84,OK,0.85,OK,0.83,OK,0.84,OK,0.83,OK,0.82,OK,0.89,OK,0,,0,,,,81.48,OK,,,,81.61,OK,,,,158.01,OK,,,,158.81,OK,,,,38.01,OK,,,,37.93,OK,,,,,,,,,,,,,,,,,
2410120720C,NEW KAPPAEX1.0,CM5P4,2024-10-12 15:51:05,18.679,27.21,OK,24.51,24.32,OK,22.63,22.27,OK,22.48,22.22,OK,21.29,21.15,OK,22.03,21.72,OK,21.48,21.07,OK,21.98,21.65,OK,0,0,,0,0,,2.48,OK,2.61,OK,2.51,OK,2.51,OK,2.5,OK,2.52,OK,2.51,OK,0,,0,,2.67,OK,2.47,OK,2.42,OK,2.37,OK,2.45,OK,2.43,OK,2.4,OK,0,,0,,,,53.82,OK,,,,53.4,OK,,,,-293.05,OK,,,,-293.08,OK,,,,172.18,OK,,,,173.58,OK,,,,,,,,,,,,,,,,,
2410120757D,ATKINSON 3.8 OCV,DM1P5,2024-10-12 15:51:07,18.989,23.32,OK,27.1,26.9,OK,28.5,28.45,OK,26.43,26.14,OK,26.83,26.74,OK,25.21,25.12,OK,25.51,25.42,OK,25.71,25.57,OK,0,0,,0,0,,11.39,OK,11.47,OK,11.48,OK,11.41,OK,11.48,OK,11.54,OK,11.67,OK,0,,0,,10.1,OK,10.28,OK,10.44,OK,10.47,OK,10.4,OK,10.34,OK,10.28,OK,0,,0,,,,82.05,OK,,,,81.45,OK,,,,157.84,OK,,,,158.04,OK,,,,37.88,OK,,,,37.9,OK,,,,,,,,,,,,,,,,,
2410120721C,NEW KAPPAEX1.0,CM1P1,2024-10-12 15:52:00,18.696,26.31,OK,21.2,20.92,OK,22.99,22.81,OK,23.95,23.81,OK,21.97,21.45,OK,21.66,21.55,OK,22.39,22.08,OK,22.6,22.41,OK,0,0,,0,0,,5.93,OK,6.78,OK,6.75,OK,6.69,OK,6.94,OK,6.99,OK,7.66,OK,0,,0,,6.22,OK,6.75,OK,6.69,OK,6.94,OK,7.04,OK,6.78,OK,6.2,OK,0,,0,,,,53.72,OK,,,,51.5,OK,,,,-293.32,OK,,,,-293.88,OK,,,,171.64,OK,,,,172.4,OK,,,,,,,,,,,,,,,,,
2410120758D,ATKINSON 3.8 OCV,DM2P3,2024-10-12 15:52:05,18.997,24.86,OK,28.19,28.07,OK,26.18,26.08,OK,25.31,24.99,OK,25.74,25.69,OK,27.15,27.07,OK,25.45,25.35,OK,24.94,24.89,OK,0,0,,0,0,,11.32,OK,10.77,OK,10.77,OK,10.81,OK,10.83,OK,10.8,OK,10.8,OK,0,,0,,10.31,OK,10.31,OK,10.26,OK,10.3,OK,10.26,OK,10.33,OK,10.2,OK,0,,0,,,,82.8,OK,,,,82.13,OK,,,,158.11,OK,,,,158.49,OK,,,,37.85,OK,,,,37.8,OK,,,,,,,,,,,,,,,,,
2410120722C,NEW KAPPAEX1.0,CM2P7,2024-10-12 15:52:49,18.695,27.45,OK,23.15,22.87,OK,22.54,22.31,OK,23.17,22.85,OK,22.19,21.82,OK,23.52,23.48,OK,22.36,22.01,OK,22.12,21.94,OK,0,0,,0,0,,15.36,OK,15.36,OK,15.36,OK,15.36,OK,15.36,OK,15.36,OK,15.36,OK,0,,0,,15.36,OK,15.36,OK,15.36,OK,15.36,OK,15.36,OK,15.36,OK,15.36,OK,0,,0,,,,54.34,OK,,,,53.85,OK,,,,-291.28,OK,,,,-291.95,OK,,,,170.93,OK,,,,171.13,OK,,,,,,,,,,,,,,,,,
2410120759D,ATKINSON 3.8 OCV,DM3P9,2024-10-12 15:53:00,18.995,22.35,OK,26.86,26.75,OK,26.42,26.35,OK,25.98,25.66,OK,24.78,24.73,OK,27.65,27.58,OK,26.26,26.26,OK,26.65,26.61,OK,0,0,,0,0,,11.33,OK,11.63,OK,11.53,OK,11.67,OK,11.67,OK,11.67,OK,11.67,OK,0,,0,,12.88,OK,12.78,OK,12.61,OK,12.59,OK,12.63,OK,12.61,OK,12.71,OK,0,,0,,,,81.96,OK,,,,81.82,OK,,,,157.95,OK,,,,158.67,OK,,,,38.15,OK,,,,37.81,OK,,,,,,,,,,,,,,,,,
2410120723C,NEW KAPPAEX1.0,CM3P8,2024-10-12 15:53:41,18.692,27.57,OK,28.29,27.54,OK,24.75,24.01,OK,26.16,25.61,OK,25.14,24.42,OK,24.62,24.35,OK,25.3,24.85,OK,24.12,23.37,OK,0,0,,0,0,,0,OK,0,OK,0,OK,0,OK,0,OK,0,OK,0,OK,0,,0,,0,OK,0,OK,0,OK,0,OK,0,OK,0,OK,0,OK,0,,0,,,,51.85,OK,,,,53.27,OK,,,,-291.52,OK,,,,-291.66,OK,,,,171.91,OK,,,,172.33,OK,,,,,,,,,,,,,,,,,
2410120760D,ATKINSON 3.8 OCV,DM4P2,2024-10-12 15:53:56,18.992,22.56,OK,23.27,23.15,OK,22.46,22.15,OK,24.2,23.89,OK,24.91,24.82,OK,24.89,24.87,OK,27.07,26.96,OK,24.91,24.89,OK,0,0,,0,0,,12.52,OK,12.61,OK,12.62,OK,12.64,OK,12.6,OK,12.7,OK,12.66,OK,0,,0,,12.46,OK,12.44,OK,12.51,OK,12.47,OK,12.49,OK,12.45,OK,12.45,OK,0,,0,,,,81.7,OK,,,,81.92,OK,,,,157.84,OK,,,,157.9,OK,,,,37.57,OK,,,,37.23,OK,,,,,,,,,,,,,,,,,
2410120724C,NEW KAPPAEX1.0,CM4P5,2024-10-12 15:54:27,18.694,27.52,OK,25.55,25.11,OK,22.06,21.75,OK,24.04,23.49,OK,22.98,22.76,OK,24.01,23.99,OK,22.87,22.54,OK,22.54,22.01,OK,0,0,,0,0,,0,OK,0,OK,0,OK,0,OK,0,OK,0,OK,0,OK,0,,0,,0,OK,0,OK,0,OK,0,OK,0,OK,0,OK,0,OK,0,,0,,,,53.5,OK,,,,53.11,OK,,,,-292.45,OK,,,,-291.65,OK,,,,171.02,OK,,,,173.04,OK,,,,,,,,,,,,,,,,,
2410120761D,ATKINSON 3.8 OCV,DM5P4,2024-10-12 15:54:51,18.984,24.36,OK,26.38,26.27,OK,25.39,25.29,OK,25.27,24.92,OK,24.99,24.74,OK,25.39,25.22,OK,25.83,25.74,OK,25.5,25.27,OK,0,0,,0,0,,2.14,OK,2.67,OK,2.68,OK,2.69,OK,2.72,OK,2.8,OK,2.78,OK,0,,0,,0.85,OK,0.87,OK,0.84,OK,0.85,OK,0.84,OK,0.85,OK,0.88,OK,0,,0,,,,81.09,OK,,,,81.44,OK,,,,158.11,OK,,,,158.96,OK,,,,38.19,OK,,,,38.11,OK,,,,,,,,,,,,,,,,,
2410120725C,NEW KAPPAEX1.0,CM5P3,2024-10-12 15:55:12,18.699,26.66,OK,24.11,23.89,OK,22.55,22.22,OK,23.37,22.94,OK,20.02,19.83,OK,22.17,21.86,OK,22.94,22.63,OK,22.98,22.55,OK,0,0,,0,0,,2.51,OK,2.51,OK,2.54,OK,2.52,OK,2.52,OK,2.53,OK,2.53,OK,0,,0,,2.64,OK,2.45,OK,2.52,OK,2.39,OK,2.43,OK,2.49,OK,2.39,OK,0,,0,,,,53.68,OK,,,,54.04,OK,,,,-292.86,OK,,,,-292.38,OK,,,,172.21,OK,,,,171.86,OK,,,,,,,,,,,,,,,,,
2410120762D,ATKINSON 3.8 OCV,DM1P6,2024-10-12 15:55:46,18.987,24.68,OK,27.58,27.4,OK,26.74,26.72,OK,25.64,25.46,OK,28.03,27.91,OK,26.2,26.2,OK,26.29,26.25,OK,25.48,25.35,OK,0,0,,0,0,,11.42,OK,11.42,OK,11.4,OK,11.36,OK,11.51,OK,11.52,OK,11.61,OK,0,,0,,10.12,OK,10.42,OK,10.39,OK,10.51,OK,10.34,OK,10.41,OK,10.37,OK,0,,0,,,,82.66,OK,,,,82.76,OK,,,,157.28,OK,,,,157.08,OK,,,,37.62,OK,,,,37.74,OK,,,,,,,,,,,,,,,,,
2410120726C,NEW KAPPAEX1.0,CM1P9,2024-10-12 15:56:01,18.697,27.15,OK,23.72,23.51,OK,21.97,21.52,OK,23.83,23.67,OK,21.94,21.38,OK,21.59,21.52,OK,23.13,22.67,OK,22.67,22.13,OK,0,0,,0,0,,5.92,OK,6.72,OK,6.72,OK,6.75,OK,6.9,OK,7.73,OK,7.37,OK,0,,0,,6.64,OK,6.89,OK,6.99,OK,7.23,OK,6.61,OK,6.52,OK,6.41,OK,0,,0,,,,54.51,OK,,,,53.3,OK,,,,-293.84,OK,,,,-292.92,OK,,,,171.56,OK,,,,171.98,OK,,,,,,,,,,,,,,,,,
2410120763D,ATKINSON 3.8 OCV,DM2P8,2024-10-12 15:56:38,18.999,24.53,OK,29.28,29.21,OK,25.33,25.31,OK,25.77,25.5,OK,27.46,27.39,OK,26.4,26.32,OK,26.18,26.13,OK,24.72,24.7,OK,0,0,,0,0,,10.92,OK,10.81,OK,10.78,OK,10.77,OK,10.82,OK,10.82,OK,10.83,OK,0,,0,,10.37,OK,10.3,OK,10.32,OK,10.32,OK,10.34,OK,10.27,OK,10.3,OK,0,,0,,,,81.54,OK,,,,81.71,OK,,,,158.4,OK,,,,158.69,OK,,,,37.68,OK,,,,38.03,OK,,,,,,,,,,,,,,,,,
2410120727C,NEW KAPPAEX1.0,CM2P6,2024-10-12 15:56:46,18.684,26.5,OK,22.08,21.87,OK,21.73,21.4,OK,23.64,23.31,OK,21.61,21.4,OK,21.87,21.87,OK,21.54,21.1,OK,21.63,21.4,OK,0,0,,0,0,,15.36,OK,15.36,OK,15.36,OK,15.36,OK,15.36,OK,15.36,OK,15.36,OK,0,,0,,15.36,OK,15.36,OK,15.36,OK,15.36,OK,15.36,OK,15.36,OK,15.36,OK,0,,0,,,,54.02,OK,,,,53.16,OK,,,,-292.24,OK,,,,-291.62,OK,,,,172.63,OK,,,,172.41,OK,,,,,,,,,,,,,,,,,
2410120764D,ATKINSON 3.8 OCV,DM3P7,2024-10-12 15:57:33,18.993,25.18,OK,28.09,28,OK,26.77,26.72,OK,25.24,24.98,OK,24.8,24.8,OK,26.86,26.86,OK,27.44,27.35,OK,25.42,25.33,OK,0,0,,0,0,,11.59,OK,11.64,OK,11.47,OK,11.62,OK,11.64,OK,11.65,OK,11.65,OK,0,,0,,12.82,OK,12.77,OK,12.6,OK,12.57,OK,12.83,OK,12.59,OK,12.6,OK,0,,0,,,,82.35,OK,,,,82.56,OK,,,,157.51,OK,,,,158.13,OK,,,,37.76,OK,,,,37.84,OK,,,,,,,,,,,,,,,,,
2410120728C,NEW KAPPAEX1.0,CM3P4,2024-10-12 15:57:35,18.688,26.27,OK,25.32,24.64,OK,25.46,24.82,OK,26.07,25.64,OK,25.86,25.12,OK,24.73,24.42,OK,25.5,24.71,OK,24.14,23.33,OK,0,0,,0,0,,0,OK,0,OK,0,OK,0,OK,0,OK,0,OK,0,OK,0,,0,,0,OK,0,OK,0,OK,0,OK,0,OK,0,OK,0,OK,0,,0,,,,53.55,OK,,,,52.21,OK,,,,-292.54,OK,,,,-291.95,OK,,,,172.1,OK,,,,171.09,OK,,,,,,,,,,,,,,,,,
2410120729C,NEW KAPPAEX1.0,CM4P1,2024-10-12 15:58:21,18.694,27.37,OK,24.52,23.84,OK,23.4,23.13,OK,23.55,23.18,OK,22.87,22.58,OK,23.82,23.71,OK,23.13,22.58,OK,21.33,20.82,OK,0,0,,0,0,,0,OK,0,OK,0,OK,0,OK,0,OK,0,OK,0,OK,0,,0,,0,OK,0,OK,0,OK,0,OK,0,OK,0,OK,0,OK,0,,0,,,,54.33,OK,,,,53.56,OK,,,,-292.89,OK,,,,-292.7,OK,,,,172.78,OK,,,,173.5,OK,,,,,,,,,,,,,,,,,
2410120765D,ATKINSON 3.8 OCV,DM4P1,2024-10-12 15:58:29,18.999,24.78,OK,25.68,25.54,OK,23.29,23.22,OK,24.78,24.5,OK,25.45,25.38,OK,25.24,25.15,OK,25.54,25.45,OK,24.45,24.43,OK,0,0,,0,0,,12.48,OK,12.48,OK,12.63,OK,12.66,OK,12.59,OK,12.61,OK,12.67,OK,0,,0,,12.44,OK,12.45,OK,12.49,OK,12.5,OK,12.46,OK,12.47,OK,12.42,OK,0,,0,,,,81.82,OK,,,,82.1,OK,,,,157.76,OK,,,,158.23,OK,,,,37.54,OK,,,,37.48,OK,,,,,,,,,,,,,,,,,
2410120730C,NEW KAPPAEX1.0,CM5P2,2024-10-12 15:59:09,18.694,26.6,OK,25.52,25.02,OK,22.44,22.27,OK,22.94,22.55,OK,21.53,21.36,OK,22.48,22.2,OK,22.67,22.46,OK,21.96,21.55,OK,0,0,,0,0,,2.45,OK,2.55,OK,2.51,OK,2.51,OK,2.51,OK,2.52,OK,2.52,OK,0,,0,,2.63,OK,2.5,OK,2.38,OK,2.39,OK,2.45,OK,2.45,OK,2.45,OK,0,,0,,,,53.58,OK,,,,52.81,OK,,,,-292.24,OK,,,,-292.7,OK,,,,171.88,OK,,,,171.23,OK,,,,,,,,,,,,,,,,,
2410120766D,ATKINSON 3.8 OCV,DM5P5,2024-10-12 15:59:21,18.988,23.7,OK,24.39,24.2,OK,25.43,25.39,OK,23.62,23.32,OK,26.52,26.22,OK,24.32,24.23,OK,24.62,24.44,OK,25.09,24.9,OK,0,0,,0,0,,2.16,OK,2.68,OK,2.7,OK,2.75,OK,2.79,OK,2.75,OK,2.79,OK,0,,0,,0.82,OK,0.85,OK,0.86,OK,0.86,OK,0.85,OK,0.84,OK,0.9,OK,0,,0,,,,81.79,OK,,,,81.42,OK,,,,158.27,OK,,,,158.66,OK,,,,38.17,OK,,,,38.21,OK,,,,,,,,,,,,,,,,,
2410120731C,NEW KAPPAEX1.0,CM1P7,2024-10-12 15:59:58,18.685,27.41,OK,22.71,22.53,OK,21.87,21.36,OK,23.34,23.06,OK,23.27,22.76,OK,22.81,22.78,OK,23.48,23.3,OK,22.85,22.69,OK,0,0,,0,0,,6,OK,7.1,OK,7.1,OK,7.37,OK,7.61,OK,7.35,OK,7.21,OK,0,,0,,5.93,OK,6.4,OK,6.63,OK,6.87,OK,6.75,OK,6.67,OK,6.39,OK,0,,0,,,,54.22,OK,,,,54.23,OK,,,,-292.53,OK,,,,-294.47,OK,,,,172.34,OK,,,,172.19,OK,,,,,,,,,,,,,,,,,
2410120767D,ATKINSON 3.8 OCV,DM1P3,2024-10-12 16:00:19,18.997,23.46,OK,26.2,26.09,OK,28.27,27.98,OK,26.05,25.84,OK,26.14,26.05,OK,25.24,25.21,OK,26.09,26.05,OK,26.47,26.36,OK,0,0,,0,0,,11.46,OK,11.43,OK,11.42,OK,11.47,OK,11.41,OK,11.66,OK,11.68,OK,0,,0,,9.97,OK,10.17,OK,10.38,OK,10.41,OK,10.28,OK,10.33,OK,10.27,OK,0,,0,,,,82.52,OK,,,,82.26,OK,,,,157.5,OK,,,,157.85,OK,,,,37.32,OK,,,,37.75,OK,,,,,,,,,,,,,,,,,
2410120732C,NEW KAPPAEX1.0,CM2P8,2024-10-12 16:00:47,18.688,27.23,OK,22.5,22.31,OK,21.4,21.05,OK,23.66,23.24,OK,22.57,22.26,OK,21.05,20.96,OK,21.49,21.07,OK,22.31,21.94,OK,0,0,,0,0,,15.36,OK,15.36,OK,15.36,OK,15.36,OK,15.36,OK,15.36,OK,15.36,OK,0,,0,,15.36,OK,15.36,OK,15.36,OK,15.36,OK,15.36,OK,15.36,OK,15.36,OK,0,,0,,,,53.47,OK,,,,54.68,OK,,,,-292,OK,,,,-291.8,OK,,,,171,OK,,,,172.4,OK,,,,,,,,,,,,,,,,,
2410120768D,ATKINSON 3.8 OCV,DM2P9,2024-10-12 16:01:11,18.987,24.05,OK,26.98,26.86,OK,25.14,25.04,OK,24.34,24.02,OK,25.5,25.43,OK,26.01,25.98,OK,25.18,25.06,OK,24.58,24.51,OK,0,0,,0,0,,11.23,OK,10.78,OK,10.79,OK,10.81,OK,10.77,OK,10.81,OK,10.78,OK,0,,0,,10.32,OK,10.29,OK,10.32,OK,10.27,OK,10.3,OK,10.22,OK,10.27,OK,0,,0,,,,81.93,OK,,,,82.33,OK,,,,158.4,OK,,,,158.21,OK,,,,38.05,OK,,,,37.63,OK,,,,,,,,,,,,,,,,,
2410120733C,NEW KAPPAEX1.0,CM3P3,2024-10-12 16:01:32,18.686,27.58,OK,27.45,26.88,OK,25.43,25.14,OK,26.52,25.98,OK,26.97,26.45,OK,26.27,25.84,OK,24.87,24.23,OK,25.64,24.78,OK,0,0,,0,0,,0,OK,0,OK,0,OK,0,OK,0,OK,0,OK,0,OK,0,,0,,0,OK,0,OK,0,OK,0,OK,0,OK,0,OK,0,OK,0,,0,,,,53.03,OK,,,,52.59,OK,,,,-290.98,OK,,,,-292.06,OK,,,,172.56,OK,,,,172.31,OK,,,,,,,,,,,,,,,,,
2410120769D,ATKINSON 3.8 OCV,DM3P2,2024-10-12 16:02:06,18.99,23.7,OK,25.82,25.8,OK,26.7,26.68,OK,25.42,25.22,OK,24.26,24.22,OK,27.4,27.4,OK,26.86,26.77,OK,25.45,25.4,OK,0,0,,0,0,,11.57,OK,11.63,OK,11.49,OK,11.62,OK,11.63,OK,11.67,OK,11.61,OK,0,,0,,12.79,OK,12.74,OK,12.58,OK,12.56,OK,12.6,OK,12.67,OK,12.63,OK,0,,0,,,,81.14,OK,,,,81.59,OK,,,,157.71,OK,,,,157.95,OK,,,,37.65,OK,,,,37.47,OK,,,,,,,,,,,,,,,,,
2410120734C,NEW KAPPAEX1.0,CM4P9,2024-10-12 16:02:18,18.694,27.1,OK,23.97,23.57,OK,24.61,23.9,OK,24.19,23.75,OK,22.58,22.14,OK,24.74,24.61,OK,23.33,23,OK,22.14,21.4,OK,0,0,,0,0,,0,OK,0,OK,0,OK,0,OK,0,OK,0,OK,0,OK,0,,0,,0,OK,0,OK,0,OK,0,OK,0,OK,0,OK,0,OK,0,,0,,,,54.06,OK,,,,53.45,OK,,,,-293.5,OK,,,,-292.53,OK,,,,172.31,OK,,,,171.56,OK,,,,,,,,,,,,,,,,,
2410120770D,ATKINSON 3.8 OCV,DM4P5,2024-10-12 16:03:05,18.998,23.45,OK,25.66,25.52,OK,22.27,22.22,OK,24.24,23.59,OK,25.33,25.12,OK,26.1,25.91,OK,24.22,24.1,OK,24.36,24.22,OK,0,0,,0,0,,12.46,OK,12.47,OK,12.63,OK,12.65,OK,12.66,OK,12.65,OK,12.66,OK,0,,0,,12.45,OK,12.41,OK,12.43,OK,12.47,OK,12.56,OK,12.45,OK,12.45,OK,0,,0,,,,81.81,OK,,,,81.94,OK,,,,157.78,OK,,,,158.2,OK,,,,37.68,OK,,,,37.88,OK,,,,,,,,,,,,,,,,,
2410120735C,NEW KAPPAEX1.0,CM5P5,2024-10-12 16:03:07,18.692,27.18,OK,24.13,23.82,OK,22.08,21.89,OK,22.72,22.48,OK,21.74,21.74,OK,21.6,21.46,OK,21.84,21.48,OK,23.22,22.84,OK,0,0,,0,0,,2.49,OK,2.54,OK,2.54,OK,2.54,OK,2.52,OK,2.56,OK,2.53,OK,0,,0,,2.57,OK,2.44,OK,2.42,OK,2.44,OK,2.57,OK,2.42,OK,2.37,OK,0,,0,,,,53.95,OK,,,,53.4,OK,,,,-292.91,OK,,,,-293.17,OK,,,,171.42,OK,,,,172.66,OK,,,,,,,,,,,,,,,,,
2410120736C,NEW KAPPAEX1.0,CM1P4,2024-10-12 16:03:52,18.686,26.97,OK,23.81,23.62,OK,21.83,21.45,OK,23.74,23.55,OK,21.59,21.17,OK,23.34,23.18,OK,22.62,22.46,OK,23.93,23.67,OK,0,0,,0,0,,6.15,OK,6.87,OK,6.79,OK,6.91,OK,7.05,OK,7.13,OK,7.07,OK,0,,0,,6.21,OK,6.42,OK,6.65,OK,6.65,OK,6.71,OK,7.19,OK,6.94,OK,0,,0,,,,53.73,OK,,,,51.83,OK,,,,-292.82,OK,,,,-292.52,OK,,,,172.24,OK,,,,172.09,OK,,,,,,,,,,,,,,,,,
2410120771D,ATKINSON 3.8 OCV,DM5P6,2024-10-12 16:04:00,18.992,22.33,OK,23.62,23.58,OK,24.78,24.74,OK,24.25,23.88,OK,24.16,24,OK,25.53,25.36,OK,24.51,24.16,OK,25.04,24.88,OK,0,0,,0,0,,2.22,OK,2.69,OK,2.69,OK,2.68,OK,2.73,OK,2.7,OK,2.7,OK,0,,0,,0.82,OK,0.83,OK,0.85,OK,0.86,OK,0.87,OK,0.85,OK,0.84,OK,0,,0,,,,82.12,OK,,,,83.09,OK,,,,157.94,OK,,,,158.03,OK,,,,38.16,OK,,,,38.2,OK,,,,,,,,,,,,,,,,,
2410120737C,NEW KAPPAEX1.0,CM2P2,2024-10-12 16:04:41,18.697,26.96,OK,23.27,23.06,OK,21.54,21.26,OK,23.22,22.96,OK,22.78,22.43,OK,21.77,21.75,OK,22.19,21.87,OK,23.1,22.92,OK,0,0,,0,0,,15.36,OK,15.36,OK,15.36,OK,15.36,OK,15.36,OK,15.36,OK,15.36,OK,0,,0,,15.36,OK,15.36,OK,15.36,OK,15.36,OK,15.36,OK,15.36,OK,15.36,OK,0,,0,,,,54.37,OK,,,,54.84,OK,,,,-293,OK,,,,-293.16,OK,,,,172.91,OK,,,,173.26,OK,,,,,,,,,,,,,,,,,
2410120772D,ATKINSON 3.8 OCV,DM1P8,2024-10-12 16:04:59,18.998,25.45,OK,26.18,25.98,OK,25.91,25.87,OK,25.1,24.81,OK,27.87,27.71,OK,25.24,25.21,OK,26.14,26.05,OK,24.38,24.34,OK,0,0,,0,0,,11.4,OK,11.44,OK,11.42,OK,11.48,OK,11.79,OK,11.69,OK,11.49,OK,0,,0,,10.1,OK,10.45,OK,10.41,OK,10.41,OK,10.34,OK,10.32,OK,10.17,OK,0,,0,,,,81.63,OK,,,,82.01,OK,,,,157.67,OK,,,,158.02,OK,,,,37.22,OK,,,,37.34,OK,,,,,,,,,,,,,,,,,
2410120738C,NEW KAPPAEX1.0,CM3P1,2024-10-12 16:05:30,18.698,27.31,OK,26.59,26.02,OK,25.98,25.75,OK,26.75,26.41,OK,25.52,25,OK,25.14,24.85,OK,24.89,23.99,OK,25.71,24.96,OK,0,0,,0,0,,0,OK,0,OK,0,OK,0,OK,0,OK,0,OK,0,OK,0,,0,,0,OK,0,OK,0,OK,0,OK,0,OK,0,OK,0,OK,0,,0,,,,54.61,OK,,,,52.62,OK,,,,-293.39,OK,,,,-291.59,OK,,,,173.85,OK,,,,172.07,OK,,,,,,,,,,,,,,,,,
2410120773D,ATKINSON 3.8 OCV,DM2P7,2024-10-12 16:05:51,18.99,23.65,OK,30.1,30.03,OK,24.94,24.85,OK,24.92,24.75,OK,27.1,27.07,OK,27.32,27.29,OK,26.18,26.13,OK,25.94,25.84,OK,0,0,,0,0,,10.78,OK,10.79,OK,10.77,OK,10.82,OK,10.8,OK,10.81,OK,10.81,OK,0,,0,,10.34,OK,10.34,OK,10.34,OK,10.32,OK,10.35,OK,10.34,OK,10.34,OK,0,,0,,,,81.75,OK,,,,81.55,OK,,,,157.89,OK,,,,158.18,OK,,,,37.85,OK,,,,38,OK,,,,,,,,,,,,,,,,,
2410120739C,NEW KAPPAEX1.0,CM4P5,2024-10-12 16:06:15,18.686,26.86,OK,24.76,23.99,OK,21.31,21.04,OK,24.45,23.82,OK,23.51,23.29,OK,23.77,23.77,OK,22.1,21.11,OK,22.98,22.63,OK,0,0,,0,0,,0,OK,0,OK,0,OK,0,OK,0,OK,0,OK,0,OK,0,,0,,0,OK,0,OK,0,OK,0,OK,0,OK,0,OK,0,OK,0,,0,,,,53.45,OK,,,,53.5,OK,,,,-294.07,OK,,,,-292.58,OK,,,,172.43,OK,,,,172.82,OK,,,,,,,,,,,,,,,,,
2410120774D,ATKINSON 3.8 OCV,DM3P1,2024-10-12 16:06:46,18.99,23.65,OK,26.63,26.58,OK,25.49,25.45,OK,25.05,24.73,OK,23.94,23.89,OK,27.07,26.93,OK,26.1,26.05,OK,25.08,25.05,OK,0,0,,0,0,,11.54,OK,11.6,OK,11.67,OK,11.64,OK,11.65,OK,11.48,OK,11.65,OK,0,,0,,12.78,OK,12.78,OK,12.9,OK,12.79,OK,12.9,OK,12.88,OK,12.86,OK,0,,0,,,,82.42,OK,,,,82.33,OK,,,,157.82,OK,,,,158.39,OK,,,,37.54,OK,,,,37.61,OK,,,,,,,,,,,,,,,,,
2410120740C,NEW KAPPAEX1.0,CM5P6,2024-10-12 16:07:04,18.685,26.71,OK,23.65,23.46,OK,20.88,20.64,OK,22.15,21.86,OK,20.07,20.05,OK,22.08,21.81,OK,21.22,20.86,OK,21.67,21.46,OK,0,0,,0,0,,2.49,OK,2.51,OK,2.5,OK,2.53,OK,2.51,OK,2.53,OK,2.51,OK,0,,0,,2.55,OK,2.38,OK,2.45,OK,2.53,OK,2.49,OK,2.4,OK,2.35,OK,0,,0,,,,54.34,OK,,,,53.57,OK,,,,-292.55,OK,,,,-292.83,OK,,,,171.99,OK,,,,172.21,OK,,,,,,,,,,,,,,,,,
2410120775D,ATKINSON 3.8 OCV,DM4P5,2024-10-12 16:07:38,18.988,23.31,OK,23.96,23.8,OK,23.52,23.48,OK,24.57,24.29,OK,25.63,25.54,OK,25.33,25.17,OK,24.61,24.59,OK,24.43,24.38,OK,0,0,,0,0,,12.57,OK,12.3,OK,12.55,OK,12.45,OK,12.56,OK,12.54,OK,12.67,OK,0,,0,,12.44,OK,12.47,OK,12.52,OK,12.45,OK,12.48,OK,12.42,OK,12.46,OK,0,,0,,,,81.92,OK,,,,81.35,OK,,,,158.31,OK,,,,158.28,OK,,,,38.18,OK,,,,38.1,OK,,,,,,,,,,,,,,,,,
2410120741C,NEW KAPPAEX1.0,CM1P7,2024-10-12 16:07:52,18.695,28.31,OK,23.32,22.9,OK,23.48,22.88,OK,23.34,23.25,OK,22.64,22.04,OK,22.34,22.27,OK,22.9,22.55,OK,22.53,22.29,OK,0,0,,0,0,,6.01,OK,7.08,OK,7.24,OK,7.11,OK,7.3,OK,7.3,OK,7.2,OK,0,,0,,6.16,OK,6.65,OK,6.56,OK,6.66,OK,6.74,OK,6.88,OK,6.66,OK,0,,0,,,,54.79,OK,,,,54.85,OK,,,,-292.49,OK,,,,-293.49,OK,,,,172.81,OK,,,,172.62,OK,,,,,,,,,,,,,,,,,
2410120776D,ATKINSON 3.8 OCV,DM5P3,2024-10-12 16:08:33,18.99,24.36,OK,25.2,25.09,OK,24.78,24.62,OK,25.64,25.29,OK,24.62,24.32,OK,25.46,25.43,OK,25.06,24.9,OK,25.11,24.97,OK,0,0,,0,0,,2.14,OK,2.72,OK,2.7,OK,2.7,OK,2.71,OK,2.74,OK,2.68,OK,0,,0,,0.84,OK,0.82,OK,0.83,OK,0.82,OK,0.82,OK,0.85,OK,0.85,OK,0,,0,,,,81.63,OK,,,,81.84,OK,,,,158.62,OK,,,,158.97,OK,,,,38.2,OK,,,,38.43,OK,,,,,,,,,,,,,,,,,
2410120742C,NEW KAPPAEX1.0,CM2P8,2024-10-12 16:08:41,18.684,27.48,OK,23.78,23.59,OK,23.48,23.22,OK,24.27,23.87,OK,21.7,21.54,OK,21.75,21.7,OK,22.31,21.98,OK,23.17,22.85,OK,0,0,,0,0,,15.36,OK,15.36,OK,15.36,OK,15.36,OK,15.36,OK,15.36,OK,15.36,OK,0,,0,,15.36,OK,15.36,OK,15.36,OK,15.36,OK,15.36,OK,15.36,OK,15.36,OK,0,,0,,,,54.23,OK,,,,55.21,OK,,,,-292.01,OK,,,,-292.08,OK,,,,170.88,OK,,,,171.99,OK,,,,,,,,,,,,,,,,,
2410120743C,NEW KAPPAEX1.0,CM3P3,2024-10-12 16:09:27,18.684,27.48,OK,27.22,26.32,OK,25.21,24.78,OK,25.66,25.34,OK,24.73,24.03,OK,25.07,24.82,OK,25.8,25.16,OK,26.09,25.46,OK,0,0,,0,0,,0,OK,0,OK,0,OK,0,OK,0,OK,0,OK,0,OK,0,,0,,0,OK,0,OK,0,OK,0,OK,0,OK,0,OK,0,OK,0,,0,,,,53.54,OK,,,,53.08,OK,,,,-293.28,OK,,,,-292.71,OK,,,,172.12,OK,,,,172.74,OK,,,,,,,,,,,,,,,,,
2410120777D,ATKINSON 3.8 OCV,DM1P9,2024-10-12 16:09:28,18.99,24.36,OK,25.08,24.83,OK,26.74,26.65,OK,25.6,25.42,OK,27.98,27.85,OK,25.82,25.78,OK,25.84,25.78,OK,25.96,25.93,OK,0,0,,0,0,,11.45,OK,11.4,OK,11.39,OK,11.51,OK,11.49,OK,11.76,OK,11.52,OK,0,,0,,10.01,OK,10.31,OK,10.45,OK,10.26,OK,10.27,OK,10.26,OK,10.3,OK,0,,0,,,,81.75,OK,,,,81.78,OK,,,,157.98,OK,,,,158.11,OK,,,,37.98,OK,,,,37.51,OK,,,,,,,,,,,,,,,,,
2410120744C,NEW KAPPAEX1.0,CM4P9,2024-10-12 16:10:16,18.692,27.37,OK,25.42,24.74,OK,21.92,21.59,OK,25.69,24.85,OK,22.41,22.19,OK,23.93,23.86,OK,23,22.34,OK,23.11,22.83,OK,0,0,,0,0,,0,OK,0,OK,0,OK,0,OK,0,OK,0,OK,0,OK,0,,0,,0,OK,0,OK,0,OK,0,OK,0,OK,0,OK,0,OK,0,,0,,,,54.34,OK,,,,53.38,OK,,,,-294,OK,,,,-293.32,OK,,,,171.99,OK,,,,173.9,OK,,,,,,,,,,,,,,,,,
2410120778D,ATKINSON 3.8 OCV,DM2P2,2024-10-12 16:10:24,18.996,24.1,OK,26.93,26.9,OK,24.6,24.51,OK,24.14,24.05,OK,25.52,25.52,OK,26.3,26.25,OK,24.92,24.89,OK,24.14,24.07,OK,0,0,,0,0,,11.33,OK,10.77,OK,10.78,OK,10.8,OK,10.82,OK,10.82,OK,10.78,OK,0,,0,,10.33,OK,10.37,OK,10.33,OK,10.36,OK,10.35,OK,10.33,OK,10.37,OK,0,,0,,,,81.87,OK,,,,82.3,OK,,,,157.53,OK,,,,157.9,OK,,,,37.51,OK,,,,37.35,OK,,,,,,,,,,,,,,,,,
2410120745C,NEW KAPPAEX1.0,CM5P4,2024-10-12 16:11:04,18.696,26.76,OK,25.45,25.11,OK,22.24,21.86,OK,22.39,22.15,OK,19.86,19.71,OK,21.53,21.31,OK,22.03,21.43,OK,21.74,21.5,OK,0,0,,0,0,,2.48,OK,2.46,OK,2.51,OK,2.49,OK,2.51,OK,2.52,OK,2.49,OK,0,,0,,2.63,OK,2.38,OK,2.46,OK,2.4,OK,2.48,OK,2.46,OK,2.36,OK,0,,0,,,,53.8,OK,,,,52.79,OK,,,,-293.3,OK,,,,-292.74,OK,,,,172.21,OK,,,,173.66,OK,,,,,,,,,,,,,,,,,
2410120779D,ATKINSON 3.8 OCV,DM3P4,2024-10-12 16:11:19,18.988,23.85,OK,26.91,26.86,OK,25.56,25.56,OK,24.61,24.36,OK,26.47,26.47,OK,26.47,26.4,OK,25.91,25.89,OK,26.31,26.12,OK,0,0,,0,0,,11.58,OK,11.62,OK,11.6,OK,11.64,OK,11.65,OK,11.65,OK,11.64,OK,0,,0,,12.81,OK,12.78,OK,12.76,OK,12.59,OK,12.89,OK,12.57,OK,12.62,OK,0,,0,,,,82.05,OK,,,,82.52,OK,,,,157.28,OK,,,,157.89,OK,,,,37.23,OK,,,,37.22,OK,,,,,,,,,,,,,,,,,
2410120746C,NEW KAPPAEX1.0,CM1P2,2024-10-12 16:11:50,18.695,26.28,OK,24.98,24.7,OK,23.39,22.81,OK,23.97,23.81,OK,22.5,22.2,OK,22.41,22.25,OK,23.06,22.48,OK,23.53,23.13,OK,0,0,,0,0,,6.04,OK,7.55,OK,7.24,OK,7.28,OK,7.49,OK,7.26,OK,7.2,OK,0,,0,,7.04,OK,6.42,OK,6.84,OK,6.91,OK,6.6,OK,6.63,OK,6.7,OK,0,,0,,,,54.21,OK,,,,52.59,OK,,,,-293.92,OK,,,,-293.42,OK,,,,173.74,OK,,,,172.43,OK,,,,,,,,,,,,,,,,,
2410120780D,ATKINSON 3.8 OCV,DM4P6,2024-10-12 16:12:14,18.999,24.72,OK,24.4,24.29,OK,23.06,22.99,OK,23.94,23.75,OK,24.8,24.68,OK,25.59,25.54,OK,24.1,24.01,OK,24.82,24.8,OK,0,0,,0,0,,12.48,OK,12.64,OK,12.57,OK,12.65,OK,12.63,OK,12.64,OK,12.67,OK,0,,0,,12.42,OK,12.42,OK,12.45,OK,12.43,OK,12.49,OK,12.45,OK,12.42,OK,0,,0,,,,82.41,OK,,,,82.38,OK,,,,157.64,OK,,,,157.7,OK,,,,37.79,OK,,,,37.88,OK,,,,,,,,,,,,,,,,,
2410120747C,NEW KAPPAEX1.0,CM2P1,2024-10-12 16:12:39,18.688,26.81,OK,23.06,22.89,OK,21.66,21.42,OK,22.78,22.5,OK,22.05,21.82,OK,21.96,21.96,OK,21.87,21.63,OK,23.41,23.08,OK,0,0,,0,0,,15.36,OK,15.36,OK,15.36,OK,15.36,OK,15.36,OK,15.36,OK,15.36,OK,0,,0,,15.36,OK,15.36,OK,15.36,OK,15.36,OK,15.36,OK,15.36,OK,15.36,OK,0,,0,,,,53.47,OK,,,,53.13,OK,,,,-292.53,OK,,,,-292.13,OK,,,,171.76,OK,,,,171.5,OK,,,,,,,,,,,,,,,,,
2410120781D,ATKINSON 3.8 OCV,DM5P8,2024-10-12 16:13:06,18.993,22.02,OK,22.88,22.77,OK,25.48,25.36,OK,23.9,23.58,OK,25.13,25.02,OK,24.81,24.71,OK,25.04,24.76,OK,24.53,24.41,OK,0,0,,0,0,,2.12,OK,2.77,OK,2.72,OK,2.68,OK,2.74,OK,2.69,OK,2.71,OK,0,,0,,0.8,OK,0.83,OK,0.85,OK,0.87,OK,0.82,OK,0.85,OK,0.81,OK,0,,0,,,,80.58,OK,,,,81.09,OK,,,,158.59,OK,,,,159.03,OK,,,,38.18,OK,,,,38.4,OK,,,,,,,,,,,,,,,,,
2410120748C,NEW KAPPAEX1.0,CM3P5,2024-10-12 16:13:27,18.692,26.95,OK,25.12,24.66,OK,25.77,25.25,OK,25.98,25.5,OK,25.77,24.89,OK,25.16,24.94,OK,25.32,24.66,OK,26,25.3,OK,0,0,,0,0,,0,OK,0,OK,0,OK,0,OK,0,OK,0,OK,0,OK,0,,0,,0,OK,0,OK,0,OK,0,OK,0,OK,0,OK,0,OK,0,,0,,,,53.43,OK,,,,52.72,OK,,,,-293.04,OK,,,,-292.14,OK,,,,171.96,OK,,,,172.51,OK,,,,,,,,,,,,,,,,,
2410120782D,ATKINSON 3.8 OCV,DM1P7,2024-10-12 16:14:01,18.999,21.93,OK,27.06,26.9,OK,28.03,27.8,OK,25.66,25.46,OK,29.06,28.95,OK,24.36,24.29,OK,25.98,25.89,OK,25.87,25.87,OK,0,0,,0,0,,11.43,OK,11.45,OK,11.44,OK,11.38,OK,11.71,OK,11.67,OK,11.51,OK,0,,0,,10.02,OK,10.34,OK,10.36,OK,10.41,OK,10.3,OK,10.24,OK,10.25,OK,0,,0,,,,82.29,OK,,,,82.9,OK,,,,157.62,OK,,,,157.78,OK,,,,37.12,OK,,,,37.41,OK,,,,,,,,,,,,,,,,,
2410120749C,NEW KAPPAEX1.0,CM4P6,2024-10-12 16:14:13,18.694,27.36,OK,24.17,23.46,OK,22.45,22.28,OK,23.71,23.38,OK,23.38,23.09,OK,24.08,24.08,OK,22.8,22.23,OK,22.03,21.37,OK,0,0,,0,0,,0,OK,0,OK,0,OK,0,OK,0,OK,0,OK,0,OK,0,,0,,0,OK,0,OK,0,OK,0,OK,0,OK,0,OK,0,OK,0,,0,,,,52.9,OK,,,,53.19,OK,,,,-293.49,OK,,,,-292.49,OK,,,,173.78,OK,,,,173.7,OK,,,,,,,,,,,,,,,,,
2410120783D,ATKINSON 3.8 OCV,DM2P1,2024-10-12 16:14:57,18.986,24.6,OK,29.79,29.79,OK,25.77,25.77,OK,24.55,24.46,OK,26.32,26.27,OK,26.3,26.3,OK,26.35,26.3,OK,25.23,25.14,OK,0,0,,0,0,,10.79,OK,10.78,OK,10.77,OK,10.8,OK,10.81,OK,10.79,OK,10.83,OK,0,,0,,10.35,OK,10.3,OK,10.34,OK,10.3,OK,10.3,OK,10.33,OK,10.3,OK,0,,0,,,,81.96,OK,,,,82.2,OK,,,,157.93,OK,,,,158.42,OK,,,,37.98,OK,,,,37.91,OK,,,,,,,,,,,,,,,,,
2410120750C,NEW KAPPAEX1.0,CM5P7,2024-10-12 16:14:58,18.693,27.36,OK,26.4,26.11,OK,21.77,21.6,OK,22.58,22.29,OK,20.69,20.55,OK,21.31,21.07,OK,21.41,21.19,OK,22.29,21.89,OK,0,0,,0,0,,2.51,OK,2.53,OK,2.5,OK,2.5,OK,2.51,OK,2.51,OK,2.55,OK,0,,0,,2.72,OK,2.39,OK,2.44,OK,2.4,OK,2.44,OK,2.52,OK,2.36,OK,0,,0,,,,53.77,OK,,,,54.14,OK,,,,-293.64,OK,,,,-293.91,OK,,,,172.78,OK,,,,172.16,OK,,,,,,,,,,,,,,,,,
2410120751C,NEW KAPPAEX1.0,CM1P8,2024-10-12 16:15:47,18.694,26.71,OK,25.16,24.93,OK,23.67,23.13,OK,23.86,23.72,OK,20.87,20.45,OK,23.18,23.13,OK,22.29,22.13,OK,23.32,23.23,OK,0,0,,0,0,,6.55,OK,7,OK,6.89,OK,6.89,OK,7.2,OK,7.07,OK,7.16,OK,0,,0,,6.25,OK,6.54,OK,6.62,OK,6.93,OK,6.95,OK,7.19,OK,6.61,OK,0,,0,,,,53.6,OK,,,,53.07,OK,,,,-292.87,OK,,,,-294.4,OK,,,,173.5,OK,,,,173.6,OK,,,,,,,,,,,,,,,,,
2410120784D,ATKINSON 3.8 OCV,DM3P5,2024-10-12 16:15:52,18.984,24.55,OK,29.93,29.86,OK,24.61,24.52,OK,24.15,24.01,OK,23.34,23.34,OK,26.05,25.87,OK,25.73,25.66,OK,25.54,25.47,OK,0,0,,0,0,,11.55,OK,11.57,OK,11.6,OK,11.62,OK,11.65,OK,11.66,OK,11.44,OK,0,,0,,12.81,OK,12.78,OK,12.78,OK,12.77,OK,12.79,OK,12.56,OK,12.79,OK,0,,0,,,,82.28,OK,,,,81.79,OK,,,,158.33,OK,,,,158.59,OK,,,,37.85,OK,,,,37.49,OK,,,,,,,,,,,,,,,,,
2410120752C,NEW KAPPAEX1.0,CM2P3,2024-10-12 16:16:33,18.698,27.05,OK,23.69,23.38,OK,23.52,23.34,OK,24.29,24.06,OK,22.47,22.36,OK,23.87,23.83,OK,21.4,21.14,OK,22.73,22.45,OK,0,0,,0,0,,15.36,OK,15.36,OK,15.36,OK,15.36,OK,15.36,OK,15.36,OK,15.36,OK,0,,0,,15.36,OK,15.36,OK,15.36,OK,15.36,OK,15.36,OK,15.36,OK,15.36,OK,0,,0,,,,54.18,OK,,,,54.26,OK,,,,-292.78,OK,,,,-292.6,OK,,,,172.31,OK,,,,171.61,OK,,,,,,,,,,,,,,,,,
2410120785D,ATKINSON 3.8 OCV,DM4P3,2024-10-12 16:16:47,18.988,22.67,OK,24.82,24.64,OK,23.57,23.52,OK,24.94,24.31,OK,27.93,27.58,OK,26.35,26.24,OK,25.49,25.42,OK,25.63,25.52,OK,0,0,,0,0,,12.37,OK,12.66,OK,12.66,OK,12.66,OK,12.68,OK,12.66,OK,12.7,OK,0,,0,,12.51,OK,12.44,OK,12.43,OK,12.42,OK,12.47,OK,12.43,OK,12.43,OK,0,,0,,,,83.37,OK,,,,82.94,OK,,,,157.53,OK,,,,157.74,OK,,,,36.97,OK,,,,36.92,OK,,,,,,,,,,,,,,,,,
2410120753C,NEW KAPPAEX1.0,CM3P9,2024-10-12 16:17:21,18.698,27.05,OK,26.16,25.5,OK,25.68,25.25,OK,24.91,24.55,OK,25.32,24.48,OK,24.55,24.21,OK,23.85,23.06,OK,24.89,24.23,OK,0,0,,0,0,,0,OK,0,OK,0,OK,0,OK,0,OK,0,OK,0,OK,0,,0,,0,OK,0,OK,0,OK,0,OK,0,OK,0,OK,0,OK,0,,0,,,,53.3,OK,,,,53.74,OK,,,,-292.94,OK,,,,-292.4,OK,,,,172.94,OK,,,,171.13,OK,,,,,,,,,,,,,,,,,
2410120786D,ATKINSON 3.8 OCV,DM5P9,2024-10-12 16:17:43,18.982,23.36,OK,24.69,24.58,OK,25.2,25.11,OK,24.53,24.13,OK,25.13,24.85,OK,24.76,24.67,OK,24.9,24.78,OK,24.3,24.23,OK,0,0,,0,0,,2.14,OK,2.67,OK,2.69,OK,2.71,OK,2.77,OK,2.78,OK,2.66,OK,0,,0,,0.84,OK,0.81,OK,0.87,OK,0.84,OK,0.84,OK,0.86,OK,0.87,OK,0,,0,,,,83.62,OK,,,,82.05,OK,,,,157.81,OK,,,,158.43,OK,,,,37.98,OK,,,,37.28,OK,,,,,,,,,,,,,,,,,
2410120754C,NEW KAPPAEX1.0,CM4P4,2024-10-12 16:18:10,18.694,25.37,OK,22.72,22.28,OK,22.21,21.86,OK,22.56,22.08,OK,21.31,20.98,OK,22.76,22.67,OK,21.62,21.29,OK,21.75,21.09,OK,0,0,,0,0,,0,OK,0,OK,0,OK,0,OK,0,OK,0,OK,0,OK,0,,0,,0,OK,0,OK,0,OK,0,OK,0,OK,0,OK,0,OK,0,,0,,,,53.83,OK,,,,53.07,OK,,,,-292.56,OK,,,,-293.24,OK,,,,172.5,OK,,,,173.71,OK,,,,,,,,,,,,,,,,,
2410120787D,ATKINSON 3.8 OCV,DM1P2,2024-10-12 16:18:38,18.998,23.96,OK,24.04,23.91,OK,26.95,26.81,OK,25.57,25.44,OK,26.45,26.36,OK,27.17,27.04,OK,26.27,26.23,OK,25.64,25.55,OK,0,0,,0,0,,11.31,OK,11.48,OK,11.41,OK,11.43,OK,11.48,OK,11.58,OK,11.45,OK,0,,0,,10.03,OK,10.2,OK,10.32,OK,10.5,OK,10.29,OK,10.26,OK,10.36,OK,0,,0,,,,82.76,OK,,,,83.14,OK,,,,156.5,OK,,,,156.77,OK,,,,36.44,OK,,,,36.37,OK,,,,,,,,,,,,,,,,,
2410120755C,NEW KAPPAEX1.0,CM5P2,2024-10-12 16:18:55,18.69,26.67,OK,24.35,24.13,OK,22.67,22.15,OK,22.51,22.12,OK,20.86,20.69,OK,20.57,20.26,OK,21.31,21.03,OK,21.74,21.43,OK,0,0,,0,0,,2.48,OK,2.53,OK,2.5,OK,2.49,OK,2.49,OK,2.5,OK,2.53,OK,0,,0,,2.66,OK,2.37,OK,2.39,OK,2.39,OK,2.4,OK,2.51,OK,2.33,OK,0,,0,,,,54.38,OK,,,,53.76,OK,,,,-292.84,OK,,,,-293.02,OK,,,,172.32,OK,,,,171.53,OK,,,,,,,,,,,,,,,,,
2410120788D,ATKINSON 3.8 OCV,DM2P4,2024-10-12 16:19:33,18.987,24.45,OK,26.95,26.9,OK,24.38,24.26,OK,24.26,24.05,OK,25.55,25.45,OK,25.45,25.4,OK,24.41,24.36,OK,24.34,24.34,OK,0,0,,0,0,,11.3,OK,10.78,OK,10.77,OK,10.82,OK,10.8,OK,10.83,OK,10.8,OK,0,,0,,10.36,OK,10.42,OK,10.34,OK,10.36,OK,10.61,OK,10.32,OK,10.32,OK,0,,0,,,,82.05,OK,,,,82.76,OK,,,,157.35,OK,,,,157.78,OK,,,,37.28,OK,,,,37.39,OK,,,,,,,,,,,,,,,,,
2410120756C,NEW KAPPAEX1.0,CM1P1,2024-10-12 16:19:44,18.693,26.63,OK,23.81,23.62,OK,23.11,22.43,OK,23.44,23.32,OK,22.88,22.27,OK,23.18,23.09,OK,22.83,22.64,OK,22.99,22.67,OK,0,0,,0,0,,6,OK,6.88,OK,7.4,OK,7.57,OK,7.66,OK,7.4,OK,7.31,OK,0,,0,,6.49,OK,7.14,OK,7.68,OK,7.09,OK,6.57,OK,6.81,OK,6.42,OK,0,,0,,,,53.31,OK,,,,53.01,OK,,,,-293.7,OK,,,,-294.59,OK,,,,171.61,OK,,,,174.29,OK,,,,,,,,,,,,,,,,,
2410120789D,ATKINSON 3.8 OCV,DM3P6,2024-10-12 16:20:25,18.992,25.26,OK,26.7,26.56,OK,25.42,25.38,OK,26.28,26.1,OK,22.87,22.85,OK,27.4,27.26,OK,26.05,26,OK,26.19,25.98,OK,0,0,,0,0,,11.59,OK,11.62,OK,11.48,OK,11.62,OK,11.62,OK,11.65,OK,11.17,OK,0,,0,,12.82,OK,12.73,OK,12.58,OK,12.74,OK,12.61,OK,12.71,OK,12.79,OK,0,,0,,,,83.72,OK,,,,83.41,OK,,,,156.53,OK,,,,156.4,OK,,,,36.86,OK,,,,37.09,OK,,,,,,,,,,,,,,,,,
2410120757C,NEW KAPPAEX1.0,CM2P5,2024-10-12 16:20:30,18.69,28,OK,22.64,22.43,OK,21.61,21.49,OK,22.99,22.68,OK,22.54,22.29,OK,22.43,22.31,OK,21.38,21.07,OK,22.1,22.01,OK,0,0,,0,0,,15.36,OK,15.36,OK,15.36,OK,15.36,OK,15.36,OK,15.36,OK,15.36,OK,0,,0,,15.36,OK,15.36,OK,15.36,OK,15.36,OK,15.36,OK,15.36,OK,15.36,OK,0,,0,,,,52.73,OK,,,,54.15,OK,,,,-293.07,OK,,,,-292.67,OK,,,,172.51,OK,,,,172.22,OK,,,,,,,,,,,,,,,,,
2410120790D,ATKINSON 3.8 OCV,DM4P8,2024-10-12 16:21:17,18.989,22.7,OK,27.77,27.54,OK,26.12,26,OK,24.73,24.47,OK,26.93,26.91,OK,24.31,24.29,OK,25.45,25.33,OK,24.57,24.5,OK,0,0,,0,0,,12.45,OK,12.63,OK,12.64,OK,12.62,OK,12.65,OK,12.65,OK,12.66,OK,0,,0,,12.45,OK,12.5,OK,12.5,OK,12.5,OK,12.45,OK,12.44,OK,12.5,OK,0,,0,,,,82.05,OK,,,,82.03,OK,,,,157.78,OK,,,,157.88,OK,,,,36.99,OK,,,,37.35,OK,,,,,,,,,,,,,,,,,
2410120758C,NEW KAPPAEX1.0,CM3P6,2024-10-12 16:21:22,18.694,27.11,OK,26.47,25.91,OK,25.41,25.09,OK,26.61,26.18,OK,24.85,24.17,OK,24.37,24.14,OK,25.25,24.64,OK,24.91,24.21,OK,0,0,,0,0,,0,OK,0,OK,0,OK,0,OK,0,OK,0,OK,0,OK,0,,0,,0,OK,0,OK,0,OK,0,OK,0,OK,0,OK,0,OK,0,,0,,,,53.11,OK,,,,52.74,OK,,,,-292.7,OK,,,,-291.24,OK,,,,172.21,OK,,,,172.2,OK,,,,,,,,,,,,,,,,,
2410120759C,NEW KAPPAEX1.0,CM4P7,2024-10-12 16:22:11,18.69,27.18,OK,24.54,24.32,OK,22.89,22.78,OK,24.45,23.93,OK,22.47,22.25,OK,22.85,22.63,OK,22.25,21.97,OK,22.58,21.92,OK,0,0,,0,0,,0,OK,0,OK,0,OK,0,OK,0,OK,0,OK,0,OK,0,,0,,0,OK,0,OK,0,OK,0,OK,0,OK,0,OK,0,OK,0,,0,,,,52.52,OK,,,,53.07,OK,,,,-292.14,OK,,,,-292.51,OK,,,,173.21,OK,,,,173.46,OK,,,,,,,,,,,,,,,,,
2410120791D,ATKINSON 3.8 OCV,DM5P7,2024-10-12 16:22:12,18.996,24.25,OK,23.48,23.39,OK,25.97,25.87,OK,23.81,23.25,OK,24.34,24.2,OK,23.83,23.72,OK,24,23.83,OK,24.74,24.71,OK,0,0,,0,0,,2.1,OK,2.78,OK,2.8,OK,2.64,OK,2.69,OK,2.71,OK,2.71,OK,0,,0,,0.85,OK,0.82,OK,0.87,OK,0.86,OK,0.85,OK,0.88,OK,0.88,OK,0,,0,,,,83.01,OK,,,,82.28,OK,,,,157.31,OK,,,,157.81,OK,,,,37.29,OK,,,,37.34,OK,,,,,,,,,,,,,,,,,
2410120760C,NEW KAPPAEX1.0,CM5P8,2024-10-12 16:22:56,18.695,26.51,OK,23.49,23.13,OK,22.17,22.01,OK,22.41,22.08,OK,20.55,20.4,OK,22.39,22.15,OK,22.63,22.29,OK,21.41,21.17,OK,0,0,,0,0,,2.5,OK,2.51,OK,2.48,OK,2.48,OK,2.56,OK,2.51,OK,2.52,OK,0,,0,,2.52,OK,2.45,OK,2.42,OK,2.43,OK,2.5,OK,2.41,OK,2.35,OK,0,,0,,,,53.33,OK,,,,53.61,OK,,,,-291.63,OK,,,,-292.89,OK,,,,171.09,OK,,,,172.35,OK,,,,,,,,,,,,,,,,,
2410120792D,ATKINSON 3.8 OCV,DM1P1,2024-10-12 16:23:07,18.984,22.92,OK,24.67,24.52,OK,26.34,26.34,OK,25.75,25.53,OK,26.45,26.36,OK,25.64,25.62,OK,26.36,26.29,OK,24.65,24.63,OK,0,0,,0,0,,11.43,OK,11.43,OK,11.46,OK,11.41,OK,11.5,OK,11.5,OK,11.47,OK,0,,0,,9.93,OK,10.17,OK,10.39,OK,10.34,OK,10.28,OK,10.23,OK,10.22,OK,0,,0,,,,83,OK,,,,82.84,OK,,,,156.87,OK,,,,157.35,OK,,,,37.03,OK,,,,36.98,OK,,,,,,,,,,,,,,,,,
2410120761C,NEW KAPPAEX1.0,CM1P3,2024-10-12 16:23:45,18.691,26.65,OK,23.48,23.2,OK,23.25,22.88,OK,23.62,23.44,OK,22.22,21.76,OK,22.67,22.5,OK,23.39,23.16,OK,23.02,22.83,OK,0,0,,0,0,,5.96,OK,7.01,OK,6.96,OK,6.96,OK,7.09,OK,7.18,OK,7.14,OK,0,,0,,6.05,OK,6.74,OK,6.46,OK,6.68,OK,6.61,OK,6.69,OK,6.93,OK,0,,0,,,,54.2,OK,,,,52.89,OK,,,,-293.95,OK,,,,-294.1,OK,,,,173.05,OK,,,,172.57,OK,,,,,,,,,,,,,,,,,
2410120793D,ATKINSON 3.8 OCV,DM2P5,2024-10-12 16:23:59,18.984,24.06,OK,28.67,28.58,OK,25.64,25.57,OK,24.55,24.29,OK,26.54,26.49,OK,27.36,27.27,OK,26.13,26.06,OK,25.6,25.52,OK,0,0,,0,0,,11.15,OK,10.79,OK,10.75,OK,10.79,OK,10.83,OK,10.82,OK,10.81,OK,0,,0,,10.38,OK,10.33,OK,10.35,OK,10.35,OK,10.46,OK,10.35,OK,10.32,OK,0,,0,,,,82.38,OK,,,,82.48,OK,,,,157.16,OK,,,,157.63,OK,,,,37.58,OK,,,,37.6,OK,,,,,,,,,,,,,,,,,
2410120762C,NEW KAPPAEX1.0,CM2P9,2024-10-12 16:24:30,18.698,27.15,OK,21.75,21.66,OK,22.36,22.1,OK,24.6,24.25,OK,22.19,21.91,OK,23.06,23.01,OK,21.63,21.42,OK,22.94,22.73,OK,0,0,,0,0,,15.36,OK,15.36,OK,15.36,OK,15.36,OK,15.36,OK,15.36,OK,15.36,OK,0,,0,,15.36,OK,15.36,OK,15.36,OK,15.36,OK,15.36,OK,15.36,OK,15.36,OK,0,,0,,,,53.19,OK,,,,52.37,OK,,,,-292.3,OK,,,,-291.75,OK,,,,172.78,OK,,,,170.61,OK,,,,,,,,,,,,,,,,,
2410120794D,ATKINSON 3.8 OCV,DM3P3,2024-10-12 16:24:55,18.993,23.7,OK,28.65,28.56,OK,26.24,26.19,OK,26.1,25.82,OK,25.75,25.66,OK,26.93,26.84,OK,27.42,27.26,OK,27.3,27.19,OK,0,0,,0,0,,11.58,OK,11.61,OK,11.47,OK,11.64,OK,11.66,OK,11.66,OK,11.47,OK,0,,0,,12.79,OK,12.77,OK,12.61,OK,12.59,OK,12.59,OK,12.64,OK,12.79,OK,0,,0,,,,83.6,OK,,,,83.23,OK,,,,156.91,OK,,,,157.57,OK,,,,36.66,OK,,,,36.7,OK,,,,,,,,,,,,,,,,,
2410120763C,NEW KAPPAEX1.0,CM3P4,2024-10-12 16:25:16,18.687,26.86,OK,26.63,26.29,OK,26.16,25.66,OK,26.81,26.54,OK,25.32,24.39,OK,24.94,24.53,OK,25.91,25.34,OK,25.89,25.39,OK,0,0,,0,0,,0,OK,0,OK,0,OK,0,OK,0,OK,0,OK,0,OK,0,,0,,0,OK,0,OK,0,OK,0,OK,0,OK,0,OK,0,OK,0,,0,,,,52.61,OK,,,,51.82,OK,,,,-293.17,OK,,,,-292.89,OK,,,,171.86,OK,,,,171.56,OK,,,,,,,,,,,,,,,,,
2410120795D,ATKINSON 3.8 OCV,DM4P9,2024-10-12 16:25:50,18.995,24.77,OK,24.31,24.17,OK,23.96,23.92,OK,24.1,23.8,OK,27.1,27.03,OK,25.12,25.01,OK,25.66,25.59,OK,24.57,24.54,OK,0,0,,0,0,,12.48,OK,12.63,OK,12.56,OK,12.51,OK,12.66,OK,12.64,OK,12.65,OK,0,,0,,12.45,OK,12.44,OK,12.46,OK,12.48,OK,12.33,OK,12.41,OK,12.47,OK,0,,0,,,,82.52,OK,,,,82.59,OK,,,,157.72,OK,,,,157.94,OK,,,,37.75,OK,,,,37.19,OK,,,,,,,,,,,,,,,,,
2410120764C,NEW KAPPAEX1.0,CM4P2,2024-10-12 16:26:05,18.699,27.27,OK,27.34,26.79,OK,23.6,23.31,OK,25.4,24.12,OK,23.55,23.35,OK,25.51,25.4,OK,24.23,23.97,OK,24.96,24.52,OK,0,0,,0,0,,0,OK,0,OK,0,OK,0,OK,0,OK,0,OK,0,OK,0,,0,,0,OK,0,OK,0,OK,0,OK,0,OK,0,OK,0,OK,0,,0,,,,55.22,OK,,,,53.89,OK,,,,-292.96,OK,,,,-292.61,OK,,,,172.2,OK,,,,172.55,OK,,,,,,,,,,,,,,,,,
2410120796D,ATKINSON 3.8 OCV,DM5P2,2024-10-12 16:26:45,18.995,25.02,OK,25.76,25.69,OK,24.76,24.58,OK,24.34,24.09,OK,25.5,25.32,OK,24.83,24.74,OK,24.3,24.04,OK,24.44,24.3,OK,0,0,,0,0,,2.18,OK,2.65,OK,2.67,OK,2.68,OK,2.71,OK,2.69,OK,2.71,OK,0,,0,,0.86,OK,0.84,OK,0.83,OK,0.82,OK,0.82,OK,0.88,OK,0.82,OK,0,,0,,,,81.66,OK,,,,81.88,OK,,,,157.65,OK,,,,158.3,OK,,,,37.66,OK,,,,37.52,OK,,,,,,,,,,,,,,,,,
2410120765C,NEW KAPPAEX1.0,CM5P1,2024-10-12 16:26:53,18.692,26.86,OK,24.9,24.63,OK,21.48,21.26,OK,23.03,22.89,OK,21.19,21.1,OK,22.27,22.05,OK,22.08,21.67,OK,23.08,22.53,OK,0,0,,0,0,,2.45,OK,2.56,OK,2.51,OK,2.5,OK,2.51,OK,2.51,OK,2.56,OK,0,,0,,2.68,OK,2.61,OK,2.43,OK,2.39,OK,2.46,OK,2.43,OK,2.37,OK,0,,0,,,,54.08,OK,,,,53.74,OK,,,,-293.58,OK,,,,-292.05,OK,,,,171.09,OK,,,,172.6,OK,,,,,,,,,,,,,,,,,
2410120797D,ATKINSON 3.8 OCV,DM1P4,2024-10-12 16:27:40,18.997,24.48,OK,24.29,24.02,OK,25.98,25.84,OK,23.3,23.12,OK,25.12,25.06,OK,25.21,25.17,OK,24.58,24.54,OK,24.18,24.09,OK,0,0,,0,0,,11.4,OK,11.44,OK,11.43,OK,11.69,OK,11.72,OK,11.48,OK,11.5,OK,0,,0,,9.87,OK,10.36,OK,10.31,OK,10.3,OK,10.16,OK,10.12,OK,10.21,OK,0,,0,,,,82.22,OK,,,,82.46,OK,,,,156.78,OK,,,,157.37,OK,,,,36.77,OK,,,,37.19,OK,,,,,,,,,,,,,,,,,
2410120766C,NEW KAPPAEX1.0,CM1P5,2024-10-12 16:27:42,18.692,26.86,OK,24.44,24.18,OK,23.6,23.13,OK,24.81,24.58,OK,22.9,22.29,OK,22.67,22.62,OK,23.79,23.65,OK,23.86,23.76,OK,0,0,,0,0,,6.54,OK,7.1,OK,6.92,OK,6.97,OK,7.23,OK,7.07,OK,7.13,OK,0,,0,,6.15,OK,6.47,OK,6.71,OK,6.69,OK,6.62,OK,6.48,OK,6.66,OK,0,,0,,,,54.25,OK,,,,52.59,OK,,,,-293.22,OK,,,,-293.31,OK,,,,173.51,OK,,,,174.11,OK,,,,,,,,,,,,,,,,,
2410120767C,NEW KAPPAEX1.0,CM2P6,2024-10-12 16:28:31,18.696,26.75,OK,24.13,23.87,OK,23.17,22.96,OK,23.57,23.31,OK,23.45,23.24,OK,23.31,23.27,OK,21.26,20.96,OK,23.2,22.99,OK,0,0,,0,0,,15.36,OK,15.36,OK,15.36,OK,15.36,OK,15.36,OK,15.36,OK,15.36,OK,0,,0,,15.36,OK,15.36,OK,15.36,OK,15.36,OK,15.36,OK,15.36,OK,15.36,OK,0,,0,,,,54.3,OK,,,,52.34,OK,,,,-293.07,OK,,,,-291.62,OK,,,,173.08,OK,,,,172.83,OK,,,,,,,,,,,,,,,,,
2410120798D,ATKINSON 3.8 OCV,DM2P6,2024-10-12 16:28:33,18.998,25.61,OK,27.61,27.49,OK,25.35,25.26,OK,23.17,23,OK,26.49,26.47,OK,27.39,27.34,OK,24.6,24.55,OK,23.56,23.49,OK,0,0,,0,0,,10.79,OK,10.79,OK,10.79,OK,10.8,OK,10.81,OK,10.79,OK,10.8,OK,0,,0,,10.37,OK,10.34,OK,10.31,OK,10.3,OK,10.33,OK,10.26,OK,10.2,OK,0,,0,,,,83.29,OK,,,,83.59,OK,,,,156.81,OK,,,,156.55,OK,,,,37.06,OK,,,,37.56,OK,,,,,,,,,,,,,,,,,
2410120768C,NEW KAPPAEX1.0,CM3P7,2024-10-12 16:29:16,18.692,27,OK,27.2,26.36,OK,25.95,25.14,OK,26.63,26.18,OK,26.02,25.12,OK,25.23,24.94,OK,26.14,25.61,OK,26.45,25.91,OK,0,0,,0,0,,0,OK,0,OK,0,OK,0,OK,0,OK,0,OK,0,OK,0,,0,,0,OK,0,OK,0,OK,0,OK,0,OK,0,OK,0,OK,0,,0,,,,52.77,OK,,,,53.54,OK,,,,-292.59,OK,,,,-291.07,OK,,,,172.16,OK,,,,172.65,OK,,,,,,,,,,,,,,,,,
2410120799D,ATKINSON 3.8 OCV,DM3P8,2024-10-12 16:29:28,18.986,23.25,OK,27.26,27.21,OK,24.8,24.71,OK,25.59,25.36,OK,23.62,23.59,OK,27.42,27.33,OK,27.37,27.28,OK,25.42,25.42,OK,0,0,,0,0,,11.54,OK,11.52,OK,11.53,OK,11.62,OK,11.65,OK,11.57,OK,11.64,OK,0,,0,,12.81,OK,12.8,OK,12.83,OK,12.58,OK,12.85,OK,12.58,OK,12.59,OK,0,,0,,,,82.49,OK,,,,82.5,OK,,,,157.29,OK,,,,157.58,OK,,,,36.66,OK,,,,37.21,OK,,,,,,,,,,,,,,,,,
2410120769C,NEW KAPPAEX1.0,CM4P8,2024-10-12 16:30:05,18.667,26.68,OK,24.48,24.01,OK,23.82,23.44,OK,24.26,23.62,OK,23.38,23.16,OK,24.89,24.83,OK,23.33,23.16,OK,23.13,22.76,OK,0,0,,0,0,,0,OK,0,OK,0,OK,0,OK,0,OK,0,OK,0,OK,0,,0,,0,OK,0,OK,0,OK,0,OK,0,OK,0,OK,0,OK,0,,0,,,,54.02,OK,,,,54.25,OK,,,,-292.48,OK,,,,-291.8,OK,,,,171.22,OK,,,,173.18,OK,,,,,,,,,,,,,,,,,
2410120800D,ATKINSON 3.8 OCV,DM4P7,2024-10-12 16:30:20,18.993,23.4,OK,22.27,22.06,OK,23.45,23.36,OK,24.26,24.15,OK,24.61,24.57,OK,25.17,25.05,OK,24.94,24.89,OK,24.82,24.82,OK,0,0,,0,0,,12.59,OK,12.62,OK,12.58,OK,12.65,OK,12.62,OK,12.59,OK,12.66,OK,0,,0,,12.42,OK,12.48,OK,12.44,OK,12.46,OK,12.46,OK,12.43,OK,12.45,OK,0,,0,,,,82.97,OK,,,,83.38,OK,,,,157.53,OK,,,,157.66,OK,,,,37.38,OK,,,,37.55,OK,,,,,,,,,,,,,,,,,
2410120770C,NEW KAPPAEX1.0,CM5P3,2024-10-12 16:30:51,18.687,26.5,OK,24.08,23.77,OK,23.08,22.75,OK,22.6,22.22,OK,22.67,22.36,OK,22.75,22.51,OK,23.06,22.55,OK,22.96,22.48,OK,0,0,,0,0,,2.46,OK,2.5,OK,2.49,OK,2.55,OK,2.53,OK,2.52,OK,2.51,OK,0,,0,,2.58,OK,2.39,OK,2.43,OK,2.49,OK,2.44,OK,2.45,OK,2.38,OK,0,,0,,,,53.55,OK,,,,53.35,OK,,,,-293.34,OK,,,,-292.71,OK,,,,171.66,OK,,,,171.84,OK,,,,,,,,,,,,,,,,,
2410120801D,ATKINSON 3.8 OCV,DM5P1,2024-10-12 16:31:15,18.988,22.92,OK,24.41,24.32,OK,24.55,24.41,OK,24.67,24.44,OK,26.29,26.11,OK,26.71,26.52,OK,24.46,24.37,OK,24.27,24.23,OK,0,0,,0,0,,2.24,OK,2.71,OK,2.71,OK,2.68,OK,2.73,OK,2.73,OK,2.7,OK,0,,0,,0.86,OK,0.84,OK,0.86,OK,0.86,OK,0.82,OK,0.89,OK,0.85,OK,0,,0,,,,82.74,OK,,,,82.23,OK,,,,157.35,OK,,,,158.14,OK,,,,37.37,OK,,,,37.59,OK,,,,,,,,,,,,,,,,,
2410120771C,,C,2024-10-12 16:31:39,18.686,25.73,OK,,,,,,,,,,,,,,,,,,,,,,,,,,,,,,,,,,,,,,,,,,,,,,,,,,,,,,,,,,,,,,,,,,54.7,OK,,,,53.19,OK,,,,-294.49,OK,,,,-293.5,OK,,,,172.7,OK,,,,173.09,OK,,,,,,,,,,,,,,,,,
2410120802D,ATKINSON 3.8 OCV,DM1P5,2024-10-12 16:32:10,18.991,23.42,OK,26.02,25.96,OK,27.33,27.28,OK,25.73,25.62,OK,26.11,26.05,OK,25.62,25.57,OK,26.02,25.98,OK,25.3,25.21,OK,0,0,,0,0,,11.39,OK,11.39,OK,11.41,OK,11.3,OK,11.45,OK,11.43,OK,11.49,OK,0,,0,,10.02,OK,10.44,OK,10.28,OK,10.35,OK,10.3,OK,10.35,OK,10.29,OK,0,,0,,,,82.64,OK,,,,82.1,OK,,,,157.26,OK,,,,157.53,OK,,,,37.32,OK,,,,37.21,OK,,,,,,,,,,,,,,,,,
2410120772C,NEW KAPPAEX1.0,CM2P4,2024-10-12 16:32:31,18.694,27.1,OK,22.29,22.03,OK,22.57,22.33,OK,23.38,23.08,OK,21.8,21.66,OK,22.24,22.24,OK,20.82,20.61,OK,22.38,22.19,OK,0,0,,0,0,,15.36,OK,15.36,OK,15.36,OK,15.36,OK,15.36,OK,15.36,OK,15.36,OK,0,,0,,15.36,OK,15.36,OK,15.36,OK,15.36,OK,15.36,OK,15.36,OK,15.36,OK,0,,0,,,,54.04,OK,,,,52.6,OK,,,,-292.36,OK,,,,-291.81,OK,,,,172.04,OK,,,,173.01,OK,,,,,,,,,,,,,,,,,
2410120803D,ATKINSON 3.8 OCV,DM2P3,2024-10-12 16:33:05,18.991,23.5,OK,27.95,27.95,OK,27.1,27.05,OK,24.48,24.17,OK,28.14,28.09,OK,27.95,27.92,OK,25.18,25.16,OK,25.11,25.06,OK,0,0,,0,0,,10.83,OK,10.79,OK,10.77,OK,10.78,OK,10.78,OK,10.81,OK,10.8,OK,0,,0,,10.35,OK,10.27,OK,10.25,OK,10.31,OK,10.54,OK,10.25,OK,10.2,OK,0,,0,,,,83.32,OK,,,,82.76,OK,,,,157.29,OK,,,,157.6,OK,,,,37.2,OK,,,,37.26,OK,,,,,,,,,,,,,,,,,
2410120773C,NEW KAPPAEX1.0,CM3P2,2024-10-12 16:33:17,18.695,26.63,OK,27.04,26.41,OK,25.32,24.75,OK,25.95,25.61,OK,25.82,25.46,OK,25.57,25.23,OK,24.66,23.35,OK,25.52,25.07,OK,0,0,,0,0,,0,OK,0,OK,0,OK,0,OK,0,OK,0,OK,0,OK,0,,0,,0,OK,0,OK,0,OK,0,OK,0,OK,0,OK,0,OK,0,,0,,,,53.23,OK,,,,53.33,OK,,,,-291.43,OK,,,,-293.9,OK,,,,173.58,OK,,,,170.09,OK,,,,,,,,,,,,,,,,,
2410120804D,ATKINSON 3.8 OCV,DM3P9,2024-10-12 16:34:01,18.984,22.81,OK,25.29,25.17,OK,25.8,25.77,OK,25.08,24.91,OK,23.87,23.85,OK,26.28,26,OK,26.98,26.91,OK,25.31,25.24,OK,0,0,,0,0,,11.58,OK,11.59,OK,11.66,OK,11.57,OK,11.64,OK,11.65,OK,11.64,OK,0,,0,,12.81,OK,12.78,OK,12.89,OK,12.57,OK,12.89,OK,12.68,OK,12.6,OK,0,,0,,,,82.67,OK,,,,83.1,OK,,,,157.37,OK,,,,157.57,OK,,,,37.28,OK,,,,36.81,OK,,,,,,,,,,,,,,,,,
2410120774C,NEW KAPPAEX1.0,CM4P1,2024-10-12 16:34:05,18.693,26.61,OK,26.46,26.04,OK,23.38,23.13,OK,25.33,24.67,OK,25.51,25.14,OK,26.39,26.1,OK,23.99,23.68,OK,24.61,24.1,OK,0,0,,0,0,,0,OK,0,OK,0,OK,0,OK,0,OK,0,OK,0,OK,0,,0,,0,OK,0,OK,0,OK,0,OK,0,OK,0,OK,0,OK,0,,0,,,,54.18,OK,,,,54.33,OK,,,,-292.66,OK,,,,-293.12,OK,,,,172.61,OK,,,,173.47,OK,,,,,,,,,,,,,,,,,
2410120775C,NEW KAPPAEX1.0,CM5P5,2024-10-12 16:34:51,18.687,27.62,OK,25.49,25.16,OK,21.93,21.67,OK,22.79,22.46,OK,21.1,20.98,OK,22.72,22.44,OK,21.62,21.24,OK,23.06,22.75,OK,0,0,,0,0,,2.51,OK,2.52,OK,2.5,OK,2.5,OK,2.53,OK,2.52,OK,2.49,OK,0,,0,,2.6,OK,2.39,OK,2.45,OK,2.49,OK,2.49,OK,2.41,OK,2.38,OK,0,,0,,,,53.93,OK,,,,54.13,OK,,,,-293.76,OK,,,,-292.96,OK,,,,172.16,OK,,,,172.89,OK,,,,,,,,,,,,,,,,,
2410120805D,ATKINSON 3.8 OCV,DM4P2,2024-10-12 16:34:56,18.986,25.11,OK,24.15,23.99,OK,23.31,23.08,OK,23.66,23.5,OK,24.91,24.84,OK,26.45,26.4,OK,25.01,25.01,OK,25.24,25.24,OK,0,0,,0,0,,12.61,OK,12.65,OK,12.56,OK,12.44,OK,12.65,OK,12.63,OK,12.67,OK,0,,0,,12.47,OK,12.46,OK,12.45,OK,12.46,OK,12.5,OK,12.47,OK,12.44,OK,0,,0,,,,82.41,OK,,,,82.48,OK,,,,157.4,OK,,,,157.49,OK,,,,37.27,OK,,,,37.06,OK,,,,,,,,,,,,,,,,,
2410120776C,NEW KAPPAEX1.0,CM1P6,2024-10-12 16:35:40,18.687,27.62,OK,25.79,25.65,OK,23.11,22.78,OK,24.58,24.42,OK,23.69,23.13,OK,23.83,23.76,OK,22.92,22.57,OK,23.18,22.92,OK,0,0,,0,0,,6.29,OK,6.94,OK,6.89,OK,6.94,OK,7.11,OK,7.21,OK,7.13,OK,0,,0,,6.19,OK,6.69,OK,6.75,OK,6.88,OK,6.91,OK,6.85,OK,6.64,OK,0,,0,,,,51.99,OK,,,,53.88,OK,,,,-292.46,OK,,,,-293.3,OK,,,,174.28,OK,,,,173.43,OK,,,,,,,,,,,,,,,,,
2410120806D,ATKINSON 3.8 OCV,DM5P4,2024-10-12 16:35:48,18.986,23.1,OK,24.53,24.41,OK,25.29,25.18,OK,24.53,24.13,OK,25.9,25.74,OK,25.27,25.06,OK,24.71,24.51,OK,24.85,24.67,OK,0,0,,0,0,,2.13,OK,2.82,OK,2.68,OK,2.73,OK,2.78,OK,2.73,OK,2.74,OK,0,,0,,0.77,OK,0.79,OK,0.83,OK,0.83,OK,0.85,OK,0.84,OK,0.85,OK,0,,0,,,,81.27,OK,,,,82.05,OK,,,,157.56,OK,,,,158.39,OK,,,,37.59,OK,,,,37.75,OK,,,,,,,,,,,,,,,,,
2410120777C,NEW KAPPAEX1.0,CM2P7,2024-10-12 16:36:29,18.691,27.61,OK,24.85,24.67,OK,22.96,22.73,OK,23.57,23.36,OK,21.98,21.8,OK,23.62,23.57,OK,22.47,22.12,OK,22.96,22.57,OK,0,0,,0,0,,15.36,OK,15.36,OK,15.36,OK,15.36,OK,15.36,OK,15.36,OK,15.36,OK,0,,0,,15.36,OK,15.36,OK,15.36,OK,15.36,OK,15.36,OK,15.36,OK,15.36,OK,0,,0,,,,54.86,OK,,,,54.19,OK,,,,-292.24,OK,,,,-292.93,OK,,,,171.57,OK,,,,172.14,OK,,,,,,,,,,,,,,,,,
2410120807D,ATKINSON 3.8 OCV,DM1P6,2024-10-12 16:36:46,18.986,23.56,OK,25.8,25.66,OK,27.28,27.04,OK,25.55,25.28,OK,25.39,25.33,OK,26.29,26.29,OK,24.22,24.2,OK,25.08,25.03,OK,0,0,,0,0,,11.44,OK,11.41,OK,11.46,OK,11.35,OK,11.7,OK,11.45,OK,11.63,OK,0,,0,,9.97,OK,10.35,OK,10.41,OK,10.36,OK,10.36,OK,10.1,OK,10.23,OK,0,,0,,,,83.2,OK,,,,83.2,OK,,,,157.07,OK,,,,156.81,OK,,,,37.23,OK,,,,37.67,OK,,,,,,,,,,,,,,,,,
2410120778C,NEW KAPPAEX1.0,CM3P8,2024-10-12 16:37:17,18.693,26.71,OK,27.43,26.68,OK,26.45,25.98,OK,27.97,27.56,OK,26.93,26.32,OK,26.81,26.23,OK,28.15,27.43,OK,25.57,24.78,OK,0,0,,0,0,,0,OK,0,OK,0,OK,0,OK,0,OK,0,OK,0,OK,0,,0,,0,OK,0,OK,0,OK,0,OK,0,OK,0,OK,0,OK,0,,0,,,,52.68,OK,,,,52.71,OK,,,,-292.34,OK,,,,-292.93,OK,,,,172.86,OK,,,,172.42,OK,,,,,,,,,,,,,,,,,
2410120808D,ATKINSON 3.8 OCV,DM2P8,2024-10-12 16:37:42,18.998,23.06,OK,27.07,26.95,OK,25.57,25.5,OK,24.92,24.75,OK,26.2,26.1,OK,27.97,27.97,OK,25.09,24.99,OK,25.55,25.52,OK,0,0,,0,0,,10.69,OK,10.78,OK,10.79,OK,10.82,OK,10.81,OK,10.73,OK,10.81,OK,0,,0,,10.32,OK,10.34,OK,10.33,OK,10.22,OK,10.27,OK,10.28,OK,10.19,OK,0,,0,,,,82.15,OK,,,,82.4,OK,,,,157.51,OK,,,,157.79,OK,,,,36.93,OK,,,,37.41,OK,,,,,,,,,,,,,,,,,
2410120779C,NEW KAPPAEX1.0,CM4P3,2024-10-12 16:38:03,18.693,27.43,OK,26.13,25.69,OK,25.22,24.98,OK,25.88,25.22,OK,25.07,24.61,OK,25.75,25.66,OK,23.62,23.31,OK,23.97,23.2,OK,0,0,,0,0,,0,OK,0,OK,0,OK,0,OK,0,OK,0,OK,0,OK,0,,0,,0,OK,0,OK,0,OK,0,OK,0,OK,0,OK,0,OK,0,,0,,,,54.45,OK,,,,54.71,OK,,,,-293.14,OK,,,,-292.74,OK,,,,172.61,OK,,,,172.34,OK,,,,,,,,,,,,,,,,,
2410120809D,ATKINSON 3.8 OCV,DM3P7,2024-10-12 16:38:37,18.986,24.18,OK,30.41,30.3,OK,28.56,28.46,OK,25.08,24.84,OK,23.8,23.71,OK,26.93,26.86,OK,26.33,26.28,OK,26.47,26.33,OK,0,0,,0,0,,11.43,OK,11.59,OK,11.65,OK,11.59,OK,11.64,OK,11.64,OK,11.61,OK,0,,0,,12.81,OK,12.79,OK,12.88,OK,12.58,OK,12.89,OK,12.78,OK,12.71,OK,0,,0,,,,82.83,OK,,,,83.35,OK,,,,157.25,OK,,,,157.94,OK,,,,36.61,OK,,,,36.85,OK,,,,,,,,,,,,,,,,,
2410120780C,NEW KAPPAEX1.0,CM5P9,2024-10-12 16:38:51,18.669,26.67,OK,24.49,24.37,OK,23.92,23.63,OK,23.18,22.96,OK,21.53,21.31,OK,21.62,21.31,OK,23.27,22.91,OK,23.25,22.94,OK,0,0,,0,0,,2.49,OK,2.53,OK,2.52,OK,2.53,OK,2.52,OK,2.53,OK,2.63,OK,0,,0,,2.67,OK,2.47,OK,2.45,OK,2.43,OK,2.47,OK,2.55,OK,2.66,OK,0,,0,,,,55.27,OK,,,,54.18,OK,,,,-293.55,OK,,,,-293.07,OK,,,,172.33,OK,,,,173.73,OK,,,,,,,,,,,,,,,,,
2410120810D,ATKINSON 3.8 OCV,DM4P1,2024-10-12 16:39:32,18.996,24.08,OK,28.21,28.09,OK,24.38,24.36,OK,23.87,23.68,OK,25.49,25.38,OK,26.38,26.24,OK,26.35,26.24,OK,25.03,24.91,OK,0,0,,0,0,,12.62,OK,12.65,OK,12.61,OK,12.43,OK,12.66,OK,12.65,OK,12.67,OK,0,,0,,12.43,OK,12.48,OK,12.48,OK,12.48,OK,12.51,OK,12.47,OK,12.46,OK,0,,0,,,,82.69,OK,,,,82.71,OK,,,,157.24,OK,,,,157.46,OK,,,,36.84,OK,,,,36.99,OK,,,,,,,,,,,,,,,,,
2410120781C,NEW KAPPAEX1.0,CM1P4,2024-10-12 16:39:37,18.684,27.15,OK,23.39,23.23,OK,23.41,22.99,OK,22.46,22.27,OK,23.51,22.95,OK,21.45,21.34,OK,23.23,22.88,OK,22.81,22.62,OK,0,0,,0,0,,6.04,OK,6.84,OK,6.94,OK,6.88,OK,7.05,OK,7.1,OK,7.04,OK,0,,0,,5.98,OK,6.64,OK,6.49,OK,6.7,OK,6.61,OK,6.73,OK,6.62,OK,0,,0,,,,54.19,OK,,,,52.11,OK,,,,-293.24,OK,,,,-292.22,OK,,,,172.2,OK,,,,172.1,OK,,,,,,,,,,,,,,,,,
2410120782C,NEW KAPPAEX1.0,CM2P2,2024-10-12 16:40:22,18.69,26.71,OK,25.69,25.51,OK,24.29,24.18,OK,24.99,24.69,OK,23.76,23.59,OK,22.73,22.68,OK,23.13,22.94,OK,24.39,24.25,OK,0,0,,0,0,,15.36,OK,15.36,OK,15.36,OK,15.36,OK,15.36,OK,15.36,OK,15.36,OK,0,,0,,15.36,OK,15.36,OK,15.36,OK,15.36,OK,15.36,OK,15.36,OK,15.36,OK,0,,0,,,,54.25,OK,,,,55.03,OK,,,,-292.06,OK,,,,-292.84,OK,,,,172.87,OK,,,,173.21,OK,,,,,,,,,,,,,,,,,
2410120811D,ATKINSON 3.8 OCV,DM5P5,2024-10-12 16:40:24,18.999,23.93,OK,25.62,25.53,OK,24.3,24.16,OK,24.27,23.86,OK,25.78,25.64,OK,26.48,26.38,OK,25.92,25.8,OK,25.97,25.8,OK,0,0,,0,0,,2.15,OK,2.68,OK,2.69,OK,2.71,OK,2.78,OK,2.74,OK,2.8,OK,0,,0,,0.83,OK,0.83,OK,0.86,OK,0.86,OK,0.86,OK,0.86,OK,0.88,OK,0,,0,,,,82.38,OK,,,,81.55,OK,,,,157.9,OK,,,,158.36,OK,,,,37.72,OK,,,,37.81,OK,,,,,,,,,,,,,,,,,
2410120783C,NEW KAPPAEX1.0,CM3P1,2024-10-12 16:41:11,18.682,26.4,OK,27.76,26.95,OK,27.22,26.59,OK,26.59,26.04,OK,25.52,24.91,OK,26.86,26.34,OK,26.66,25.93,OK,26.07,25.14,OK,0,0,,0,0,,0,OK,0,OK,0,OK,0,OK,0,OK,0,OK,0,OK,0,,0,,0,OK,0,OK,0,OK,0,OK,0,OK,0,OK,0,OK,0,,0,,,,54.79,OK,,,,54.2,OK,,,,-293.06,OK,,,,-291.46,OK,,,,174.15,OK,,,,173.54,OK,,,,,,,,,,,,,,,,,
2410120812D,ATKINSON 3.8 OCV,DM1P3,2024-10-12 16:41:19,18.992,21.83,OK,24.27,24.16,OK,27.08,27.01,OK,25.26,24.97,OK,27.13,26.79,OK,28.99,28.9,OK,26.63,26.59,OK,25.6,25.55,OK,0,0,,0,0,,11.35,OK,11.45,OK,11.47,OK,11.64,OK,11.62,OK,11.44,OK,11.7,OK,0,,0,,9.9,OK,10.33,OK,10.29,OK,10.3,OK,10.29,OK,10.32,OK,10.19,OK,0,,0,,,,83.03,OK,,,,82.63,OK,,,,157.51,OK,,,,157.73,OK,,,,37.06,OK,,,,37.3,OK,,,,,,,,,,,,,,,,,
2410120784C,NEW KAPPAEX1.0,CM4P5,2024-10-12 16:42:00,18.686,25.95,OK,26.48,25.71,OK,23.27,23.02,OK,25.51,24.98,OK,23.4,23.18,OK,24.74,24.74,OK,23.75,23.46,OK,23.66,23.2,OK,0,0,,0,0,,0,OK,0,OK,0,OK,0,OK,0,OK,0,OK,0,OK,0,,0,,0,OK,0,OK,0,OK,0,OK,0,OK,0,OK,0,OK,0,,0,,,,52.6,OK,,,,53.4,OK,,,,-294.12,OK,,,,-291.36,OK,,,,172.38,OK,,,,172.69,OK,,,,,,,,,,,,,,,,,
2410120813D,ATKINSON 3.8 OCV,DM2P9,2024-10-12 16:42:15,18.997,20.56,OK,24.8,24.75,OK,22.91,22.83,OK,22.59,22.37,OK,24.97,24.92,OK,25.5,25.45,OK,24.36,24.26,OK,23.8,23.78,OK,0,0,,0,0,,10.79,OK,10.74,OK,10.77,OK,10.79,OK,10.85,OK,10.78,OK,10.77,OK,0,,0,,10.19,OK,10.16,OK,10.18,OK,10.16,OK,10.19,OK,10.14,OK,10.17,OK,0,,0,,,,82.05,OK,,,,82.63,OK,,,,157.74,OK,,,,157.86,OK,,,,37.87,OK,,,,37.44,OK,,,,,,,,,,,,,,,,,
2410120785C,NEW KAPPAEX1.0,CM5P6,2024-10-12 16:42:46,18.693,26.92,OK,25.92,25.42,OK,23.22,22.87,OK,23.1,22.87,OK,20,19.76,OK,22.34,22.01,OK,21.55,21.19,OK,21.48,21.24,OK,0,0,,0,0,,2.48,OK,2.5,OK,2.47,OK,2.49,OK,2.52,OK,2.52,OK,2.49,OK,0,,0,,2.55,OK,2.4,OK,2.43,OK,2.46,OK,2.44,OK,2.43,OK,2.4,OK,0,,0,,,,54.01,OK,,,,52.55,OK,,,,-292.65,OK,,,,-292.5,OK,,,,172.76,OK,,,,172.39,OK,,,,,,,,,,,,,,,,,
2410120814D,ATKINSON 3.8 OCV,DM3P2,2024-10-12 16:43:07,18.984,22.96,OK,27.07,27,OK,25.68,25.59,OK,25.75,25.29,OK,24.68,24.68,OK,27.12,27.1,OK,26.24,26.19,OK,26.17,26.14,OK,0,0,,0,0,,11.6,OK,11.57,OK,11.47,OK,11.6,OK,11.66,OK,11.66,OK,11.6,OK,0,,0,,12.83,OK,12.78,OK,12.71,OK,12.59,OK,12.82,OK,12.6,OK,12.59,OK,0,,0,,,,82.38,OK,,,,82.66,OK,,,,157.27,OK,,,,157.62,OK,,,,37.32,OK,,,,36.99,OK,,,,,,,,,,,,,,,,,
2410120786C,NEW KAPPAEX1.0,CM1P7,2024-10-12 16:43:38,18.697,27.5,OK,25.89,25.65,OK,22.62,22.18,OK,22.46,22.27,OK,22.25,21.8,OK,22.11,21.99,OK,22.13,21.71,OK,22.25,22.08,OK,0,0,,0,0,,5.9,OK,6.79,OK,6.84,OK,6.84,OK,6.96,OK,7.06,OK,7.04,OK,0,,0,,5.93,OK,6.5,OK,6.53,OK,6.6,OK,6.68,OK,6.88,OK,6.56,OK,0,,0,,,,54.86,OK,,,,54.39,OK,,,,-292.91,OK,,,,-293.51,OK,,,,172.23,OK,,,,172.61,OK,,,,,,,,,,,,,,,,,
2410120815D,ATKINSON 3.8 OCV,DM4P4,2024-10-12 16:44:02,18.996,22.63,OK,25.24,25.15,OK,25.03,24.91,OK,25.42,25.29,OK,26.4,26.35,OK,26.1,25.96,OK,27.65,27.54,OK,26.07,26.05,OK,0,0,,0,0,,12.44,OK,12.62,OK,12.65,OK,12.67,OK,12.66,OK,12.67,OK,12.65,OK,0,,0,,12.43,OK,12.51,OK,12.45,OK,12.46,OK,12.48,OK,12.49,OK,12.43,OK,0,,0,,,,82.32,OK,,,,82.68,OK,,,,157.32,OK,,,,157.92,OK,,,,37.06,OK,,,,37.13,OK,,,,,,,,,,,,,,,,,
2410120787C,NEW KAPPAEX1.0,CM2P8,2024-10-12 16:44:23,18.69,27.02,OK,22.57,22.36,OK,23.13,22.94,OK,24.83,24.5,OK,21.45,21.28,OK,22.15,22.1,OK,20.42,20.23,OK,22.22,22.08,OK,0,0,,0,0,,15.36,OK,15.36,OK,15.36,OK,15.36,OK,15.36,OK,15.36,OK,15.36,OK,0,,0,,15.36,OK,15.36,OK,15.36,OK,15.36,OK,15.36,OK,15.36,OK,15.36,OK,0,,0,,,,53.95,OK,,,,54.63,OK,,,,-292.12,OK,,,,-292.02,OK,,,,171.87,OK,,,,172.02,OK,,,,,,,,,,,,,,,,,
2410120816D,ATKINSON 3.8 OCV,DM5P6,2024-10-12 16:44:57,18.998,23.13,OK,24.27,24.11,OK,26.01,25.94,OK,24.64,24.23,OK,25.57,25.36,OK,25.22,25.11,OK,25.06,24.99,OK,25.46,25.32,OK,0,0,,0,0,,2.16,OK,2.7,OK,2.68,OK,2.64,OK,2.69,OK,2.67,OK,2.66,OK,0,,0,,0.86,OK,0.87,OK,0.85,OK,0.83,OK,0.82,OK,0.86,OK,0.82,OK,0,,0,,,,82.84,OK,,,,82.62,OK,,,,157.36,OK,,,,157.05,OK,,,,37.45,OK,,,,37.75,OK,,,,,,,,,,,,,,,,,
2410120788C,NEW KAPPAEX1.0,CM3P3,2024-10-12 16:45:12,18.683,26.73,OK,29.1,28.22,OK,24.94,24.44,OK,25.68,25.18,OK,24.89,23.92,OK,25.12,24.66,OK,25.77,25.34,OK,25.14,24.35,OK,0,0,,0,0,,0,OK,0,OK,0,OK,0,OK,0,OK,0,OK,0,OK,0,,0,,0,OK,0,OK,0,OK,0,OK,0,OK,0,OK,0,OK,0,,0,,,,53.47,OK,,,,53.01,OK,,,,-293.14,OK,,,,-292.93,OK,,,,171.92,OK,,,,172.32,OK,,,,,,,,,,,,,,,,,
2410120817D,ATKINSON 3.8 OCV,DM1P8,2024-10-12 16:45:49,18.996,22.83,OK,24.47,24.38,OK,26.43,26.36,OK,25.87,25.64,OK,26.52,26.36,OK,25.21,25.17,OK,25.33,25.33,OK,24.38,24.36,OK,0,0,,0,0,,11.38,OK,11.4,OK,11.36,OK,11.35,OK,11.57,OK,11.48,OK,11.7,OK,0,,0,,9.96,OK,10.49,OK,10.34,OK,10.32,OK,10.33,OK,10.26,OK,10.23,OK,0,,0,,,,81.99,OK,,,,82.27,OK,,,,157.4,OK,,,,157.69,OK,,,,36.7,OK,,,,36.94,OK,,,,,,,,,,,,,,,,,
2410120789C,NEW KAPPAEX1.0,CM4P9,2024-10-12 16:46:01,18.692,27.46,OK,27.2,26.3,OK,23.53,23.16,OK,24.48,24.06,OK,22.8,22.61,OK,24.34,24.3,OK,23.49,22.78,OK,23.02,22.52,OK,0,0,,0,0,,0,OK,0,OK,0,OK,0,OK,0,OK,0,OK,0,OK,0,,0,,0,OK,0,OK,0,OK,0,OK,0,OK,0,OK,0,OK,0,,0,,,,53.15,OK,,,,53.47,OK,,,,-293.15,OK,,,,-291.89,OK,,,,173.31,OK,,,,172.91,OK,,,,,,,,,,,,,,,,,
2410120818D,ATKINSON 3.8 OCV,DM2P7,2024-10-12 16:46:44,18.999,22.61,OK,28.09,28.02,OK,27.15,26.98,OK,25.4,25.18,OK,26.71,26.69,OK,26.78,26.71,OK,25.52,25.4,OK,26.56,26.52,OK,0,0,,0,0,,10.84,OK,10.77,OK,10.76,OK,10.78,OK,10.8,OK,10.8,OK,10.82,OK,0,,0,,10.2,OK,10.16,OK,10.18,OK,10.16,OK,10.17,OK,10.16,OK,10.07,OK,0,,0,,,,82.48,OK,,,,82.82,OK,,,,157.39,OK,,,,157.86,OK,,,,37.41,OK,,,,37.76,OK,,,,,,,,,,,,,,,,,
2410120790C,NEW KAPPAEX1.0,CM5P4,2024-10-12 16:46:46,18.683,26.81,OK,23.39,23.13,OK,22.15,22.05,OK,22.53,22.29,OK,21.31,21.15,OK,22.72,22.32,OK,22.34,21.98,OK,21.31,20.98,OK,0,0,,0,0,,2.45,OK,2.5,OK,2.52,OK,2.49,OK,2.49,OK,2.49,OK,2.5,OK,0,,0,,2.6,OK,2.45,OK,2.55,OK,2.4,OK,2.46,OK,2.44,OK,2.43,OK,0,,0,,,,52.76,OK,,,,52.68,OK,,,,-293,OK,,,,-292.59,OK,,,,171.62,OK,,,,172.23,OK,,,,,,,,,,,,,,,,,
2410120791C,NEW KAPPAEX1.0,CM1P2,2024-10-12 16:47:32,18.698,26.33,OK,22.81,22.71,OK,23.62,23.13,OK,24.18,23.97,OK,22.88,22.55,OK,22.36,22.2,OK,22.85,22.71,OK,23.23,22.62,OK,0,0,,0,0,,6.02,OK,6.86,OK,6.84,OK,6.82,OK,6.92,OK,7.01,OK,6.97,OK,0,,0,,6.12,OK,6.54,OK,6.48,OK,6.71,OK,6.58,OK,6.88,OK,6.64,OK,0,,0,,,,53.67,OK,,,,52.25,OK,,,,-292.63,OK,,,,-292.71,OK,,,,173.6,OK,,,,172.64,OK,,,,,,,,,,,,,,,,,
2410120819D,ATKINSON 3.8 OCV,DM3P1,2024-10-12 16:47:40,18.993,22.66,OK,24.4,24.31,OK,26.72,26.65,OK,25.63,25.38,OK,24.5,24.47,OK,26.82,26.77,OK,26.14,26,OK,25.31,25.24,OK,0,0,,0,0,,11.56,OK,11.63,OK,11.61,OK,11.59,OK,11.62,OK,11.56,OK,11.64,OK,0,,0,,12.81,OK,12.77,OK,12.9,OK,12.84,OK,12.92,OK,12.93,OK,12.89,OK,0,,0,,,,82.38,OK,,,,82.73,OK,,,,157.26,OK,,,,157.82,OK,,,,36.67,OK,,,,37.04,OK,,,,,,,,,,,,,,,,,
2410120792C,NEW KAPPAEX1.0,CM2P1,2024-10-12 16:48:20,18.686,26.11,OK,26.07,25.79,OK,24.88,24.67,OK,24.11,23.76,OK,23.29,23.06,OK,23.2,23.08,OK,23.22,22.82,OK,22.45,22.24,OK,0,0,,0,0,,15.36,OK,15.36,OK,15.36,OK,15.36,OK,15.36,OK,15.36,OK,15.36,OK,0,,0,,15.36,OK,15.36,OK,15.36,OK,15.36,OK,15.36,OK,15.36,OK,15.36,OK,0,,0,,,,52.88,OK,,,,53.26,OK,,,,-292.43,OK,,,,-292.06,OK,,,,171.96,OK,,,,172.31,OK,,,,,,,,,,,,,,,,,
2410120820D,ATKINSON 3.8 OCV,DM4P5,2024-10-12 16:48:32,18.993,22.66,OK,24.29,24.15,OK,24.84,24.73,OK,25.03,24.73,OK,26.93,26.89,OK,26.58,26.47,OK,26.12,26.07,OK,25.24,25.12,OK,0,0,,0,0,,12.47,OK,12.28,OK,12.46,OK,12.47,OK,12.3,OK,12.43,OK,12.64,OK,0,,0,,12.46,OK,12.47,OK,12.56,OK,12.48,OK,12.48,OK,12.48,OK,12.48,OK,0,,0,,,,82.54,OK,,,,82.1,OK,,,,157.72,OK,,,,157.89,OK,,,,37.46,OK,,,,37.44,OK,,,,,,,,,,,,,,,,,
2410120793C,NEW KAPPAEX1.0,CM3P5,2024-10-12 16:49:06,18.691,26.16,OK,27.88,27.11,OK,26.18,25.68,OK,27.38,26.95,OK,26.34,25.28,OK,25.8,25.48,OK,25.89,25.09,OK,24.3,23.71,OK,0,0,,0,0,,0,OK,0,OK,0,OK,0,OK,0,OK,0,OK,0,OK,0,,0,,0,OK,0,OK,0,OK,0,OK,0,OK,0,OK,0,OK,0,,0,,,,52.92,OK,,,,53.88,OK,,,,-292.32,OK,,,,-291.92,OK,,,,171.95,OK,,,,172.67,OK,,,,,,,,,,,,,,,,,
2410120821D,ATKINSON 3.8 OCV,DM5P3,2024-10-12 16:49:27,18.984,23.38,OK,25.67,25.48,OK,26.8,26.71,OK,25.69,25.41,OK,25.8,25.57,OK,25.83,25.62,OK,25.71,25.5,OK,25.39,25.27,OK,0,0,,0,0,,2.16,OK,2.7,OK,2.68,OK,2.64,OK,2.69,OK,2.7,OK,2.66,OK,0,,0,,0.83,OK,0.84,OK,0.88,OK,0.85,OK,0.87,OK,0.86,OK,0.86,OK,0,,0,,,,82.36,OK,,,,81.67,OK,,,,157.69,OK,,,,158.64,OK,,,,37.72,OK,,,,38.02,OK,,,,,,,,,,,,,,,,,
2410120794C,NEW KAPPAEX1.0,CM4P6,2024-10-12 16:49:54,18.694,26.35,OK,28.59,27.8,OK,23.64,23.42,OK,25.77,25.22,OK,23.93,23.57,OK,25.75,25.69,OK,23.6,23.22,OK,23.64,23.22,OK,0,0,,0,0,,0,OK,0,OK,0,OK,0,OK,0,OK,0,OK,0,OK,0,,0,,0,OK,0,OK,0,OK,0,OK,0,OK,0,OK,0,OK,0,,0,,,,53.78,OK,,,,52.67,OK,,,,-294.03,OK,,,,-292.94,OK,,,,173.2,OK,,,,173.07,OK,,,,,,,,,,,,,,,,,
2410120822D,ATKINSON 3.8 OCV,DM1P9,2024-10-12 16:50:19,18.988,22.6,OK,22.92,22.74,OK,27.49,27.31,OK,25.01,24.29,OK,26.41,26.36,OK,26.65,26.56,OK,24.34,24.29,OK,25.15,25.12,OK,0,0,,0,0,,11.4,OK,11.41,OK,11.39,OK,11.42,OK,11.48,OK,11.51,OK,11.47,OK,0,,0,,9.98,OK,10.44,OK,10.29,OK,10.38,OK,10.29,OK,10.33,OK,10.19,OK,0,,0,,,,82.31,OK,,,,82.59,OK,,,,157.68,OK,,,,158.04,OK,,,,37.48,OK,,,,36.9,OK,,,,,,,,,,,,,,,,,
2410120795C,NEW KAPPAEX1.0,CM5P7,2024-10-12 16:50:43,18.698,26.35,OK,24.99,24.78,OK,23.08,22.84,OK,22.65,22.36,OK,21.46,21.43,OK,22.03,21.74,OK,22.34,21.93,OK,22.12,21.79,OK,0,0,,0,0,,2.5,OK,2.52,OK,2.5,OK,2.51,OK,2.57,OK,2.55,OK,2.51,OK,0,,0,,2.62,OK,2.47,OK,2.46,OK,2.46,OK,2.63,OK,2.45,OK,2.34,OK,0,,0,,,,53.63,OK,,,,53.59,OK,,,,-292.78,OK,,,,-292.44,OK,,,,171.83,OK,,,,171.81,OK,,,,,,,,,,,,,,,,,
2410120823D,ATKINSON 3.8 OCV,DM2P2,2024-10-12 16:51:17,18.99,24.01,OK,26.52,26.42,OK,25.91,25.79,OK,23.46,23.2,OK,26.98,26.95,OK,26.3,26.3,OK,25.52,25.38,OK,24.38,24.36,OK,0,0,,0,0,,11.04,OK,10.77,OK,10.76,OK,10.81,OK,10.79,OK,10.81,OK,10.81,OK,0,,0,,10.09,OK,10.16,OK,10,OK,10.15,OK,10.12,OK,10.06,OK,9.96,OK,0,,0,,,,81.58,OK,,,,82.3,OK,,,,157.6,OK,,,,157.87,OK,,,,37.48,OK,,,,37.34,OK,,,,,,,,,,,,,,,,,
2410120796C,NEW KAPPAEX1.0,CM1P8,2024-10-12 16:51:29,18.698,26.97,OK,26.84,26.68,OK,21.83,21.38,OK,24.53,24.37,OK,22.29,21.87,OK,22.83,22.74,OK,22.48,22.15,OK,22.92,22.46,OK,0,0,,0,0,,5.97,OK,6.86,OK,7.49,OK,7.44,OK,7.76,OK,7.26,OK,7.24,OK,0,,0,,6.84,OK,7.2,OK,7.66,OK,6.92,OK,6.71,OK,6.57,OK,6.35,OK,0,,0,,,,53.45,OK,,,,52.94,OK,,,,-293.58,OK,,,,-294.03,OK,,,,173.7,OK,,,,172.87,OK,,,,,,,,,,,,,,,,,
2410120824D,ATKINSON 3.8 OCV,DM3P4,2024-10-12 16:52:13,18.997,23.7,OK,26.24,26.19,OK,27.63,27.54,OK,26.07,25.84,OK,25.01,24.91,OK,26.65,26.35,OK,27.1,27.03,OK,26.96,26.91,OK,0,0,,0,0,,11.55,OK,11.65,OK,11.47,OK,11.64,OK,11.65,OK,11.66,OK,11.64,OK,0,,0,,12.83,OK,12.81,OK,12.76,OK,12.62,OK,12.9,OK,12.58,OK,12.57,OK,0,,0,,,,81.92,OK,,,,82.15,OK,,,,157.9,OK,,,,158.12,OK,,,,37.4,OK,,,,37.27,OK,,,,,,,,,,,,,,,,,
2410120797C,NEW KAPPAEX1.0,CM2P3,2024-10-12 16:52:18,18.682,26.53,OK,25.48,25.18,OK,24.06,23.85,OK,25.37,25.09,OK,24.08,23.83,OK,24.88,24.83,OK,22.45,22.24,OK,23.1,22.96,OK,0,0,,0,0,,15.36,OK,15.36,OK,15.36,OK,15.36,OK,15.36,OK,15.36,OK,15.36,OK,0,,0,,15.36,OK,15.36,OK,15.36,OK,15.36,OK,15.36,OK,15.36,OK,15.36,OK,0,,0,,,,53.29,OK,,,,52.96,OK,,,,-292.89,OK,,,,-292.18,OK,,,,171.73,OK,,,,172.34,OK,,,,,,,,,,,,,,,,,
2410120798C,NEW KAPPAEX1.0,CM3P9,2024-10-12 16:53:03,18.696,26.07,OK,28.38,27.81,OK,25.55,25.05,OK,26.97,26.38,OK,25.57,24.66,OK,25.5,25.07,OK,26.38,25.71,OK,27.92,27.29,OK,0,0,,0,0,,0,OK,0,OK,0,OK,0,OK,0,OK,0,OK,0,OK,0,,0,,0,OK,0,OK,0,OK,0,OK,0,OK,0,OK,0,OK,0,,0,,,,52.14,OK,,,,52.02,OK,,,,-292.91,OK,,,,-291.9,OK,,,,172.29,OK,,,,172.53,OK,,,,,,,,,,,,,,,,,
2410120825D,ATKINSON 3.8 OCV,DM4P6,2024-10-12 16:53:08,18.999,23.6,OK,27.21,27.1,OK,26.12,25.96,OK,25.03,24.73,OK,25.94,25.84,OK,25.31,25.22,OK,25.66,25.56,OK,25.03,24.96,OK,0,0,,0,0,,12.41,OK,12.62,OK,12.49,OK,12.67,OK,12.48,OK,12.61,OK,12.65,OK,0,,0,,12.46,OK,12.47,OK,12.5,OK,12.5,OK,12.52,OK,12.48,OK,12.48,OK,0,,0,,,,82.66,OK,,,,82.58,OK,,,,157.63,OK,,,,157.18,OK,,,,37.78,OK,,,,38.03,OK,,,,,,,,,,,,,,,,,
2410120799C,NEW KAPPAEX1.0,CM4P4,2024-10-12 16:53:52,18.688,26.8,OK,27.4,26.85,OK,23.82,23.13,OK,25.16,24.52,OK,24.34,24.15,OK,24.85,24.43,OK,24.61,24.39,OK,23.88,23.31,OK,0,0,,0,0,,0,OK,0,OK,0,OK,0,OK,0,OK,0,OK,0,OK,0,,0,,0,OK,0,OK,0,OK,0,OK,0,OK,0,OK,0,OK,0,,0,,,,53.75,OK,,,,52.97,OK,,,,-293.69,OK,,,,-293.04,OK,,,,172.46,OK,,,,173.76,OK,,,,,,,,,,,,,,,,,
2410120826D,ATKINSON 3.8 OCV,DM5P8,2024-10-12 16:54:00,18.99,23.11,OK,24.67,24.53,OK,25.09,25.02,OK,23.79,23.53,OK,25.16,24.92,OK,24.46,24.34,OK,26.34,26.27,OK,23.76,23.65,OK,0,0,,0,0,,2.13,OK,2.67,OK,2.67,OK,2.83,OK,2.69,OK,2.72,OK,2.65,OK,0,,0,,0.82,OK,0.83,OK,0.83,OK,0.85,OK,0.87,OK,0.88,OK,0.86,OK,0,,0,,,,81.55,OK,,,,81.12,OK,,,,158.64,OK,,,,159.07,OK,,,,38.06,OK,,,,38.1,OK,,,,,,,,,,,,,,,,,
2410120800C,NEW KAPPAEX1.0,CM5P2,2024-10-12 16:54:37,18.693,25.98,OK,24.85,24.47,OK,22.7,22.51,OK,23.7,23.3,OK,22.39,22.17,OK,24.04,23.84,OK,23.22,22.91,OK,23.1,22.96,OK,0,0,,0,0,,2.49,OK,2.58,OK,2.52,OK,2.54,OK,2.53,OK,2.54,OK,2.57,OK,0,,0,,2.71,OK,2.58,OK,2.47,OK,2.45,OK,2.5,OK,2.55,OK,2.4,OK,0,,0,,,,53.64,OK,,,,53.16,OK,,,,-292.84,OK,,,,-293.45,OK,,,,172.22,OK,,,,172.55,OK,,,,,,,,,,,,,,,,,
2410120827D,ATKINSON 3.8 OCV,DM1P7,2024-10-12 16:54:58,18.991,25.53,OK,25.19,25.15,OK,26.97,26.88,OK,25.55,25.28,OK,28.75,28.7,OK,25.93,25.89,OK,25.8,25.69,OK,25.87,25.82,OK,0,0,,0,0,,11.4,OK,11.42,OK,11.44,OK,11.37,OK,11.47,OK,11.42,OK,11.52,OK,0,,0,,10.06,OK,10.38,OK,10.31,OK,10.15,OK,10.21,OK,10.44,OK,10.39,OK,0,,0,,,,82.38,OK,,,,82.72,OK,,,,157.73,OK,,,,157.67,OK,,,,37.43,OK,,,,37.67,OK,,,,,,,,,,,,,,,,,
2410120801C,NEW KAPPAEX1.0,CM1P1,2024-10-12 16:55:26,18.667,26.77,OK,27.57,27.36,OK,22.83,22.32,OK,23.37,23.23,OK,22.81,22.18,OK,24.07,24.02,OK,22.34,22.06,OK,23.02,22.36,OK,0,0,,0,0,,6.46,OK,6.9,OK,6.89,OK,6.94,OK,7.07,OK,7.02,OK,7.05,OK,0,,0,,6.1,OK,6.42,OK,6.58,OK,6.75,OK,6.55,OK,6.73,OK,6.51,OK,0,,0,,,,53.13,OK,,,,53.13,OK,,,,-293.24,OK,,,,-293.99,OK,,,,173.34,OK,,,,173.33,OK,,,,,,,,,,,,,,,,,
2410120828D,ATKINSON 3.8 OCV,DM2P1,2024-10-12 16:55:50,18.989,24.27,OK,27.75,27.63,OK,23.34,23.22,OK,25.09,24.87,OK,27.95,27.95,OK,28.43,28.38,OK,26.66,26.61,OK,25.47,25.45,OK,0,0,,0,0,,10.77,OK,11.01,OK,10.81,OK,11.42,OK,10.71,OK,11.01,OK,10.82,OK,0,,0,,9.97,OK,9.99,OK,9.98,OK,10.02,OK,9.97,OK,9.92,OK,9.97,OK,0,,0,,,,82.45,OK,,,,82.68,OK,,,,157.39,OK,,,,157.84,OK,,,,37.25,OK,,,,37.32,OK,,,,,,,,,,,,,,,,,
2410120802C,NEW KAPPAEX1.0,CM2P5,2024-10-12 16:56:12,18.696,26.1,OK,23.69,23.45,OK,23.97,23.78,OK,24.69,24.39,OK,23.1,22.82,OK,24.08,23.94,OK,22.57,22.33,OK,22.57,22.43,OK,0,0,,0,0,,15.36,OK,15.36,OK,15.36,OK,15.36,OK,15.36,OK,15.36,OK,15.36,OK,0,,0,,15.36,OK,15.36,OK,15.36,OK,15.36,OK,15.36,OK,15.36,OK,15.36,OK,0,,0,,,,53.41,OK,,,,53.1,OK,,,,-292.6,OK,,,,-292.59,OK,,,,173.01,OK,,,,172.37,OK,,,,,,,,,,,,,,,,,
2410120829D,ATKINSON 3.8 OCV,DM3P5,2024-10-12 16:56:49,18.986,23.7,OK,26.58,26.47,OK,27.14,27.05,OK,25.45,24.91,OK,27.26,27.26,OK,27.98,27.88,OK,26.98,26.91,OK,26.77,26.65,OK,0,0,,0,0,,11.57,OK,11.62,OK,11.47,OK,11.61,OK,11.68,OK,11.65,OK,11.63,OK,0,,0,,12.8,OK,12.81,OK,12.57,OK,12.59,OK,12.81,OK,12.6,OK,12.59,OK,0,,0,,,,82.5,OK,,,,82.15,OK,,,,157.71,OK,,,,157.99,OK,,,,37.44,OK,,,,37.25,OK,,,,,,,,,,,,,,,,,
2410120803C,NEW KAPPAEX1.0,CM3P6,2024-10-12 16:57:00,18.69,26.76,OK,27.67,26.97,OK,25.8,25.21,OK,26.14,25.73,OK,25.61,24.82,OK,26.18,25.73,OK,25.41,24.8,OK,24.91,24.08,OK,0,0,,0,0,,0,OK,0,OK,0,OK,0,OK,0,OK,0,OK,0,OK,0,,0,,0,OK,0,OK,0,OK,0,OK,0,OK,0,OK,0,OK,0,,0,,,,52.81,OK,,,,53.3,OK,,,,-292.47,OK,,,,-291.92,OK,,,,171.89,OK,,,,172.74,OK,,,,,,,,,,,,,,,,,
2410120830D,ATKINSON 3.8 OCV,DM4P3,2024-10-12 16:57:41,18.996,22.17,OK,24.4,24.24,OK,24.91,24.84,OK,25.33,25.01,OK,27.65,27.61,OK,27.98,27.88,OK,26.03,25.89,OK,26.03,25.96,OK,0,0,,0,0,,12.37,OK,12.52,OK,12.54,OK,12.63,OK,12.58,OK,12.59,OK,12.67,OK,0,,0,,12.48,OK,12.48,OK,12.49,OK,12.49,OK,12.51,OK,12.48,OK,12.47,OK,0,,0,,,,82.61,OK,,,,82.01,OK,,,,158.3,OK,,,,158.41,OK,,,,37.58,OK,,,,37.78,OK,,,,,,,,,,,,,,,,,
2410120804C,NEW KAPPAEX1.0,CM4P7,2024-10-12 16:57:46,18.679,26.78,OK,25.75,25.22,OK,23.2,22.91,OK,24.26,23.84,OK,22.45,22.28,OK,25.47,25.42,OK,23.68,23.11,OK,23.62,23.22,OK,0,0,,0,0,,0,OK,0,OK,0,OK,0,OK,0,OK,0,OK,0,OK,0,,0,,0,OK,0,OK,0,OK,0,OK,0,OK,0,OK,0,OK,0,,0,,,,53.67,OK,,,,53.31,OK,,,,-292.57,OK,,,,-292.62,OK,,,,173.66,OK,,,,173.59,OK,,,,,,,,,,,,,,,,,
2410120805C,NEW KAPPAEX1.0,CM5P8,2024-10-12 16:58:31,18.684,27,OK,23.96,23.84,OK,22.98,22.63,OK,22.75,22.41,OK,22.12,21.98,OK,22.79,22.41,OK,22.48,22.24,OK,22.08,21.74,OK,0,0,,0,0,,2.47,OK,2.59,OK,2.53,OK,2.51,OK,2.5,OK,2.51,OK,2.55,OK,0,,0,,2.67,OK,2.56,OK,2.44,OK,2.42,OK,2.49,OK,2.56,OK,2.39,OK,0,,0,,,,52.68,OK,,,,53.61,OK,,,,-291.83,OK,,,,-292.77,OK,,,,170.98,OK,,,,172.94,OK,,,,,,,,,,,,,,,,,
2410120831D,ATKINSON 3.8 OCV,DM5P9,2024-10-12 16:58:36,18.994,23.76,OK,24.55,24.53,OK,25.41,25.32,OK,24.99,24.67,OK,24.34,24.2,OK,25.94,25.71,OK,27.41,27.24,OK,25.55,25.41,OK,0,0,,0,0,,2.12,OK,2.83,OK,2.78,OK,2.71,OK,2.76,OK,2.77,OK,2.77,OK,0,,0,,0.86,OK,0.85,OK,0.87,OK,0.82,OK,0.86,OK,0.88,OK,0.88,OK,0,,0,,,,81.5,OK,,,,81.67,OK,,,,158.53,OK,,,,159.01,OK,,,,38.52,OK,,,,38,OK,,,,,,,,,,,,,,,,,
2410120806C,NEW KAPPAEX1.0,CM1P3,2024-10-12 16:59:17,18.687,27.27,OK,25.51,25.28,OK,24.37,24.02,OK,25.07,24.86,OK,23.65,23.18,OK,23.23,23.2,OK,23.9,23.6,OK,24.3,24.18,OK,0,0,,0,0,,6.37,OK,6.91,OK,6.9,OK,6.89,OK,7.14,OK,7.19,OK,7.19,OK,0,,0,,6.36,OK,6.61,OK,6.62,OK,6.85,OK,6.68,OK,7.04,OK,6.64,OK,0,,0,,,,54.5,OK,,,,55.21,OK,,,,-293.83,OK,,,,-293.32,OK,,,,173.12,OK,,,,171.98,OK,,,,,,,,,,,,,,,,,
2410120832D,ATKINSON 3.8 OCV,DM1P2,2024-10-12 16:59:32,18.993,23.08,OK,25.69,25.44,OK,26.83,26.81,OK,26.18,26.09,OK,26.61,26.52,OK,26.07,26,OK,25.66,25.6,OK,25.37,25.35,OK,0,0,,0,0,,11.45,OK,11.41,OK,11.53,OK,11.36,OK,11.48,OK,11.55,OK,11.52,OK,0,,0,,10.07,OK,10.45,OK,10.33,OK,10.24,OK,10.24,OK,10.38,OK,10.26,OK,0,,0,,,,81.81,OK,,,,82.09,OK,,,,157.6,OK,,,,157.92,OK,,,,37.8,OK,,,,37.52,OK,,,,,,,,,,,,,,,,,
2410120807C,NEW KAPPAEX1.0,CM2P9,2024-10-12 17:00:05,18.692,27.68,OK,24.83,24.64,OK,21.12,20.89,OK,23.9,23.64,OK,22.24,21.91,OK,21.24,21.19,OK,20.09,19.74,OK,21.84,21.52,OK,0,0,,0,0,,15.36,OK,15.36,OK,15.36,OK,15.36,OK,15.36,OK,15.36,OK,15.36,OK,0,,0,,15.36,OK,15.36,OK,15.36,OK,15.36,OK,15.36,OK,15.36,OK,15.36,OK,0,,0,,,,53.31,OK,,,,53.13,OK,,,,-293.05,OK,,,,-291.73,OK,,,,173.29,OK,,,,172.77,OK,,,,,,,,,,,,,,,,,
2410120833D,ATKINSON 3.8 OCV,DM2P4,2024-10-12 17:00:23,18.988,24.4,OK,31.36,31.29,OK,24.38,24.29,OK,25.69,25.47,OK,27.03,27,OK,26.61,26.56,OK,25.62,25.6,OK,24.09,24.09,OK,0,0,,0,0,,10.79,OK,11.04,OK,10.83,OK,11.44,OK,10.98,OK,11.06,OK,10.82,OK,0,,0,,9.85,OK,9.85,OK,9.81,OK,9.84,OK,9.99,OK,9.82,OK,9.86,OK,0,,0,,,,81.35,OK,,,,81.5,OK,,,,158.11,OK,,,,158.49,OK,,,,37.9,OK,,,,38.08,OK,,,,,,,,,,,,,,,,,
2410120808C,NEW KAPPAEX1.0,CM3P4,2024-10-12 17:00:51,18.686,28.38,OK,27.67,27.27,OK,25.64,25.03,OK,26.59,26.2,OK,26.16,25.43,OK,25.28,24.85,OK,24.78,24.21,OK,24.71,24.1,OK,0,0,,0,0,,0,OK,0,OK,0,OK,0,OK,0,OK,0,OK,0,OK,0,,0,,0,OK,0,OK,0,OK,0,OK,0,OK,0,OK,0,OK,0,,0,,,,53.24,OK,,,,52.48,OK,,,,-293.29,OK,,,,-293.02,OK,,,,173.11,OK,,,,171.63,OK,,,,,,,,,,,,,,,,,
2410120834D,ATKINSON 3.8 OCV,DM3P6,2024-10-12 17:01:15,18.996,21.38,OK,25.31,25.22,OK,25.7,25.68,OK,24.91,24.78,OK,23.29,23.22,OK,26.05,25.98,OK,27.07,27,OK,26.17,26.1,OK,0,0,,0,0,,11.62,OK,11.65,OK,11.54,OK,11.64,OK,11.62,OK,11.66,OK,11.63,OK,0,,0,,12.81,OK,12.8,OK,12.78,OK,12.76,OK,12.9,OK,12.71,OK,12.73,OK,0,,0,,,,82.68,OK,,,,82.89,OK,,,,157.63,OK,,,,157.04,OK,,,,37.4,OK,,,,37.91,OK,,,,,,,,,,,,,,,,,
2410120809C,NEW KAPPAEX1.0,CM4P2,2024-10-12 17:01:37,18.67,28.28,OK,26.46,25.84,OK,23.16,22.89,OK,25.93,24.72,OK,22.23,22.03,OK,25.36,25.25,OK,23.82,23.53,OK,23.35,23,OK,0,0,,0,0,,0,OK,0,OK,0,OK,0,OK,0,OK,0,OK,0,OK,0,,0,,0,OK,0,OK,0,OK,0,OK,0,OK,0,OK,0,OK,0,,0,,,,54.47,OK,,,,54.3,OK,,,,-293.18,OK,,,,-292.43,OK,,,,173.65,OK,,,,173.24,OK,,,,,,,,,,,,,,,,,
2410120835D,ATKINSON 3.8 OCV,DM4P8,2024-10-12 17:02:14,18.987,24.58,OK,24.38,24.31,OK,23.89,23.78,OK,24.13,23.66,OK,25.75,25.7,OK,25.03,25.03,OK,25.29,25.26,OK,24.78,24.73,OK,0,0,,0,0,,12.51,OK,12.62,OK,12.6,OK,12.31,OK,12.65,OK,12.62,OK,12.65,OK,0,,0,,12.45,OK,12.44,OK,12.49,OK,12.46,OK,12.51,OK,12.41,OK,12.5,OK,0,,0,,,,81.84,OK,,,,81.93,OK,,,,157.97,OK,,,,158.16,OK,,,,37.1,OK,,,,37.5,OK,,,,,,,,,,,,,,,,,
2410120810C,NEW KAPPAEX1.0,CM5P1,2024-10-12 17:02:25,18.698,27.21,OK,24.7,24.54,OK,21.91,21.72,OK,22.44,22.17,OK,21.26,21.19,OK,21.74,21.38,OK,22.22,21.81,OK,21.38,21.07,OK,0,0,,0,0,,2.48,OK,2.5,OK,2.49,OK,2.51,OK,2.51,OK,2.51,OK,2.51,OK,0,,0,,2.59,OK,2.44,OK,2.44,OK,2.62,OK,2.44,OK,2.44,OK,2.34,OK,0,,0,,,,54.64,OK,,,,52.35,OK,,,,-292.66,OK,,,,-292.18,OK,,,,171.11,OK,,,,171.8,OK,,,,,,,,,,,,,,,,,
2410120836D,ATKINSON 3.8 OCV,DM5P7,2024-10-12 17:03:09,18.995,22.3,OK,23.81,23.67,OK,25.25,25.22,OK,24.51,24.27,OK,26.5,26.27,OK,26.08,25.99,OK,25.62,25.48,OK,25.34,25.18,OK,0,0,,0,0,,2.11,OK,2.77,OK,2.66,OK,2.7,OK,2.79,OK,2.74,OK,2.77,OK,0,,0,,0.83,OK,0.84,OK,0.87,OK,0.88,OK,0.83,OK,0.88,OK,0.89,OK,0,,0,,,,82.48,OK,,,,82.45,OK,,,,157.94,OK,,,,158.37,OK,,,,37.8,OK,,,,38.13,OK,,,,,,,,,,,,,,,,,
2410120811C,NEW KAPPAEX1.0,CM1P5,2024-10-12 17:03:17,18.684,27.02,OK,25.54,25.4,OK,23.81,23.25,OK,23.51,23.27,OK,23.09,22.6,OK,22.57,22.53,OK,22.92,22.76,OK,23.76,23.37,OK,0,0,,0,0,,6.11,OK,6.79,OK,6.78,OK,6.79,OK,6.9,OK,6.99,OK,6.87,OK,0,,0,,6.28,OK,6.62,OK,6.72,OK,6.79,OK,6.86,OK,6.91,OK,7.42,OK,0,,0,,,,53.68,OK,,,,52.5,OK,,,,-293.1,OK,,,,-292.81,OK,,,,173.36,OK,,,,173.86,OK,,,,,,,,,,,,,,,,,
2410120837D,ATKINSON 3.8 OCV,DM1P1,2024-10-12 17:04:04,18.986,23.36,OK,25.03,24.79,OK,27.91,27.85,OK,25.28,25.01,OK,25.71,25.64,OK,25.69,25.57,OK,25.53,25.37,OK,24.29,24.2,OK,0,0,,0,0,,11.4,OK,11.41,OK,11.37,OK,11.41,OK,11.5,OK,11.61,OK,11.59,OK,0,,0,,10.01,OK,10.17,OK,10.31,OK,10.35,OK,10.34,OK,10.27,OK,10.27,OK,0,,0,,,,82.05,OK,,,,82.4,OK,,,,157.61,OK,,,,158.06,OK,,,,37.23,OK,,,,37.35,OK,,,,,,,,,,,,,,,,,
2410120812C,NEW KAPPAEX1.0,CM2P6,2024-10-12 17:04:06,18.692,27.13,OK,26.93,26.79,OK,23.22,22.73,OK,24.36,24.04,OK,21.68,21.52,OK,23.43,23.31,OK,20.63,20.3,OK,23.83,23.45,OK,0,0,,0,0,,15.36,OK,15.36,OK,15.36,OK,15.36,OK,15.36,OK,15.36,OK,15.36,OK,0,,0,,15.36,OK,15.36,OK,15.36,OK,15.36,OK,15.36,OK,15.36,OK,15.36,OK,0,,0,,,,53.75,OK,,,,53.38,OK,,,,-292.3,OK,,,,-291.84,OK,,,,172.98,OK,,,,173.32,OK,,,,,,,,,,,,,,,,,
2410120813C,NEW KAPPAEX1.0,CM3P7,2024-10-12 17:04:55,18.694,27.2,OK,27.97,27.06,OK,25.86,25.18,OK,25.43,25,OK,25,24.46,OK,24.75,24.35,OK,24.89,24.37,OK,25.86,25.16,OK,0,0,,0,0,,0,OK,0,OK,0,OK,0,OK,0,OK,0,OK,0,OK,0,,0,,0,OK,0,OK,0,OK,0,OK,0,OK,0,OK,0,OK,0,,0,,,,53.15,OK,,,,53.85,OK,,,,-291.79,OK,,,,-291.18,OK,,,,170.74,OK,,,,171.19,OK,,,,,,,,,,,,,,,,,
2410120838D,ATKINSON 3.8 OCV,DM2P5,2024-10-12 17:05:00,18.994,23.18,OK,27.19,27.12,OK,25.01,25.01,OK,23.42,23.2,OK,25.38,25.31,OK,26.54,26.54,OK,25.26,25.11,OK,25.33,25.26,OK,0,0,,0,0,,11.11,OK,10.77,OK,10.75,OK,10.82,OK,10.81,OK,10.79,OK,10.8,OK,0,,0,,9.87,OK,9.97,OK,9.92,OK,9.91,OK,9.96,OK,9.97,OK,9.98,OK,0,,0,,,,81.88,OK,,,,81.93,OK,,,,158.07,OK,,,,158.4,OK,,,,38.27,OK,,,,38.38,OK,,,,,,,,,,,,,,,,,
2410120814C,NEW KAPPAEX1.0,CM4P8,2024-10-12 17:05:43,18.69,27.02,OK,26.32,25.62,OK,23.51,23.24,OK,24.43,23.97,OK,22.19,21.75,OK,23.49,23.44,OK,22.76,22.19,OK,22.98,22.63,OK,0,0,,0,0,,0,OK,0,OK,0,OK,0,OK,0,OK,0,OK,0,OK,0,,0,,0,OK,0,OK,0,OK,0,OK,0,OK,0,OK,0,OK,0,,0,,,,54.43,OK,,,,54.51,OK,,,,-292.79,OK,,,,-292.56,OK,,,,172.24,OK,,,,173.03,OK,,,,,,,,,,,,,,,,,
2410120839D,ATKINSON 3.8 OCV,DM3P3,2024-10-12 17:05:55,18.994,22.67,OK,26.12,26.03,OK,27.77,27.7,OK,26.38,26.21,OK,25.52,25.47,OK,28.23,27.88,OK,27.51,27.4,OK,28.05,27.98,OK,0,0,,0,0,,11.57,OK,11.65,OK,11.62,OK,11.74,OK,11.62,OK,11.75,OK,11.75,OK,0,,0,,12.82,OK,12.8,OK,12.73,OK,12.78,OK,12.83,OK,12.78,OK,12.94,OK,0,,0,,,,82.44,OK,,,,82.09,OK,,,,157.85,OK,,,,158.41,OK,,,,37.61,OK,,,,37.69,OK,,,,,,,,,,,,,,,,,
2410120815C,NEW KAPPAEX1.0,CM5P3,2024-10-12 17:06:32,18.687,27.3,OK,26.5,26.26,OK,22.96,22.67,OK,23.49,23.08,OK,21.24,21.12,OK,23.27,23.13,OK,22.96,22.55,OK,22.05,21.65,OK,0,0,,0,0,,2.49,OK,2.53,OK,2.5,OK,2.51,OK,2.55,OK,2.51,OK,2.52,OK,0,,0,,2.56,OK,2.41,OK,2.45,OK,2.46,OK,2.5,OK,2.43,OK,2.37,OK,0,,0,,,,53.69,OK,,,,53.67,OK,,,,-292.21,OK,,,,-292.24,OK,,,,171.79,OK,,,,173.16,OK,,,,,,,,,,,,,,,,,
2410120840D,ATKINSON 3.8 OCV,DM4P9,2024-10-12 17:06:50,18.998,23.53,OK,23.45,23.31,OK,24.38,24.26,OK,25.03,24.68,OK,25.01,24.96,OK,25.19,25.12,OK,25.33,25.24,OK,25.36,25.29,OK,0,0,,0,0,,12.48,OK,12.54,OK,12.57,OK,12.6,OK,12.65,OK,12.45,OK,12.64,OK,0,,0,,12.26,OK,12.52,OK,12.23,OK,12.41,OK,12.6,OK,12.45,OK,12.45,OK,0,,0,,,,81.88,OK,,,,81.77,OK,,,,158.79,OK,,,,158.46,OK,,,,38.55,OK,,,,37.72,OK,,,,,,,,,,,,,,,,,
2410120816C,NEW KAPPAEX1.0,CM1P9,2024-10-12 17:07:21,18.684,27.42,OK,24.18,24.07,OK,23.81,23.25,OK,23.93,23.81,OK,23.27,22.88,OK,23.27,23.2,OK,24.11,23.69,OK,23.23,23.09,OK,0,0,,0,0,,5.97,OK,6.99,OK,6.96,OK,7.09,OK,7.16,OK,7.24,OK,7.14,OK,0,,0,,6.13,OK,6.32,OK,6.66,OK,6.72,OK,6.67,OK,6.69,OK,6.58,OK,0,,0,,,,54.64,OK,,,,53.15,OK,,,,-294.79,OK,,,,-293.25,OK,,,,171.96,OK,,,,172.17,OK,,,,,,,,,,,,,,,,,
2410120841D,ATKINSON 3.8 OCV,DM5P2,2024-10-12 17:07:45,18.997,24.21,OK,23.67,23.58,OK,24.11,24.04,OK,25.41,24.99,OK,24.51,24.25,OK,24.95,24.81,OK,25.32,25.22,OK,24.13,24.06,OK,0,0,,0,0,,2.15,OK,2.69,OK,2.69,OK,2.79,OK,2.85,OK,2.78,OK,2.64,OK,0,,0,,0.82,OK,0.81,OK,0.87,OK,0.85,OK,0.88,OK,0.85,OK,0.86,OK,0,,0,,,,80.99,OK,,,,81.44,OK,,,,157.61,OK,,,,158.67,OK,,,,38.09,OK,,,,38.21,OK,,,,,,,,,,,,,,,,,
2410120817C,NEW KAPPAEX1.0,CM2P4,2024-10-12 17:08:07,18.692,26.7,OK,24.34,24.08,OK,23.64,23.38,OK,22.87,22.4,OK,22.89,22.66,OK,22.31,22.24,OK,22.31,21.94,OK,22.22,21.98,OK,0,0,,0,0,,15.36,OK,15.36,OK,15.36,OK,15.36,OK,15.36,OK,15.36,OK,15.36,OK,0,,0,,15.36,OK,15.36,OK,15.36,OK,15.36,OK,15.36,OK,15.36,OK,15.36,OK,0,,0,,,,53.95,OK,,,,53.28,OK,,,,-292.64,OK,,,,-291.32,OK,,,,171.39,OK,,,,171.96,OK,,,,,,,,,,,,,,,,,
2410120842D,ATKINSON 3.8 OCV,DM1P4,2024-10-12 17:08:37,18.999,23.08,OK,26.5,26.11,OK,28.36,28.25,OK,26.2,25.62,OK,28.36,28.25,OK,26.97,26.88,OK,25.89,25.69,OK,26.45,26.34,OK,0,0,,0,0,,11.33,OK,11.42,OK,11.44,OK,11.35,OK,11.5,OK,11.45,OK,11.49,OK,0,,0,,10.16,OK,10.44,OK,10.54,OK,10.34,OK,10.32,OK,10.3,OK,10.3,OK,0,,0,,,,81.54,OK,,,,81.59,OK,,,,157.6,OK,,,,158.03,OK,,,,37.89,OK,,,,37.95,OK,,,,,,,,,,,,,,,,,
2410120818C,NEW KAPPAEX1.0,CM3P2,2024-10-12 17:08:55,18.684,26.82,OK,26.93,26.11,OK,25.95,25.14,OK,26.72,26.32,OK,26.36,25.82,OK,25.57,25.07,OK,25.93,25.3,OK,25.18,24.32,OK,0,0,,0,0,,0,OK,0,OK,0,OK,0,OK,0,OK,0,OK,0,OK,0,,0,,0,OK,0,OK,0,OK,0,OK,0,OK,0,OK,0,OK,0,,0,,,,53.33,OK,,,,53.33,OK,,,,-292.06,OK,,,,-293.54,OK,,,,173.23,OK,,,,170.39,OK,,,,,,,,,,,,,,,,,
2410120843D,ATKINSON 3.8 OCV,DM2P6,2024-10-12 17:09:29,18.991,24.07,OK,26.35,26.27,OK,24.48,24.41,OK,23.42,23.22,OK,27,26.93,OK,28.14,28.04,OK,26.06,26.01,OK,24.51,24.48,OK,0,0,,0,0,,10.78,OK,10.72,OK,11.27,OK,11.31,OK,10.71,OK,11.01,OK,10.81,OK,0,,0,,9.86,OK,9.75,OK,9.94,OK,9.86,OK,9.96,OK,9.81,OK,9.8,OK,0,,0,,,,82.7,OK,,,,82.83,OK,,,,157.48,OK,,,,157.02,OK,,,,37.61,OK,,,,38.23,OK,,,,,,,,,,,,,,,,,
2410120819C,NEW KAPPAEX1.0,CM4P1,2024-10-12 17:09:41,18.684,26.62,OK,24.39,23.97,OK,23.68,23.53,OK,24.34,23.73,OK,22.85,22.69,OK,23.42,23.35,OK,23.33,22.96,OK,22.87,22.61,OK,0,0,,0,0,,0,OK,0,OK,0,OK,0,OK,0,OK,0,OK,0,OK,0,,0,,0,OK,0,OK,0,OK,0,OK,0,OK,0,OK,0,OK,0,,0,,,,53.93,OK,,,,53.18,OK,,,,-291.88,OK,,,,-292.88,OK,,,,173.13,OK,,,,173.06,OK,,,,,,,,,,,,,,,,,
2410120844D,ATKINSON 3.8 OCV,DM3P8,2024-10-12 17:10:25,18.988,24.82,OK,28.81,28.72,OK,26.31,26.26,OK,26.7,26.52,OK,24.08,24.06,OK,26.79,26.72,OK,28.21,28.19,OK,26.4,26.31,OK,0,0,,0,0,,11.57,OK,11.61,OK,11.47,OK,11.6,OK,11.62,OK,11.66,OK,11.62,OK,0,,0,,12.83,OK,12.8,OK,12.6,OK,12.6,OK,12.79,OK,12.59,OK,12.59,OK,0,,0,,,,81.44,OK,,,,81.79,OK,,,,157.93,OK,,,,158.4,OK,,,,37.12,OK,,,,37.38,OK,,,,,,,,,,,,,,,,,
2410120820C,NEW KAPPAEX1.0,CM5P5,2024-10-12 17:10:29,18.694,27.01,OK,26.02,25.92,OK,23.73,23.53,OK,22.96,22.75,OK,21.29,21.15,OK,22.22,22.05,OK,23.06,22.79,OK,23.25,22.96,OK,0,0,,0,0,,2.54,OK,2.55,OK,2.52,OK,2.52,OK,2.56,OK,2.56,OK,2.53,OK,0,,0,,2.59,OK,2.45,OK,2.46,OK,2.52,OK,2.47,OK,2.51,OK,2.39,OK,0,,0,,,,52.7,OK,,,,53.76,OK,,,,-292.55,OK,,,,-292.85,OK,,,,171.75,OK,,,,172.9,OK,,,,,,,,,,,,,,,,,
2410120821C,NEW KAPPAEX1.0,CM1P6,2024-10-12 17:11:15,18.694,27.01,OK,27.15,27.05,OK,23.23,22.62,OK,24.67,24.51,OK,24.28,24.02,OK,23.23,23.13,OK,23.39,23.04,OK,23.53,23.13,OK,0,0,,0,0,,6.03,OK,7.17,OK,7.05,OK,7.16,OK,7.36,OK,7.27,OK,7.32,OK,0,,0,,6.21,OK,6.49,OK,6.56,OK,6.59,OK,6.67,OK,6.79,OK,6.58,OK,0,,0,,,,51.88,OK,,,,53.64,OK,,,,-293.04,OK,,,,-292.61,OK,,,,174.02,OK,,,,173.46,OK,,,,,,,,,,,,,,,,,
2410120845D,ATKINSON 3.8 OCV,DM4P7,2024-10-12 17:11:20,18.983,22.5,OK,23.31,23.17,OK,23.94,23.85,OK,23.78,23.38,OK,26.12,26.07,OK,24.59,24.52,OK,25.49,25.4,OK,25.05,24.96,OK,0,0,,0,0,,12.5,OK,12.59,OK,12.5,OK,12.6,OK,12.47,OK,12.54,OK,12.63,OK,0,,0,,12.42,OK,12.48,OK,12.49,OK,12.49,OK,12.43,OK,12.44,OK,12.49,OK,0,,0,,,,82.12,OK,,,,82.7,OK,,,,158.21,OK,,,,158.03,OK,,,,37.65,OK,,,,37.91,OK,,,,,,,,,,,,,,,,,
2410120822C,NEW KAPPAEX1.0,CM2P7,2024-10-12 17:12:00,18.697,26.98,OK,25.32,25.13,OK,23.9,23.69,OK,23.8,23.38,OK,22.43,22.36,OK,22.78,22.75,OK,21.56,21.14,OK,23.87,23.66,OK,0,0,,0,0,,15.36,OK,15.36,OK,15.36,OK,15.36,OK,15.36,OK,15.36,OK,15.36,OK,0,,0,,15.36,OK,15.36,OK,15.36,OK,15.36,OK,15.36,OK,15.36,OK,15.36,OK,0,,0,,,,54.86,OK,,,,53.27,OK,,,,-292.32,OK,,,,-293.22,OK,,,,171.11,OK,,,,171.95,OK,,,,,,,,,,,,,,,,,
2410120846D,ATKINSON 3.8 OCV,DM5P1,2024-10-12 17:12:12,18.99,24.41,OK,23.35,23.23,OK,24.85,24.78,OK,23.42,22.93,OK,24.95,24.83,OK,24.97,24.83,OK,24.67,24.51,OK,25.22,25.04,OK,0,0,,0,0,,2.12,OK,2.69,OK,2.68,OK,2.71,OK,2.82,OK,2.75,OK,2.73,OK,0,,0,,0.79,OK,0.82,OK,0.85,OK,0.79,OK,0.85,OK,0.87,OK,0.86,OK,0,,0,,,,81.45,OK,,,,81.55,OK,,,,158.14,OK,,,,158.97,OK,,,,38.12,OK,,,,38.15,OK,,,,,,,,,,,,,,,,,
2410120823C,NEW KAPPAEX1.0,CM3P8,2024-10-12 17:12:53,18.683,26.12,OK,29.1,28.42,OK,26.18,25.84,OK,26.68,26.25,OK,27.13,26.16,OK,26.66,26.32,OK,26.93,26.07,OK,28.08,27.4,OK,0,0,,0,0,,0,OK,0,OK,0,OK,0,OK,0,OK,0,OK,0,OK,0,,0,,0,OK,0,OK,0,OK,0,OK,0,OK,0,OK,0,OK,0,,0,,,,52.06,OK,,,,52.69,OK,,,,-291.37,OK,,,,-292.55,OK,,,,172.14,OK,,,,171.78,OK,,,,,,,,,,,,,,,,,
2410120847D,ATKINSON 3.8 OCV,DM1P5,2024-10-12 17:13:07,18.985,25.1,OK,26.02,25.73,OK,28.14,28.07,OK,25.33,24.7,OK,27.31,27.22,OK,26.77,26.63,OK,25.98,25.89,OK,25.84,25.73,OK,0,0,,0,0,,11.32,OK,11.37,OK,11.34,OK,11.43,OK,11.45,OK,11.56,OK,11.74,OK,0,,0,,10.16,OK,10.27,OK,10.52,OK,10.49,OK,10.44,OK,10.45,OK,10.27,OK,0,,0,,,,81.87,OK,,,,81.6,OK,,,,157.78,OK,,,,158.21,OK,,,,37.83,OK,,,,38.05,OK,,,,,,,,,,,,,,,,,
2410120824C,NEW KAPPAEX1.0,CM4P3,2024-10-12 17:13:38,18.687,26.52,OK,28.88,28.13,OK,26.1,25.88,OK,26.24,25.2,OK,26.06,25.75,OK,26.24,26.17,OK,25.64,25.36,OK,24.37,23.97,OK,0,0,,0,0,,0,OK,0,OK,0,OK,0,OK,0,OK,0,OK,0,OK,0,,0,,0,OK,0,OK,0,OK,0,OK,0,OK,0,OK,0,OK,0,,0,,,,54.18,OK,,,,54.1,OK,,,,-292.81,OK,,,,-291.33,OK,,,,172.57,OK,,,,173.29,OK,,,,,,,,,,,,,,,,,
2410120848D,ATKINSON 3.8 OCV,DM2P3,2024-10-12 17:13:59,18.989,23.98,OK,27.92,27.8,OK,26.52,26.44,OK,25.67,25.35,OK,26.69,26.61,OK,27.85,27.82,OK,27.53,27.49,OK,26.73,26.66,OK,0,0,,0,0,,11.01,OK,10.85,OK,10.8,OK,10.73,OK,10.8,OK,10.81,OK,10.83,OK,0,,0,,9.94,OK,9.9,OK,9.82,OK,9.86,OK,9.97,OK,9.88,OK,9.86,OK,0,,0,,,,82.35,OK,,,,82.1,OK,,,,158.13,OK,,,,158.5,OK,,,,37.95,OK,,,,38.06,OK,,,,,,,,,,,,,,,,,
2410120825C,NEW KAPPAEX1.0,CM5P9,2024-10-12 17:14:24,18.683,26.31,OK,27.45,27.14,OK,24.42,24.18,OK,23.25,22.96,OK,21.86,21.77,OK,23.1,22.96,OK,23.77,23.44,OK,23.1,22.79,OK,0,0,,0,0,,2.56,OK,2.55,OK,2.53,OK,2.56,OK,2.63,OK,2.56,OK,2.56,OK,0,,0,,2.6,OK,2.46,OK,2.48,OK,2.5,OK,2.62,OK,2.51,OK,2.37,OK,0,,0,,,,53.85,OK,,,,53.65,OK,,,,-292.91,OK,,,,-293.07,OK,,,,172.67,OK,,,,173.66,OK,,,,,,,,,,,,,,,,,
2410120849D,ATKINSON 3.8 OCV,DM3P9,2024-10-12 17:14:54,18.99,21.53,OK,28.21,28.12,OK,25.94,25.87,OK,26.28,26.19,OK,24.52,24.5,OK,29.18,29.18,OK,27.65,27.61,OK,26.63,26.56,OK,0,0,,0,0,,11.58,OK,11.61,OK,11.46,OK,11.61,OK,11.68,OK,11.62,OK,11.42,OK,0,,0,,12.8,OK,12.6,OK,12.6,OK,12.69,OK,12.6,OK,12.62,OK,12.7,OK,0,,0,,,,81.65,OK,,,,81.85,OK,,,,158.06,OK,,,,158.29,OK,,,,37.79,OK,,,,37.54,OK,,,,,,,,,,,,,,,,,
2410120826C,NEW KAPPAEX1.0,CM1P4,2024-10-12 17:15:09,18.689,26.9,OK,24.28,24,OK,23.48,22.97,OK,24.07,23.86,OK,23.23,22.6,OK,21.99,21.85,OK,22.5,22.2,OK,23.34,22.83,OK,0,0,,0,0,,6.04,OK,6.72,OK,6.69,OK,6.77,OK,6.91,OK,7.56,OK,7.24,OK,0,,0,,6.43,OK,6.82,OK,6.88,OK,7.04,OK,7.29,OK,6.58,OK,6.42,OK,0,,0,,,,53.16,OK,,,,51.98,OK,,,,-293.79,OK,,,,-292.7,OK,,,,171.6,OK,,,,171.74,OK,,,,,,,,,,,,,,,,,
2410120850D,ATKINSON 3.8 OCV,DM4P2,2024-10-12 17:15:53,18.993,21.66,OK,23.85,23.71,OK,24.29,24.24,OK,23.78,23.55,OK,24.84,24.78,OK,24.66,24.61,OK,26.35,26.31,OK,24.2,24.15,OK,0,0,,0,0,,12.31,OK,12.45,OK,12.63,OK,12.45,OK,12.63,OK,12.63,OK,12.63,OK,0,,0,,12.42,OK,12.44,OK,12.48,OK,12.44,OK,12.35,OK,12.47,OK,12.47,OK,0,,0,,,,82.08,OK,,,,82.51,OK,,,,157.95,OK,,,,157.91,OK,,,,37.39,OK,,,,37.3,OK,,,,,,,,,,,,,,,,,
2410120827C,NEW KAPPAEX1.0,CM2P2,2024-10-12 17:15:58,18.684,27.07,OK,23.8,23.64,OK,22.85,22.5,OK,24.74,24.34,OK,22.71,22.52,OK,21.94,21.75,OK,22.92,22.54,OK,23.27,22.96,OK,0,0,,0,0,,15.36,OK,15.36,OK,15.36,OK,15.36,OK,15.36,OK,15.36,OK,15.36,OK,0,,0,,15.36,OK,15.36,OK,15.36,OK,15.36,OK,15.36,OK,15.36,OK,15.36,OK,0,,0,,,,54.16,OK,,,,54.9,OK,,,,-292.91,OK,,,,-292.44,OK,,,,173.18,OK,,,,172.66,OK,,,,,,,,,,,,,,,,,
2410120828C,NEW KAPPAEX1.0,CM3P1,2024-10-12 17:16:43,18.693,27.2,OK,30.59,29.69,OK,25.5,24.91,OK,26.77,26.43,OK,26.25,25.93,OK,26.38,25.98,OK,24.42,23.56,OK,25.82,24.96,OK,0,0,,0,0,,0,OK,0,OK,0,OK,0,OK,0,OK,0,OK,0,OK,0,,0,,0,OK,0,OK,0,OK,0,OK,0,OK,0,OK,0,OK,0,,0,,,,53.8,OK,,,,53.36,OK,,,,-292.48,OK,,,,-291.12,OK,,,,171.86,OK,,,,172.69,OK,,,,,,,,,,,,,,,,,
2410120852D,ATKINSON 3.8 OCV,DM1P6,2024-10-12 17:16:45,18.982,24.51,OK,25.55,25.39,OK,27.19,27.08,OK,25.6,25.39,OK,28.12,28.05,OK,27.17,27.15,OK,26.07,26.05,OK,25.62,25.57,OK,0,0,,0,0,,11.32,OK,11.44,OK,11.43,OK,11.65,OK,11.61,OK,11.66,OK,11.48,OK,0,,0,,10.02,OK,10.4,OK,10.51,OK,10.5,OK,10.41,OK,10.29,OK,10.3,OK,0,,0,,,,82.31,OK,,,,82.52,OK,,,,157.54,OK,,,,157.44,OK,,,,37.76,OK,,,,38.2,OK,,,,,,,,,,,,,,,,,
2410120829C,NEW KAPPAEX1.0,CM4P5,2024-10-12 17:17:35,18.684,27.21,OK,25.55,24.78,OK,23.31,23.09,OK,25.14,24.32,OK,22.54,22.21,OK,24.48,24.37,OK,22.61,22.03,OK,22.3,21.77,OK,0,0,,0,0,,0,OK,0,OK,0,OK,0,OK,0,OK,0,OK,0,OK,0,,0,,0,OK,0,OK,0,OK,0,OK,0,OK,0,OK,0,OK,0,,0,,,,52.96,OK,,,,53.24,OK,,,,-293.28,OK,,,,-291.93,OK,,,,170.98,OK,,,,172.75,OK,,,,,,,,,,,,,,,,,
2410120853D,ATKINSON 3.8 OCV,DM2P8,2024-10-12 17:17:43,18.982,21.86,OK,25.06,25.01,OK,23.59,23.54,OK,22.37,22.18,OK,24.6,24.55,OK,24.26,24.22,OK,23.76,23.68,OK,23.95,23.95,OK,0,0,,0,0,,10.74,OK,10.78,OK,10.73,OK,10.75,OK,10.88,OK,10.81,OK,10.8,OK,0,,0,,9.79,OK,9.8,OK,9.86,OK,9.89,OK,9.82,OK,9.78,OK,9.81,OK,0,,0,,,,82.02,OK,,,,81.93,OK,,,,158.17,OK,,,,158.39,OK,,,,37.65,OK,,,,38.07,OK,,,,,,,,,,,,,,,,,
2410120830C,NEW KAPPAEX1.0,CM5P6,2024-10-12 17:18:21,18.684,27.61,OK,26.38,26.21,OK,23.1,22.84,OK,22.91,22.63,OK,21.43,21.36,OK,22.77,22.53,OK,22.15,21.91,OK,22.22,21.93,OK,0,0,,0,0,,2.55,OK,2.51,OK,2.51,OK,2.5,OK,2.57,OK,2.55,OK,2.51,OK,0,,0,,2.92,OK,2.41,OK,2.46,OK,2.46,OK,2.65,OK,2.48,OK,2.43,OK,0,,0,,,,53.32,OK,,,,52.4,OK,,,,-292.35,OK,,,,-292.72,OK,,,,170.86,OK,,,,172.58,OK,,,,,,,,,,,,,,,,,
2410120854D,ATKINSON 3.8 OCV,DM3P7,2024-10-12 17:18:35,18.995,23.02,OK,25.66,25.61,OK,25.47,25.36,OK,24.94,24.71,OK,23.45,23.43,OK,26.56,26.42,OK,25.87,25.87,OK,26.1,25.96,OK,0,0,,0,0,,11.51,OK,11.59,OK,11.61,OK,11.73,OK,11.48,OK,11.8,OK,11.65,OK,0,,0,,12.82,OK,12.78,OK,12.86,OK,12.9,OK,12.76,OK,12.81,OK,12.9,OK,0,,0,,,,82.33,OK,,,,82.74,OK,,,,157.68,OK,,,,158.08,OK,,,,37.28,OK,,,,37.66,OK,,,,,,,,,,,,,,,,,
2410120831C,NEW KAPPAEX1.0,CM1P7,2024-10-12 17:19:06,18.684,27.61,OK,22.69,22.57,OK,23.27,22.71,OK,23.51,23.27,OK,22.04,21.83,OK,23.04,23.04,OK,22.29,21.9,OK,24.16,23.95,OK,0,0,,0,0,,5.98,OK,6.72,OK,6.78,OK,6.72,OK,6.87,OK,6.96,OK,7.27,OK,0,,0,,6.32,OK,6.76,OK,6.6,OK,6.75,OK,7.46,OK,6.57,OK,6.51,OK,0,,0,,,,53.9,OK,,,,53.19,OK,,,,-293.45,OK,,,,-292.98,OK,,,,173.08,OK,,,,173.55,OK,,,,,,,,,,,,,,,,,
2410120855D,ATKINSON 3.8 OCV,DM4P1,2024-10-12 17:19:31,18.989,22.61,OK,24.24,24.13,OK,22.25,22.15,OK,24.87,24.61,OK,25.19,25.03,OK,24.64,24.52,OK,24.57,24.5,OK,24.43,24.36,OK,0,0,,0,0,,12.45,OK,12.5,OK,12.41,OK,12.49,OK,12.55,OK,12.42,OK,12.66,OK,0,,0,,11.9,OK,12.64,OK,12.34,OK,12.53,OK,12.68,OK,12.43,OK,12.46,OK,0,,0,,,,81.98,OK,,,,82.03,OK,,,,157.94,OK,,,,158.36,OK,,,,37.8,OK,,,,37.98,OK,,,,,,,,,,,,,,,,,
2410120832C,NEW KAPPAEX1.0,CM2P8,2024-10-12 17:19:55,18.691,27.37,OK,24.08,23.9,OK,23.22,22.94,OK,23.41,23.03,OK,23.2,22.94,OK,21.77,21.68,OK,22.33,21.98,OK,22.5,22.33,OK,0,0,,0,0,,15.36,OK,15.36,OK,15.36,OK,15.36,OK,15.36,OK,15.36,OK,15.36,OK,0,,0,,15.36,OK,15.36,OK,15.36,OK,15.36,OK,15.36,OK,15.36,OK,15.36,OK,0,,0,,,,53.71,OK,,,,52.8,OK,,,,-292.16,OK,,,,-291.9,OK,,,,171.12,OK,,,,173.08,OK,,,,,,,,,,,,,,,,,
2410120856D,ATKINSON 3.8 OCV,DM1P3,2024-10-12 17:20:23,18.992,22.23,OK,23.8,23.66,OK,27.58,27.15,OK,25.39,25.06,OK,26.92,26.83,OK,25.51,25.46,OK,26.34,26.16,OK,24.81,24.74,OK,0,0,,0,0,,11.51,OK,11.43,OK,11.42,OK,11.54,OK,11.7,OK,11.47,OK,11.46,OK,0,,0,,10,OK,10.29,OK,10.33,OK,10.26,OK,10.21,OK,10.31,OK,10.04,OK,0,,0,,,,82.52,OK,,,,82.12,OK,,,,158.05,OK,,,,158.08,OK,,,,37.59,OK,,,,37.82,OK,,,,,,,,,,,,,,,,,
2410120833C,NEW KAPPAEX1.0,CM3P3,2024-10-12 17:20:44,18.687,28.2,OK,27.88,27.47,OK,27.49,26.97,OK,26.61,26.18,OK,27.13,26.63,OK,25.32,25.05,OK,26.72,26.09,OK,25.57,24.85,OK,0,0,,0,0,,0,OK,0,OK,0,OK,0,OK,0,OK,0,OK,0,OK,0,,0,,0,OK,0,OK,0,OK,0,OK,0,OK,0,OK,0,OK,0,,0,,,,52.99,OK,,,,54.48,OK,,,,-292.33,OK,,,,-292.73,OK,,,,173.31,OK,,,,172.76,OK,,,,,,,,,,,,,,,,,
2410120857D,ATKINSON 3.8 OCV,DM2P9,2024-10-12 17:21:18,18.998,23.6,OK,28.14,28.09,OK,23.8,23.73,OK,23.08,22.81,OK,25.77,25.69,OK,25.69,25.64,OK,24.22,24.17,OK,24.17,24.14,OK,0,0,,0,0,,10.83,OK,11.07,OK,10.76,OK,10.75,OK,10.72,OK,10.72,OK,10.81,OK,0,,0,,9.84,OK,9.85,OK,9.96,OK,9.84,OK,9.87,OK,9.9,OK,9.96,OK,0,,0,,,,81.79,OK,,,,82.06,OK,,,,158.4,OK,,,,158.4,OK,,,,38.52,OK,,,,38.12,OK,,,,,,,,,,,,,,,,,
2410120834C,NEW KAPPAEX1.0,CM4P9,2024-10-12 17:21:32,18.696,27.81,OK,24.85,24.28,OK,23.11,22.94,OK,25.29,24.85,OK,23,22.76,OK,24.7,24.65,OK,22.98,22.67,OK,24.23,23.62,OK,0,0,,0,0,,0,OK,0,OK,0,OK,0,OK,0,OK,0,OK,0,OK,0,,0,,0,OK,0,OK,0,OK,0,OK,0,OK,0,OK,0,OK,0,,0,,,,54.52,OK,,,,53.77,OK,,,,-293.02,OK,,,,-292.86,OK,,,,171.5,OK,,,,173.77,OK,,,,,,,,,,,,,,,,,
2410120858D,ATKINSON 3.8 OCV,DM3P2,2024-10-12 17:22:10,18.988,23.9,OK,26.33,26.31,OK,25.49,25.45,OK,25.98,25.66,OK,23.24,23.2,OK,26.21,26.14,OK,25.84,25.77,OK,25.63,25.49,OK,0,0,,0,0,,11.43,OK,11.61,OK,11.62,OK,11.32,OK,11.71,OK,11.27,OK,11.63,OK,0,,0,,12.76,OK,12.8,OK,12.82,OK,12.8,OK,12.8,OK,12.83,OK,12.83,OK,0,,0,,,,81.82,OK,,,,81.96,OK,,,,157.62,OK,,,,158.15,OK,,,,37.57,OK,,,,37.47,OK,,,,,,,,,,,,,,,,,
2410120835C,NEW KAPPAEX1.0,CM5P4,2024-10-12 17:22:18,18.691,28.7,OK,24.7,24.61,OK,22.17,21.84,OK,22.03,21.81,OK,20.17,20.09,OK,23.34,23.13,OK,22.91,22.7,OK,21.81,21.53,OK,0,0,,0,0,,2.52,OK,2.53,OK,2.51,OK,2.51,OK,2.61,OK,2.54,OK,2.53,OK,0,,0,,3.03,OK,2.45,OK,2.46,OK,2.46,OK,2.7,OK,2.49,OK,2.39,OK,0,,0,,,,54.42,OK,,,,52.4,OK,,,,-292.4,OK,,,,-292.47,OK,,,,172.7,OK,,,,172.23,OK,,,,,,,,,,,,,,,,,
2410120859D,ATKINSON 3.8 OCV,DM4P5,2024-10-12 17:23:05,18.995,24.41,OK,23.38,23.15,OK,24.08,23.96,OK,24.84,24.36,OK,25.4,25.24,OK,25.1,25.01,OK,24.94,24.87,OK,24.96,24.87,OK,0,0,,0,0,,12.45,OK,12.5,OK,12.54,OK,12.51,OK,12.56,OK,12.49,OK,12.67,OK,0,,0,,12.54,OK,12.35,OK,12.57,OK,12.37,OK,12.46,OK,12.45,OK,12.53,OK,0,,0,,,,81.59,OK,,,,82.04,OK,,,,157.8,OK,,,,158.21,OK,,,,37.75,OK,,,,37.67,OK,,,,,,,,,,,,,,,,,
2410120836C,NEW KAPPAEX1.0,CM1P2,2024-10-12 17:23:07,18.698,27.61,OK,22.06,21.94,OK,22.39,22.06,OK,24.02,23.86,OK,22.76,22.22,OK,21.52,21.48,OK,23.51,23.27,OK,22.08,21.9,OK,0,0,,0,0,,6.01,OK,6.88,OK,6.81,OK,6.75,OK,6.99,OK,6.98,OK,6.94,OK,0,,0,,6.05,OK,6.36,OK,6.46,OK,6.49,OK,6.59,OK,6.58,OK,6.58,OK,0,,0,,,,54.48,OK,,,,53.44,OK,,,,-292.63,OK,,,,-292.51,OK,,,,173.27,OK,,,,173.06,OK,,,,,,,,,,,,,,,,,
2410120837C,NEW KAPPAEX1.0,CM2P1,2024-10-12 17:23:52,18.698,27.61,OK,23.92,23.66,OK,23.17,23.01,OK,23.9,23.64,OK,22.59,22.45,OK,22.96,22.92,OK,21.38,21.12,OK,21.47,21.24,OK,0,0,,0,0,,15.36,OK,15.36,OK,15.36,OK,15.36,OK,15.36,OK,15.36,OK,15.36,OK,0,,0,,15.36,OK,15.36,OK,15.36,OK,15.36,OK,15.36,OK,15.36,OK,15.36,OK,0,,0,,,,54,OK,,,,52.04,OK,,,,-292.63,OK,,,,-292.06,OK,,,,173.17,OK,,,,171.34,OK,,,,,,,,,,,,,,,,,
2410120860D,ATKINSON 3.8 OCV,DM1P6,2024-10-12 17:24:00,18.99,22.12,OK,26.45,26.38,OK,27.62,27.51,OK,26.07,25.78,OK,26.63,26.59,OK,25.21,25.21,OK,26.38,26.32,OK,25.89,25.75,OK,0,0,,0,0,,11.27,OK,11.42,OK,11.45,OK,11.31,OK,11.45,OK,11.42,OK,11.46,OK,0,,0,,9.97,OK,10.29,OK,10.38,OK,10.27,OK,10.17,OK,10.05,OK,10.11,OK,0,,0,,,,82.86,OK,,,,82.62,OK,,,,157.29,OK,,,,156.91,OK,,,,37.54,OK,,,,38,OK,,,,,,,,,,,,,,,,,
2410120838C,NEW KAPPAEX1.0,CM3P5,2024-10-12 17:24:41,18.696,28.63,OK,28.6,28.24,OK,26.86,26.36,OK,27.18,26.75,OK,27.79,26.93,OK,25.55,25.25,OK,25.48,24.62,OK,25.75,24.91,OK,0,0,,0,0,,0,OK,0,OK,0,OK,0,OK,0,OK,0,OK,0,OK,0,,0,,0,OK,0,OK,0,OK,0,OK,0,OK,0,OK,0,OK,0,,0,,,,52.63,OK,,,,53.24,OK,,,,-292.47,OK,,,,-292.18,OK,,,,173.19,OK,,,,171.62,OK,,,,,,,,,,,,,,,,,
2410120861D,ATKINSON 3.8 OCV,DM2P8,2024-10-12 17:24:52,18.989,22.95,OK,27.05,26.95,OK,24.46,24.36,OK,24.14,23.95,OK,26.61,26.56,OK,24.72,24.68,OK,24.31,24.31,OK,23.39,23.29,OK,0,0,,0,0,,10.77,OK,10.73,OK,11.04,OK,11.01,OK,11.46,OK,11.39,OK,10.82,OK,0,,0,,9.95,OK,9.86,OK,9.93,OK,9.98,OK,10.03,OK,10.04,OK,10,OK,0,,0,,,,81.35,OK,,,,81.79,OK,,,,157.96,OK,,,,158.5,OK,,,,37.74,OK,,,,37.99,OK,,,,,,,,,,,,,,,,,
2410120839C,NEW KAPPAEX1.0,CM4P6,2024-10-12 17:25:27,18.696,28.52,OK,25.84,25.25,OK,24.01,23.79,OK,24.61,24.17,OK,23.07,22.85,OK,24.34,24.34,OK,23.66,23.11,OK,22.56,22.01,OK,0,0,,0,0,,0,OK,0,OK,0,OK,0,OK,0,OK,0,OK,0,OK,0,,0,,0,OK,0,OK,0,OK,0,OK,0,OK,0,OK,0,OK,0,,0,,,,53.11,OK,,,,53.55,OK,,,,-294.15,OK,,,,-293.33,OK,,,,173.47,OK,,,,174,OK,,,,,,,,,,,,,,,,,
2410120862D,ATKINSON 3.8 OCV,DM3P7,2024-10-12 17:25:48,18.985,23.28,OK,26.61,26.47,OK,25.4,25.31,OK,25.73,25.24,OK,23.48,23.45,OK,27,26.93,OK,27.26,27.21,OK,26.54,26.49,OK,0,0,,0,0,,11,OK,11.59,OK,11.62,OK,11.6,OK,11.77,OK,11.72,OK,11.74,OK,0,,0,,12.78,OK,12.81,OK,12.77,OK,12.78,OK,12.81,OK,12.76,OK,12.79,OK,0,,0,,,,82.4,OK,,,,82.89,OK,,,,157.65,OK,,,,157.95,OK,,,,37.26,OK,,,,37.41,OK,,,,,,,,,,,,,,,,,
2410120841C,NEW KAPPAEX1.0,CM1P8,2024-10-12 17:26:19,18.686,28.06,OK,24.04,23.81,OK,23.3,23.02,OK,23.69,23.46,OK,21.17,20.73,OK,22.95,22.9,OK,22.04,21.59,OK,22.71,22.39,OK,0,0,,0,0,,5.85,OK,6.82,OK,6.7,OK,6.78,OK,6.89,OK,6.99,OK,6.83,OK,0,,0,,6.08,OK,6.43,OK,6.51,OK,6.56,OK,6.54,OK,6.78,OK,7.15,OK,0,,0,,,,53.84,OK,,,,52.67,OK,,,,-292.68,OK,,,,-293.95,OK,,,,173.26,OK,,,,173.19,OK,,,,,,,,,,,,,,,,,
2410120863D,ATKINSON 3.8 OCV,DM4P1,2024-10-12 17:26:43,18.988,21.82,OK,24.08,23.87,OK,23.43,23.41,OK,23.99,23.71,OK,25.61,25.54,OK,25.91,25.87,OK,25.29,25.22,OK,24.4,24.26,OK,0,0,,0,0,,12.44,OK,12.51,OK,12.5,OK,12.6,OK,12.47,OK,12.5,OK,12.61,OK,0,,0,,12.4,OK,12.32,OK,12.37,OK,12.33,OK,12.3,OK,12.45,OK,12.39,OK,0,,0,,,,82.12,OK,,,,82.4,OK,,,,157.36,OK,,,,157.77,OK,,,,37.03,OK,,,,36.99,OK,,,,,,,,,,,,,,,,,
2410120842C,NEW KAPPAEX1.0,CM2P3,2024-10-12 17:27:24,18.698,28.17,OK,23.55,23.36,OK,23.08,22.61,OK,23.57,23.17,OK,23.31,23.08,OK,23.01,22.92,OK,22.89,22.47,OK,23.24,22.99,OK,0,0,,0,0,,15.36,OK,15.36,OK,15.36,OK,15.36,OK,15.36,OK,15.36,OK,15.36,OK,0,,0,,15.36,OK,15.36,OK,15.36,OK,15.36,OK,15.36,OK,15.36,OK,15.36,OK,0,,0,,,,53.78,OK,,,,52.09,OK,,,,-292.05,OK,,,,-292.46,OK,,,,171.88,OK,,,,171.19,OK,,,,,,,,,,,,,,,,,
2410120864D,ATKINSON 3.8 OCV,DM1P3,2024-10-12 17:27:38,18.991,23.91,OK,25.24,25.01,OK,28.36,28.16,OK,25.44,25.19,OK,27.42,27.31,OK,26.88,26.81,OK,26.52,26.45,OK,25.87,25.84,OK,0,0,,0,0,,11.31,OK,11.42,OK,11.37,OK,11.7,OK,11.42,OK,11.6,OK,11.44,OK,0,,0,,9.93,OK,10.36,OK,10.32,OK,10.51,OK,10.39,OK,10.1,OK,10.17,OK,0,,0,,,,82.39,OK,,,,82.11,OK,,,,157.39,OK,,,,158.11,OK,,,,37.88,OK,,,,38.14,OK,,,,,,,,,,,,,,,,,
2410120843C,NEW KAPPAEX1.0,CM3P9,2024-10-12 17:28:12,18.686,27.88,OK,28.06,27.27,OK,26.59,26.02,OK,26.02,25.71,OK,25.98,25.39,OK,25.77,25.39,OK,26.45,25.43,OK,25.68,24.87,OK,0,0,,0,0,,0,OK,0,OK,0,OK,0,OK,0,OK,0,OK,0,OK,0,,0,,0,OK,0,OK,0,OK,0,OK,0,OK,0,OK,0,OK,0,,0,,,,52.33,OK,,,,52.9,OK,,,,-292.87,OK,,,,-292.81,OK,,,,172.23,OK,,,,173.08,OK,,,,,,,,,,,,,,,,,
2410120865D,ATKINSON 3.8 OCV,DM2P9,2024-10-12 17:28:33,18.998,24.11,OK,29.21,29.11,OK,24.72,24.6,OK,24.58,24.29,OK,27.24,27.19,OK,27.8,27.78,OK,26.13,26.06,OK,25.67,25.57,OK,0,0,,0,0,,10.77,OK,10.77,OK,10.72,OK,10.77,OK,11,OK,10.71,OK,10.81,OK,0,,0,,10.19,OK,10.11,OK,10.23,OK,10.05,OK,10.21,OK,10.16,OK,10.13,OK,0,,0,,,,81.5,OK,,,,81.87,OK,,,,158.37,OK,,,,158.96,OK,,,,38.47,OK,,,,38.08,OK,,,,,,,,,,,,,,,,,
2410120844C,NEW KAPPAEX1.0,CM4P4,2024-10-12 17:29:01,18.69,28.48,OK,29.23,28.35,OK,22.87,22.65,OK,23.49,23,OK,22.58,22.17,OK,23.24,23.16,OK,22.06,21.75,OK,22.1,21.75,OK,0,0,,0,0,,0,OK,0,OK,0,OK,0,OK,0,OK,0,OK,0,OK,0,,0,,0,OK,0,OK,0,OK,0,OK,0,OK,0,OK,0,OK,0,,0,,,,53.27,OK,,,,53.8,OK,,,,-293.4,OK,,,,-293.18,OK,,,,172.03,OK,,,,172.14,OK,,,,,,,,,,,,,,,,,
2410120866D,ATKINSON 3.8 OCV,DM3P2,2024-10-12 17:29:25,18.999,24.32,OK,26.33,26.24,OK,25.7,25.59,OK,25.49,24.98,OK,24.71,24.71,OK,26.31,26.21,OK,27.14,27.07,OK,26.28,26.24,OK,0,0,,0,0,,10.97,OK,11.55,OK,11.16,OK,11.47,OK,11.48,OK,11.48,OK,11.31,OK,0,,0,,12.78,OK,12.8,OK,12.91,OK,12.91,OK,12.93,OK,12.88,OK,12.89,OK,0,,0,,,,81.89,OK,,,,82.26,OK,,,,157.18,OK,,,,158.13,OK,,,,37.63,OK,,,,37.5,OK,,,,,,,,,,,,,,,,,
2410120845C,,C,2024-10-12 17:29:50,18.698,27.36,OK,,,,,,,,,,,,,,,,,,,,,,,,,,,,,,,,,,,,,,,,,,,,,,,,,,,,,,,,,,,,,,,,,,53.49,OK,,,,51.36,OK,,,,-292.11,OK,,,,-292.71,OK,,,,172.77,OK,,,,171.44,OK,,,,,,,,,,,,,,,,,
2410120867D,ATKINSON 3.8 OCV,DM4P4,2024-10-12 17:30:21,18.984,24.43,OK,25.01,25.01,OK,24.17,24.03,OK,26.42,26.19,OK,26.54,26.31,OK,26.19,26.05,OK,25.47,25.31,OK,25.66,25.56,OK,0,0,,0,0,,12.3,OK,12.47,OK,12.34,OK,12.51,OK,12.4,OK,12.3,OK,12.63,OK,0,,0,,12.6,OK,12.62,OK,12.61,OK,12.57,OK,12.46,OK,12.45,OK,12.48,OK,0,,0,,,,81.62,OK,,,,81.66,OK,,,,157.93,OK,,,,158.36,OK,,,,37.6,OK,,,,37.74,OK,,,,,,,,,,,,,,,,,
2410120846C,NEW KAPPAEX1.0,CM2P1,2024-10-12 17:30:58,18.691,27.86,OK,25.27,24.88,OK,22.01,21.59,OK,22.5,22.1,OK,22.75,22.57,OK,21.05,21.05,OK,22.17,21.77,OK,21.68,21.54,OK,0,0,,0,0,,15.36,OK,15.36,OK,15.36,OK,15.36,OK,15.36,OK,15.36,OK,15.36,OK,0,,0,,15.36,OK,15.36,OK,15.36,OK,15.36,OK,15.36,OK,15.36,OK,15.36,OK,0,,0,,,,53.04,OK,,,,51.8,OK,,,,-291.98,OK,,,,-291.68,OK,,,,171.72,OK,,,,171.95,OK,,,,,,,,,,,,,,,,,
2410120868D,ATKINSON 3.8 OCV,DM1P6,2024-10-12 17:31:16,18.985,23.28,OK,25.71,25.53,OK,27.46,27.4,OK,25.46,25.39,OK,26.59,26.5,OK,25.84,25.84,OK,25.98,25.93,OK,26.36,26.25,OK,0,0,,0,0,,11.43,OK,11.41,OK,11.6,OK,11.43,OK,11.47,OK,11.5,OK,11.49,OK,0,,0,,9.97,OK,10.33,OK,10.28,OK,10.32,OK,10.21,OK,10.33,OK,10.36,OK,0,,0,,,,82.66,OK,,,,82.68,OK,,,,157.21,OK,,,,156.81,OK,,,,37.63,OK,,,,38.27,OK,,,,,,,,,,,,,,,,,
2410120847C,NEW KAPPAEX1.0,CM3P5,2024-10-12 17:31:44,18.694,27.21,OK,28.29,27.56,OK,27.54,26.93,OK,26.66,26.18,OK,26.43,26.04,OK,27.43,27.02,OK,25.37,24.73,OK,27.49,26.93,OK,0,0,,0,0,,0,OK,0,OK,0,OK,0,OK,0,OK,0,OK,0,OK,0,,0,,0,OK,0,OK,0,OK,0,OK,0,OK,0,OK,0,OK,0,,0,,,,52.83,OK,,,,52.13,OK,,,,-291.7,OK,,,,-291.57,OK,,,,171.24,OK,,,,170.73,OK,,,,,,,,,,,,,,,,,
2410120869D,ATKINSON 3.8 OCV,DM2P8,2024-10-12 17:32:11,18.996,23.65,OK,27.85,27.8,OK,24.97,24.82,OK,24.68,24.55,OK,27.15,27.05,OK,26.32,26.3,OK,25.31,25.21,OK,26.27,26.18,OK,0,0,,0,0,,10.74,OK,10.92,OK,10.79,OK,11.29,OK,10.78,OK,10.74,OK,10.8,OK,0,,0,,10.07,OK,10.09,OK,10.2,OK,10.07,OK,10.14,OK,10.08,OK,10.15,OK,0,,0,,,,81.51,OK,,,,81.68,OK,,,,158.38,OK,,,,158.43,OK,,,,37.75,OK,,,,38.11,OK,,,,,,,,,,,,,,,,,
2410120870D,ATKINSON 3.8 OCV,DM3P7,2024-10-12 17:33:06,18.983,22.68,OK,27.05,26.93,OK,26.4,26.4,OK,26.26,26.05,OK,25.03,24.98,OK,28,27.93,OK,26.42,26.33,OK,26.47,26.45,OK,0,0,,0,0,,11.41,OK,11.62,OK,11.61,OK,11.6,OK,11.78,OK,11.61,OK,11.7,OK,0,,0,,12.78,OK,12.81,OK,12.84,OK,12.83,OK,12.81,OK,12.77,OK,12.83,OK,0,,0,,,,81.99,OK,,,,82.42,OK,,,,157.6,OK,,,,158.71,OK,,,,37.33,OK,,,,37.64,OK,,,,,,,,,,,,,,,,,
2410120848C,NEW KAPPAEX1.0,CM4P6,2024-10-12 17:33:21,18.683,26.51,OK,24.26,23.42,OK,22.94,22.61,OK,24.96,24.52,OK,23.33,22.98,OK,23.73,23.68,OK,23.35,22.85,OK,21.55,20.85,OK,0,0,,0,0,,0,OK,0,OK,0,OK,0,OK,0,OK,0,OK,0,OK,0,,0,,0,OK,0,OK,0,OK,0,OK,0,OK,0,OK,0,OK,0,,0,,,,52.63,OK,,,,51.68,OK,,,,-293.88,OK,,,,-292.18,OK,,,,175.15,NG,,,,173.32,OK,,,,,,,,,,,,,,,,,
2410120871D,ATKINSON 3.8 OCV,DM4P1,2024-10-12 17:34:02,18.989,23.86,OK,26.07,25.87,OK,24.08,24.03,OK,24.4,24.29,OK,25.68,25.45,OK,25.56,25.31,OK,24.96,24.94,OK,25.03,24.98,OK,0,0,,0,0,,12.48,OK,12.49,OK,12.46,OK,12.62,OK,12.58,OK,12.49,OK,12.65,OK,0,,0,,12.34,OK,12.12,OK,12.35,OK,12.35,OK,12.44,OK,12.46,OK,12.34,OK,0,,0,,,,82.03,OK,,,,82.19,OK,,,,158.08,OK,,,,158.33,OK,,,,38.14,OK,,,,37.94,OK,,,,,,,,,,,,,,,,,
2410120851C,NEW KAPPAEX1.0,CM3P9,2024-10-12 17:34:10,18.699,26.98,OK,27.79,26.88,OK,26.38,25.82,OK,26.2,25.77,OK,27.22,26.38,OK,26.2,25.73,OK,26,25.43,OK,25.43,24.8,OK,0,0,,0,0,,0,OK,0,OK,0,OK,0,OK,0,OK,0,OK,0,OK,0,,0,,0,OK,0,OK,0,OK,0,OK,0,OK,0,OK,0,OK,0,,0,,,,52.45,OK,,,,52.72,OK,,,,-292.87,OK,,,,-292.34,OK,,,,172.63,OK,,,,173,OK,,,,,,,,,,,,,,,,,
2410120852C,NEW KAPPAEX1.0,CM4P4,2024-10-12 17:34:55,18.698,26.02,OK,25.97,25.27,OK,23.95,23.6,OK,23.49,23.11,OK,22.96,22.8,OK,24.52,24.45,OK,23.6,23,OK,24.01,23.24,OK,0,0,,0,0,,0,OK,0,OK,0,OK,0,OK,0,OK,0,OK,0,OK,0,,0,,0,OK,0,OK,0,OK,0,OK,0,OK,0,OK,0,OK,0,,0,,,,53.56,OK,,,,52.02,OK,,,,-293.37,OK,,,,-292.67,OK,,,,172.47,OK,,,,172.27,OK,,,,,,,,,,,,,,,,,
2410120872D,ATKINSON 3.8 OCV,DM1P3,2024-10-12 17:34:57,18.985,23.73,OK,26.23,25.98,OK,27.85,27.67,OK,27.1,26.97,OK,27.96,27.44,OK,27.85,27.78,OK,25.89,25.84,OK,26.38,26.36,OK,0,0,,0,0,,11.34,OK,11.41,OK,11.43,OK,11.37,OK,11.43,OK,11.45,OK,11.49,OK,0,,0,,10.01,OK,10.32,OK,10.48,OK,10.33,OK,10.26,OK,10.19,OK,10.35,OK,0,,0,,,,82.63,OK,,,,81.96,OK,,,,157.8,OK,,,,158.22,OK,,,,37.6,OK,,,,37.77,OK,,,,,,,,,,,,,,,,,
2410120853C,NEW KAPPAEX1.0,CM1P2,2024-10-12 17:35:44,18.688,26.9,OK,22.64,22.55,OK,22.6,22.15,OK,24.95,24.72,OK,22.64,22.34,OK,24,23.9,OK,23.02,22.78,OK,23.55,23.34,OK,0,0,,0,0,,6.05,OK,6.82,OK,6.81,OK,6.7,OK,6.97,OK,7.69,OK,7.14,OK,0,,0,,6.34,OK,6.59,OK,6.87,OK,6.9,OK,7.25,OK,6.62,OK,6.53,OK,0,,0,,,,53.81,OK,,,,51.69,OK,,,,-292.86,OK,,,,-292.64,OK,,,,172.96,OK,,,,171.03,OK,,,,,,,,,,,,,,,,,
2410120873D,ATKINSON 3.8 OCV,DM2P9,2024-10-12 17:35:52,18.994,24,OK,25.67,25.6,OK,24.43,24.36,OK,23.37,23.1,OK,26.93,26.88,OK,26.81,26.73,OK,25.09,25.06,OK,24.12,24.07,OK,0,0,,0,0,,10.77,OK,10.73,OK,11.14,OK,10.99,OK,11.39,OK,10.75,OK,10.8,OK,0,,0,,10.1,OK,10.06,OK,10.07,OK,10.15,OK,10.15,OK,10.15,OK,10.14,OK,0,,0,,,,81.63,OK,,,,81.86,OK,,,,158.46,OK,,,,158.36,OK,,,,38.49,OK,,,,38.2,OK,,,,,,,,,,,,,,,,,
2410120854C,NEW KAPPAEX1.0,CM2P1,2024-10-12 17:36:33,18.686,27.23,OK,23.27,23.08,OK,23.01,22.8,OK,23.55,23.29,OK,22.17,21.87,OK,23.99,23.92,OK,21.73,21.24,OK,21.61,21.45,OK,0,0,,0,0,,15.36,OK,15.36,OK,15.36,OK,15.36,OK,15.36,OK,15.36,OK,15.36,OK,0,,0,,15.36,OK,15.36,OK,15.36,OK,15.36,OK,15.36,OK,15.36,OK,15.36,OK,0,,0,,,,52.94,OK,,,,53.44,OK,,,,-293.45,OK,,,,-291.76,OK,,,,172.97,OK,,,,171.04,OK,,,,,,,,,,,,,,,,,
2410120874D,ATKINSON 3.8 OCV,DM3P2,2024-10-12 17:36:47,18.989,23.26,OK,26.63,26.58,OK,24.52,24.45,OK,24.98,24.87,OK,22.8,22.76,OK,25.73,25.73,OK,27.07,26.96,OK,25.4,25.33,OK,0,0,,0,0,,11.3,OK,11.53,OK,11.5,OK,11.47,OK,11.57,OK,11.28,OK,11.63,OK,0,,0,,12.79,OK,12.78,OK,12.83,OK,12.83,OK,12.79,OK,12.81,OK,12.81,OK,0,,0,,,,81.51,OK,,,,82.21,OK,,,,157.56,OK,,,,158.11,OK,,,,37.49,OK,,,,37.18,OK,,,,,,,,,,,,,,,,,
2410120849C,NEW KAPPAEX1.0,CM1P8,2024-10-12 17:37:18,18.69,27.38,OK,24.39,24.18,OK,22.46,22.04,OK,22.83,22.69,OK,22.22,21.78,OK,23.39,23.32,OK,21.73,21.24,OK,22.5,22.32,OK,0,0,,0,0,,6.25,OK,6.81,OK,6.7,OK,6.76,OK,6.82,OK,6.9,OK,7.18,OK,0,,0,,6.26,OK,6.49,OK,6.62,OK,6.72,OK,6.78,OK,6.52,OK,6.46,OK,0,,0,,,,53.78,OK,,,,52.82,OK,,,,-292.61,OK,,,,-293.28,OK,,,,173.67,OK,,,,173.29,OK,,,,,,,,,,,,,,,,,
2410120875D,ATKINSON 3.8 OCV,DM4P4,2024-10-12 17:37:40,18.982,21.5,OK,25.84,25.61,OK,24.64,24.61,OK,25.52,25.38,OK,27.61,27.44,OK,26.79,26.68,OK,25.87,25.8,OK,26.33,26.26,OK,0,0,,0,0,,12.45,OK,12.59,OK,12.61,OK,12.6,OK,12.59,OK,12.48,OK,12.63,OK,0,,0,,12.55,OK,12.38,OK,12.38,OK,12.34,OK,12.45,OK,12.43,OK,12.48,OK,0,,0,,,,82.07,OK,,,,82,OK,,,,157.79,OK,,,,158.14,OK,,,,37.48,OK,,,,37.58,OK,,,,,,,,,,,,,,,,,
2410120855C,NEW KAPPAEX1.0,CM3P5,2024-10-12 17:38:10,18.684,26.66,OK,26.75,26.02,OK,26.36,25.46,OK,26.7,26.25,OK,26,25,OK,25.37,24.96,OK,24.87,24.05,OK,27.04,26.2,OK,0,0,,0,0,,0,OK,0,OK,0,OK,0,OK,0,OK,0,OK,0,OK,0,,0,,0,OK,0,OK,0,OK,0,OK,0,OK,0,OK,0,OK,0,,0,,,,53.18,OK,,,,52.13,OK,,,,-292.59,OK,,,,-291.84,OK,,,,172.39,OK,,,,172.24,OK,,,,,,,,,,,,,,,,,
2410120876D,ATKINSON 3.8 OCV,DM1P6,2024-10-12 17:38:31,18.988,24.22,OK,24.99,24.81,OK,27.22,27.1,OK,26.88,26.65,OK,27.78,27.76,OK,26.77,26.74,OK,26.61,26.5,OK,24.94,24.85,OK,0,0,,0,0,,11.4,OK,11.45,OK,11.44,OK,11.55,OK,11.4,OK,11.44,OK,11.59,OK,0,,0,,10.11,OK,10.27,OK,10.36,OK,10.38,OK,10.2,OK,10.27,OK,10.29,OK,0,,0,,,,82.82,OK,,,,82.63,OK,,,,157.3,OK,,,,157.15,OK,,,,37.64,OK,,,,37.98,OK,,,,,,,,,,,,,,,,,
2410120856C,NEW KAPPAEX1.0,CM4P6,2024-10-12 17:38:56,18.698,26.78,OK,26.43,26.04,OK,22.91,22.58,OK,25.84,25.14,OK,22.89,22.25,OK,25.25,25.14,OK,23.82,23.33,OK,23.22,22.87,OK,0,0,,0,0,,0,OK,0,OK,0,OK,0,OK,0,OK,0,OK,0,OK,0,,0,,0,OK,0,OK,0,OK,0,OK,0,OK,0,OK,0,OK,0,,0,,,,53.55,OK,,,,53.36,OK,,,,-293.34,OK,,,,-293.18,OK,,,,174.06,OK,,,,173.59,OK,,,,,,,,,,,,,,,,,
2410120877D,ATKINSON 3.8 OCV,DM2P8,2024-10-12 17:39:27,18.988,22.37,OK,28.28,28.24,OK,23.76,23.76,OK,23.22,23.05,OK,24.05,24,OK,26.32,26.27,OK,23.54,23.44,OK,24.29,24.24,OK,0,0,,0,0,,10.78,OK,11.07,OK,10.75,OK,10.86,OK,10.78,OK,10.85,OK,10.83,OK,0,,0,,10.16,OK,10.18,OK,10.28,OK,10.05,OK,10.17,OK,10.18,OK,10.15,OK,0,,0,,,,81.44,OK,,,,81.75,OK,,,,158.52,OK,,,,158.81,OK,,,,37.87,OK,,,,38.15,OK,,,,,,,,,,,,,,,,,
2410120857C,NEW KAPPAEX1.0,CM1P8,2024-10-12 17:39:41,18.692,26.52,OK,22.04,21.83,OK,22.71,22.29,OK,23.76,23.53,OK,22.25,21.97,OK,22.57,22.46,OK,22.15,21.87,OK,22.36,22.2,OK,0,0,,0,0,,5.88,OK,6.7,OK,6.66,OK,7.26,OK,7.53,OK,7.07,OK,6.98,OK,0,,0,,6.45,OK,6.91,OK,7.3,OK,7.35,OK,6.51,OK,6.64,OK,6.33,OK,0,,0,,,,53.91,OK,,,,53.02,OK,,,,-293.04,OK,,,,-294.62,OK,,,,173.25,OK,,,,173.32,OK,,,,,,,,,,,,,,,,,
2410120878D,ATKINSON 3.8 OCV,DM3P7,2024-10-12 17:40:22,18.998,23.55,OK,27.58,27.47,OK,26.89,26.82,OK,25.82,25.68,OK,25.36,25.33,OK,26.68,26.47,OK,28.84,28.79,OK,26.03,25.98,OK,0,0,,0,0,,11.4,OK,11.62,OK,11.6,OK,11.46,OK,11.6,OK,11.5,OK,11.48,OK,0,,0,,12.77,OK,12.81,OK,12.82,OK,12.75,OK,12.92,OK,12.76,OK,12.72,OK,0,,0,,,,82.44,OK,,,,82.95,OK,,,,157.61,OK,,,,158.41,OK,,,,37.1,OK,,,,37.42,OK,,,,,,,,,,,,,,,,,
2410120860C,NEW KAPPAEX1.0,CM4P4,2024-10-12 17:40:30,18.689,26.71,OK,23.95,23.55,OK,22.8,22.45,OK,24.19,23.64,OK,22.41,22.17,OK,23.49,23.42,OK,22.67,22.21,OK,22.01,21.51,OK,0,0,,0,0,,0,OK,0,OK,0,OK,0,OK,0,OK,0,OK,0,OK,0,,0,,0,OK,0,OK,0,OK,0,OK,0,OK,0,OK,0,OK,0,,0,,,,53.5,OK,,,,53.55,OK,,,,-292.72,OK,,,,-293.05,OK,,,,170.46,OK,,,,173.43,OK,,,,,,,,,,,,,,,,,
2410120879D,ATKINSON 3.8 OCV,DM4P1,2024-10-12 17:41:14,18.994,24.16,OK,24.89,24.84,OK,23.48,23.43,OK,24.91,24.61,OK,26.14,26.1,OK,24.94,24.82,OK,25.75,25.59,OK,25.54,25.47,OK,0,0,,0,0,,12.51,OK,12.3,OK,12.06,OK,12.47,OK,12.39,OK,12.33,OK,12.64,OK,0,,0,,12.45,OK,12.41,OK,12.63,OK,12.07,OK,12.12,OK,12.45,OK,12.38,OK,0,,0,,,,81.97,OK,,,,82.12,OK,,,,158.02,OK,,,,158.48,OK,,,,37.62,OK,,,,37.59,OK,,,,,,,,,,,,,,,,,
2410120859C,NEW KAPPAEX1.0,CM3P9,2024-10-12 17:41:16,18.687,27.6,OK,27.04,26.41,OK,26.43,25.61,OK,26.75,26.41,OK,26.5,25.89,OK,23.53,23.26,OK,24.53,23.92,OK,25.61,24.66,OK,0,0,,0,0,,0,OK,0,OK,0,OK,0,OK,0,OK,0,OK,0,OK,0,,0,,0,OK,0,OK,0,OK,0,OK,0,OK,0,OK,0,OK,0,,0,,,,52.22,OK,,,,52.11,OK,,,,-293.12,OK,,,,-291.84,OK,,,,171.88,OK,,,,172.01,OK,,,,,,,,,,,,,,,,,
2410120858C,NEW KAPPAEX1.0,CM2P3,2024-10-12 17:42:04,18.685,27.18,OK,23.71,23.5,OK,23.92,23.71,OK,25.34,25.06,OK,23.43,23.13,OK,23.87,23.78,OK,23.22,22.89,OK,24.08,23.9,OK,0,0,,0,0,,15.36,OK,15.36,OK,15.36,OK,15.36,OK,15.36,OK,15.36,OK,15.36,OK,0,,0,,15.36,OK,15.36,OK,15.36,OK,15.36,OK,15.36,OK,15.36,OK,15.36,OK,0,,0,,,,53,OK,,,,53.56,OK,,,,-291.78,OK,,,,-291.54,OK,,,,171.43,OK,,,,171.87,OK,,,,,,,,,,,,,,,,,
2410120880D,ATKINSON 3.8 OCV,DM1P3,2024-10-12 17:42:09,18.983,23.55,OK,28.66,28.48,OK,28.68,28.43,OK,26.95,26.72,OK,27.37,27.01,OK,25.69,25.66,OK,25.51,25.39,OK,26.25,26.2,OK,0,0,,0,0,,11.44,OK,11.45,OK,11.65,OK,11.42,OK,11.51,OK,11.48,OK,11.5,OK,0,,0,,10.08,OK,10.29,OK,10.33,OK,9.98,OK,10.11,OK,10.24,OK,10.21,OK,0,,0,,,,82.6,OK,,,,82.13,OK,,,,157.94,OK,,,,158.34,OK,,,,37.44,OK,,,,37.72,OK,,,,,,,,,,,,,,,,,
2410120840C,NEW KAPPAEX1.0,CM5P7,2024-10-12 17:42:50,18.684,27.42,OK,24.73,24.56,OK,23.15,22.91,OK,22.67,22.46,OK,20.57,20.5,OK,20.98,20.74,OK,23.99,23.53,OK,22.72,22.44,OK,0,0,,0,0,,2.48,OK,2.5,OK,2.52,OK,2.5,OK,2.48,OK,2.51,OK,2.52,OK,0,,0,,2.62,OK,2.51,OK,2.41,OK,2.42,OK,2.49,OK,2.52,OK,2.43,OK,0,,0,,,,53.55,OK,,,,53.41,OK,,,,-292.76,OK,,,,-293.02,OK,,,,172.06,OK,,,,172.43,OK,,,,,,,,,,,,,,,,,
2410120881D,ATKINSON 3.8 OCV,DM2P9,2024-10-12 17:43:08,18.996,22.7,OK,28.12,28.04,OK,26.15,26.03,OK,24,23.78,OK,26.59,26.52,OK,28.58,28.5,OK,26.95,26.83,OK,24.43,24.41,OK,0,0,,0,0,,11.1,OK,11.11,OK,10.83,OK,11.43,OK,10.72,OK,10.95,OK,10.81,OK,0,,0,,10.19,OK,10.17,OK,9.99,OK,10.14,OK,10.18,OK,10.16,OK,9.91,OK,0,,0,,,,81.57,OK,,,,81.9,OK,,,,158.58,OK,,,,158.62,OK,,,,38.59,OK,,,,38.25,OK,,,,,,,,,,,,,,,,,
2410120861C,,C,2024-10-12 17:43:42,18.683,27.25,OK,,,,,,,,,,,,,,,,,,,,,,,,,,,,,,,,,,,,,,,,,,,,,,,,,,,,,,,,,,,,,,,,,,53.81,OK,,,,52.04,OK,,,,-292.41,OK,,,,-292.63,OK,,,,173.99,OK,,,,172.63,OK,,,,,,,,,,,,,,,,,
2410120882D,ATKINSON 3.8 OCV,DM3P2,2024-10-12 17:44:03,18.996,22.7,OK,28.3,28.21,OK,24.94,24.87,OK,24.54,24.29,OK,24.03,23.96,OK,25.96,25.89,OK,25.52,25.45,OK,25.12,24.98,OK,0,0,,0,0,,11.55,OK,11.51,OK,11.61,OK,11.47,OK,11.64,OK,11.47,OK,11.47,OK,0,,0,,12.77,OK,12.81,OK,12.83,OK,12.9,OK,12.9,OK,12.8,OK,12.9,OK,0,,0,,,,81.83,OK,,,,82.62,OK,,,,156.94,OK,,,,157.45,OK,,,,36.85,OK,,,,36.56,OK,,,,,,,,,,,,,,,,,
2410120862C,NEW KAPPAEX1.0,CM2P1,2024-10-12 17:44:27,18.699,26.23,OK,21.31,21,OK,21.8,21.4,OK,22.36,21.98,OK,22.31,22.03,OK,21.77,21.73,OK,19.98,19.67,OK,22.68,22.36,OK,0,0,,0,0,,15.36,OK,15.36,OK,15.36,OK,15.36,OK,15.36,OK,15.36,OK,15.36,OK,0,,0,,15.36,OK,15.36,OK,15.36,OK,15.36,OK,15.36,OK,15.36,OK,15.36,OK,0,,0,,,,53.29,OK,,,,52.87,OK,,,,-292.91,OK,,,,-291.55,OK,,,,173.13,OK,,,,171.84,OK,,,,,,,,,,,,,,,,,
2410120883D,ATKINSON 3.8 OCV,DM4P4,2024-10-12 17:44:58,18.989,23.86,OK,25.45,25.38,OK,23.15,23.1,OK,26.03,25.82,OK,25.91,25.75,OK,25.59,25.56,OK,25.01,24.91,OK,26.12,25.98,OK,0,0,,0,0,,12.5,OK,12.03,OK,12.24,OK,12.46,OK,12.12,OK,12.31,OK,12.64,OK,0,,0,,12.41,OK,12.47,OK,12.42,OK,12.48,OK,12.47,OK,12.45,OK,12.35,OK,0,,0,,,,82.4,OK,,,,82.76,OK,,,,157.14,OK,,,,157.63,OK,,,,37.04,OK,,,,36.95,OK,,,,,,,,,,,,,,,,,
2410120863C,NEW KAPPAEX1.0,CM3P6,2024-10-12 17:45:16,18.698,27.68,OK,28.4,27.65,OK,26.72,26.16,OK,26.04,25.61,OK,26.88,25.86,OK,25.71,25.46,OK,24.75,24.05,OK,26.16,25.64,OK,0,0,,0,0,,0,OK,0,OK,0,OK,0,OK,0,OK,0,OK,0,OK,0,,0,,0,OK,0,OK,0,OK,0,OK,0,OK,0,OK,0,OK,0,,0,,,,52.92,OK,,,,54.15,OK,,,,-292.79,OK,,,,-291.18,OK,,,,171.84,OK,,,,172.13,OK,,,,,,,,,,,,,,,,,
2410120884D,ATKINSON 3.8 OCV,DM1P6,2024-10-12 17:45:50,18.998,23.22,OK,24.31,24.11,OK,26.86,26.72,OK,25.78,25.53,OK,26.11,26.07,OK,25.66,25.6,OK,26.97,26.9,OK,26.14,25.98,OK,0,0,,0,0,,11.45,OK,11.42,OK,11.43,OK,11.41,OK,11.49,OK,11.46,OK,11.48,OK,0,,0,,9.94,OK,10.4,OK,10.49,OK,10.36,OK,10.34,OK,10.35,OK,10.18,OK,0,,0,,,,83.82,OK,,,,83.83,OK,,,,156.15,OK,,,,156.41,OK,,,,36.8,OK,,,,37.17,OK,,,,,,,,,,,,,,,,,
2410120864C,NEW KAPPAEX1.0,CM4P8,2024-10-12 17:46:02,18.688,27.8,OK,24.89,24.63,OK,22.76,22.52,OK,24.48,24.06,OK,23.09,22.87,OK,23.95,23.9,OK,22.69,22.45,OK,23.31,23.09,OK,0,0,,0,0,,0,OK,0,OK,0,OK,0,OK,0,OK,0,OK,0,OK,0,,0,,0,OK,0,OK,0,OK,0,OK,0,OK,0,OK,0,OK,0,,0,,,,53.7,OK,,,,53.3,OK,,,,-292.43,OK,,,,-292.65,OK,,,,172.8,OK,,,,173.59,OK,,,,,,,,,,,,,,,,,
2410120885D,ATKINSON 3.8 OCV,DM2P8,2024-10-12 17:46:45,18.983,24.01,OK,29.59,29.5,OK,25.45,25.45,OK,23.76,23.51,OK,28.19,28.12,OK,28.6,28.58,OK,24.41,24.38,OK,25.18,25.16,OK,0,0,,0,0,,10.72,OK,10.79,OK,11.15,OK,10.71,OK,10.75,OK,10.79,OK,10.8,OK,0,,0,,10.15,OK,10.16,OK,10.14,OK,10.15,OK,10.14,OK,10.14,OK,10.15,OK,0,,0,,,,82.3,OK,,,,82.57,OK,,,,157.6,OK,,,,157.66,OK,,,,36.87,OK,,,,37.26,OK,,,,,,,,,,,,,,,,,
2410120865C,NEW KAPPAEX1.0,CM5P5,2024-10-12 17:46:50,18.686,27.47,OK,23.82,23.44,OK,21.38,21.22,OK,21.93,21.55,OK,19.88,19.78,OK,22.22,21.98,OK,22.84,22.39,OK,21.07,20.79,OK,0,0,,0,0,,2.44,OK,2.57,OK,2.46,OK,2.46,OK,2.46,OK,2.56,OK,2.49,OK,0,,0,,2.52,OK,2.47,OK,2.4,OK,2.41,OK,2.47,OK,2.68,OK,2.35,OK,0,,0,,,,53.56,OK,,,,53.57,OK,,,,-292.16,OK,,,,-292.32,OK,,,,171.9,OK,,,,171.6,OK,,,,,,,,,,,,,,,,,
2410120866C,NEW KAPPAEX1.0,CM1P3,2024-10-12 17:47:36,18.684,27.9,OK,23.67,23.51,OK,23.06,22.53,OK,24.04,23.79,OK,23.58,22.85,OK,21.66,21.62,OK,22.81,22.64,OK,23.44,23.3,OK,0,0,,0,0,,5.89,OK,7.03,OK,6.86,OK,6.83,OK,7.02,OK,7.12,OK,6.89,OK,0,,0,,6.06,OK,6.53,OK,6.65,OK,6.64,OK,6.62,OK,6.71,OK,6.92,OK,0,,0,,,,53.36,OK,,,,54.58,OK,,,,-292.91,OK,,,,-293.04,OK,,,,172.53,OK,,,,171.68,OK,,,,,,,,,,,,,,,,,
2410120886D,ATKINSON 3.8 OCV,DM3P7,2024-10-12 17:47:37,18.995,24.05,OK,29.74,29.67,OK,24.96,24.94,OK,24.68,24.57,OK,23.8,23.75,OK,27.77,27.61,OK,25.89,25.89,OK,25.49,25.36,OK,0,0,,0,0,,10.93,OK,11.54,OK,11.56,OK,11.67,OK,11.56,OK,11.72,OK,11.48,OK,0,,0,,12.8,OK,12.8,OK,12.75,OK,12.78,OK,12.65,OK,12.89,OK,12.92,OK,0,,0,,,,83.2,OK,,,,83.74,OK,,,,156.58,OK,,,,157.23,OK,,,,36.55,OK,,,,36.97,OK,,,,,,,,,,,,,,,,,
2410120867C,NEW KAPPAEX1.0,CM2P7,2024-10-12 17:48:25,18.699,27.06,OK,23.43,23.17,OK,23.8,23.52,OK,23.45,23.1,OK,21.45,21.17,OK,23.13,23.03,OK,21.77,21.47,OK,22.08,21.87,OK,0,0,,0,0,,15.36,OK,15.36,OK,15.36,OK,15.36,OK,15.36,OK,15.36,OK,15.36,OK,0,,0,,15.36,OK,15.36,OK,15.36,OK,15.36,OK,15.36,OK,15.36,OK,15.36,OK,0,,0,,,,54.08,OK,,,,53.14,OK,,,,-292.15,OK,,,,-292.68,OK,,,,171.15,OK,,,,172.61,OK,,,,,,,,,,,,,,,,,
2410120887D,ATKINSON 3.8 OCV,DM4P1,2024-10-12 17:48:29,18.998,23.13,OK,23.8,23.68,OK,23.71,23.71,OK,23.2,22.92,OK,24.17,24.08,OK,23.55,23.38,OK,24.24,24.22,OK,24.1,23.87,OK,0,0,,0,0,,12.45,OK,12.48,OK,12.6,OK,12.56,OK,12.49,OK,12.46,OK,12.65,OK,0,,0,,12.23,OK,12.5,OK,11.88,OK,12.65,OK,12.46,OK,12.45,OK,11.64,OK,0,,0,,,,82.69,OK,,,,83.14,OK,,,,157.06,OK,,,,157.39,OK,,,,36.9,OK,,,,37.05,OK,,,,,,,,,,,,,,,,,
2410120868C,NEW KAPPAEX1.0,CM3P9,2024-10-12 17:49:10,18.693,27.76,OK,26.47,25.86,OK,26.36,25.73,OK,27.56,27.24,OK,26.27,25.52,OK,26.16,25.75,OK,26.43,25.84,OK,26.18,25.46,OK,0,0,,0,0,,0,OK,0,OK,0,OK,0,OK,0,OK,0,OK,0,OK,0,,0,,0,OK,0,OK,0,OK,0,OK,0,OK,0,OK,0,OK,0,,0,,,,53.76,OK,,,,52.34,OK,,,,-293.67,OK,,,,-291.52,OK,,,,171.74,OK,,,,172.08,OK,,,,,,,,,,,,,,,,,
2410120888D,ATKINSON 3.8 OCV,DM1P3,2024-10-12 17:49:25,18.994,23.4,OK,26.41,26.07,OK,28.63,28.54,OK,26.07,25.42,OK,28.12,27.89,OK,26.36,26.32,OK,26.02,26,OK,25.42,25.35,OK,0,0,,0,0,,11.38,OK,11.4,OK,11.5,OK,11.4,OK,11.55,OK,11.52,OK,11.52,OK,0,,0,,9.94,OK,10.45,OK,10.34,OK,10,OK,10.2,OK,10.32,OK,10.35,OK,0,,0,,,,83.49,OK,,,,82.93,OK,,,,156.8,OK,,,,157.44,OK,,,,36.58,OK,,,,36.95,OK,,,,,,,,,,,,,,,,,
2410120869C,NEW KAPPAEX1.0,CM4P4,2024-10-12 17:50:02,18.699,27.05,OK,27.18,26.63,OK,23.42,23.09,OK,24.7,24.17,OK,23.79,23.18,OK,23.97,23.86,OK,23.2,22.74,OK,22.89,22.45,OK,0,0,,0,0,,0,OK,0,OK,0,OK,0,OK,0,OK,0,OK,0,OK,0,,0,,0,OK,0,OK,0,OK,0,OK,0,OK,0,OK,0,OK,0,,0,,,,54.22,OK,,,,53.67,OK,,,,-293.74,OK,,,,-292.97,OK,,,,171.09,OK,,,,173.59,OK,,,,,,,,,,,,,,,,,
2410120889D,ATKINSON 3.8 OCV,DM2P9,2024-10-12 17:50:20,18.989,23.55,OK,27.58,27.49,OK,23.54,23.44,OK,23.05,22.86,OK,27.15,27.05,OK,27.58,27.56,OK,25.16,25.09,OK,24.58,24.53,OK,0,0,,0,0,,10.78,OK,11.12,OK,10.82,OK,11.4,OK,11.05,OK,11.01,OK,10.83,OK,0,,0,,10.15,OK,10.12,OK,9.94,OK,10.15,OK,10.14,OK,10.15,OK,10.1,OK,0,,0,,,,82.38,OK,,,,83.01,OK,,,,157.31,OK,,,,157.82,OK,,,,37.67,OK,,,,37.27,OK,,,,,,,,,,,,,,,,,
2410120870C,NEW KAPPAEX1.0,CM5P2,2024-10-12 17:50:48,18.692,26.25,OK,25.83,25.71,OK,23.08,22.67,OK,23.96,23.61,OK,21.86,21.74,OK,22.08,21.72,OK,22.77,22.58,OK,22.75,22.41,OK,0,0,,0,0,,2.46,OK,2.53,OK,2.56,OK,2.51,OK,2.51,OK,2.52,OK,2.55,OK,0,,0,,2.62,OK,2.43,OK,2.57,OK,2.41,OK,2.43,OK,2.51,OK,2.38,OK,0,,0,,,,53.62,OK,,,,52.81,OK,,,,-292.42,OK,,,,-292.63,OK,,,,172.53,OK,,,,171.7,OK,,,,,,,,,,,,,,,,,
2410120890D,ATKINSON 3.8 OCV,DM3P2,2024-10-12 17:51:12,18.993,23.26,OK,27.03,26.96,OK,25.31,25.24,OK,25.7,25.56,OK,23.52,23.5,OK,25.87,25.8,OK,25.24,25.17,OK,26.05,25.98,OK,0,0,,0,0,,11.43,OK,11.62,OK,11.47,OK,11.62,OK,11.56,OK,11.63,OK,11.61,OK,0,,0,,12.76,OK,12.79,OK,12.79,OK,12.6,OK,12.83,OK,12.82,OK,12.85,OK,0,,0,,,,82.64,OK,,,,83.11,OK,,,,156.76,OK,,,,157.22,OK,,,,37.12,OK,,,,36.88,OK,,,,,,,,,,,,,,,,,
2410120871C,NEW KAPPAEX1.0,CM1P1,2024-10-12 17:51:36,18.692,26.91,OK,27.03,26.96,OK,24.09,23.72,OK,25.77,25.49,OK,23.62,23.16,OK,22.64,22.6,OK,23.16,22.99,OK,24.32,24.16,OK,0,0,,0,0,,6.04,OK,6.9,OK,6.87,OK,6.8,OK,6.94,OK,7.03,OK,6.96,OK,0,,0,,6.22,OK,6.66,OK,6.6,OK,6.7,OK,6.64,OK,6.85,OK,7.17,OK,0,,0,,,,52.33,OK,,,,52.54,OK,,,,-293.43,OK,,,,-293.92,OK,,,,172.21,OK,,,,172.44,OK,,,,,,,,,,,,,,,,,
2410120891D,ATKINSON 3.8 OCV,DM4P4,2024-10-12 17:52:07,18.994,23.73,OK,23.08,22.87,OK,24.36,24.17,OK,26.21,26.05,OK,26.4,26.21,OK,25.38,25.26,OK,25.47,25.42,OK,24.36,24.31,OK,0,0,,0,0,,12.32,OK,12.61,OK,12.56,OK,12.32,OK,12.62,OK,12.61,OK,12.66,OK,0,,0,,12.45,OK,12.45,OK,12.47,OK,12.46,OK,12.5,OK,12.46,OK,12.43,OK,0,,0,,,,82.51,OK,,,,82.6,OK,,,,156.89,OK,,,,157.35,OK,,,,36.8,OK,,,,36.89,OK,,,,,,,,,,,,,,,,,
2410120872C,NEW KAPPAEX1.0,CM2P6,2024-10-12 17:52:22,18.684,26.76,OK,23.73,23.41,OK,23.15,22.87,OK,23.55,23.24,OK,23.2,23.06,OK,21.59,21.38,OK,22.22,22.08,OK,21.73,21.56,OK,0,0,,0,0,,15.36,OK,15.36,OK,15.36,OK,15.36,OK,15.36,OK,15.36,OK,15.36,OK,0,,0,,15.36,OK,15.36,OK,15.36,OK,15.36,OK,15.36,OK,15.36,OK,15.36,OK,0,,0,,,,52.9,OK,,,,54.3,OK,,,,-293.09,OK,,,,-292.36,OK,,,,173.11,OK,,,,172.71,OK,,,,,,,,,,,,,,,,,
2410120892D,ATKINSON 3.8 OCV,DM1P6,2024-10-12 17:53:02,18.996,21.78,OK,22.67,22.54,OK,25.46,25.44,OK,24.58,24.36,OK,25.62,25.55,OK,24.58,24.49,OK,25.98,25.89,OK,25.17,25.06,OK,0,0,,0,0,,11.42,OK,11.43,OK,11.42,OK,11.44,OK,11.59,OK,11.39,OK,11.62,OK,0,,0,,9.97,OK,10.38,OK,10.32,OK,10.45,OK,10.31,OK,10.28,OK,10.29,OK,0,,0,,,,83.21,OK,,,,83.29,OK,,,,156.16,OK,,,,156.1,OK,,,,36.79,OK,,,,37.29,OK,,,,,,,,,,,,,,,,,
2410120873C,NEW KAPPAEX1.0,CM3P8,2024-10-12 17:53:11,18.697,26.38,OK,29.21,28.4,OK,24.89,24.32,OK,26.63,26.14,OK,25.77,25.14,OK,25.73,25.41,OK,25.59,25.14,OK,25.37,24.75,OK,0,0,,0,0,,0,OK,0,OK,0,OK,0,OK,0,OK,0,OK,0,OK,0,,0,,0,OK,0,OK,0,OK,0,OK,0,OK,0,OK,0,OK,0,,0,,,,52.62,OK,,,,53.26,OK,,,,-292.01,OK,,,,-292.14,OK,,,,172.98,OK,,,,172.41,OK,,,,,,,,,,,,,,,,,
2410120893D,ATKINSON 3.8 OCV,DM2P8,2024-10-12 17:53:54,18.989,25.51,OK,28.31,28.28,OK,25.6,25.55,OK,24.02,23.78,OK,25.89,25.86,OK,25.14,25.11,OK,24.92,24.89,OK,24.65,24.63,OK,0,0,,0,0,,10.7,OK,10.76,OK,10.78,OK,10.81,OK,10.94,OK,10.83,OK,10.79,OK,0,,0,,10.03,OK,10.18,OK,10.15,OK,10.16,OK,10.14,OK,10.05,OK,10.18,OK,0,,0,,,,82.28,OK,,,,82.82,OK,,,,157.41,OK,,,,157.75,OK,,,,36.35,OK,,,,37.25,OK,,,,,,,,,,,,,,,,,
2410120874C,NEW KAPPAEX1.0,CM4P3,2024-10-12 17:53:56,18.684,26.58,OK,26.63,25.91,OK,22.78,22.45,OK,23.99,23.31,OK,20.74,20.52,OK,23.84,23.79,OK,22.98,22.58,OK,23.51,23.11,OK,0,0,,0,0,,0,OK,0,OK,0,OK,0,OK,0,OK,0,OK,0,OK,0,,0,,0,OK,0,OK,0,OK,0,OK,0,OK,0,OK,0,OK,0,,0,,,,54.14,OK,,,,54.63,OK,,,,-293.31,OK,,,,-291.96,OK,,,,172.43,OK,,,,172.58,OK,,,,,,,,,,,,,,,,,
2410120875C,NEW KAPPAEX1.0,CM5P5,2024-10-12 17:54:41,18.693,26.97,OK,24.97,24.68,OK,21.84,21.53,OK,22.67,22.29,OK,21.15,21.07,OK,22.89,22.58,OK,23.82,23.27,OK,22.15,21.69,OK,0,0,,0,0,,2.49,OK,2.52,OK,2.5,OK,2.5,OK,2.57,OK,2.52,OK,2.51,OK,0,,0,,2.96,OK,2.43,OK,2.47,OK,2.44,OK,2.72,OK,2.45,OK,2.33,OK,0,,0,,,,52.79,OK,,,,53.85,OK,,,,-293.03,OK,,,,-292.41,OK,,,,172.74,OK,,,,171.94,OK,,,,,,,,,,,,,,,,,
2410120894D,ATKINSON 3.8 OCV,DM3P7,2024-10-12 17:54:50,18.986,24.51,OK,26.49,26.47,OK,26,25.94,OK,25.31,25.1,OK,23.45,23.41,OK,26.31,26.31,OK,27.1,27.1,OK,24.89,24.82,OK,0,0,,0,0,,10.97,OK,11.55,OK,11.6,OK,11.62,OK,11.59,OK,11.67,OK,11.6,OK,0,,0,,12.78,OK,12.79,OK,12.83,OK,12.8,OK,12.8,OK,12.86,OK,12.85,OK,0,,0,,,,83.07,OK,,,,83.8,OK,,,,156.98,OK,,,,157.09,OK,,,,36.39,OK,,,,36.65,OK,,,,,,,,,,,,,,,,,
2410120876C,,C,2024-10-12 17:55:30,18.683,26.41,OK,,,,,,,,,,,,,,,,,,,,,,,,,,,,,,,,,,,,,,,,,,,,,,,,,,,,,,,,,,,,,,,,,,53.84,OK,,,,53.86,OK,,,,-292.39,OK,,,,-293.03,OK,,,,172.75,OK,,,,172.84,OK,,,,,,,,,,,,,,,,,
2410120895D,ATKINSON 3.8 OCV,DM4P1,2024-10-12 17:55:48,18.986,24.17,OK,23.92,23.82,OK,24.08,24.01,OK,24.4,24.24,OK,27.72,27.54,OK,26.65,26.33,OK,24.15,24.06,OK,25.29,25.29,OK,0,0,,0,0,,12.41,OK,12.29,OK,12.59,OK,12.16,OK,12.49,OK,12.6,OK,12.65,OK,0,,0,,12.43,OK,12.47,OK,12.5,OK,12.45,OK,12.44,OK,12.43,OK,12.59,OK,0,,0,,,,82.79,OK,,,,82.86,OK,,,,157.34,OK,,,,157.64,OK,,,,36.98,OK,,,,36.93,OK,,,,,,,,,,,,,,,,,
2410120877C,NEW KAPPAEX1.0,CM2P9,2024-10-12 17:56:16,18.695,26.08,OK,23.1,22.96,OK,23.24,22.87,OK,25.3,25.02,OK,23.24,22.92,OK,23.1,23.06,OK,22.47,22.17,OK,23.87,23.52,OK,0,0,,0,0,,15.36,OK,15.36,OK,15.36,OK,15.36,OK,15.36,OK,15.36,OK,15.36,OK,0,,0,,15.36,OK,15.36,OK,15.36,OK,15.36,OK,15.36,OK,15.36,OK,15.36,OK,0,,0,,,,52.57,OK,,,,53.99,OK,,,,-292.11,OK,,,,-291.91,OK,,,,173.33,OK,,,,170.95,OK,,,,,,,,,,,,,,,,,
2410120896D,ATKINSON 3.8 OCV,DM1P3,2024-10-12 17:56:40,18.996,23.86,OK,26.79,26.56,OK,28.61,28.5,OK,25.62,25.3,OK,27.6,27.44,OK,26.54,26.52,OK,25.57,25.53,OK,25.64,25.57,OK,0,0,,0,0,,11.44,OK,11.38,OK,11.4,OK,11.7,OK,11.56,OK,11.59,OK,11.49,OK,0,,0,,9.94,OK,10.32,OK,10.28,OK,10.36,OK,10.26,OK,10.21,OK,10.22,OK,0,,0,,,,83.15,OK,,,,82.88,OK,,,,157.31,OK,,,,157.36,OK,,,,36.77,OK,,,,37.03,OK,,,,,,,,,,,,,,,,,
2410120878C,NEW KAPPAEX1.0,CM3P2,2024-10-12 17:57:05,18.69,27.18,OK,28.26,27.49,OK,26.2,25.59,OK,27.27,26.86,OK,26.52,26.09,OK,26.97,26.59,OK,26,25.41,OK,25.46,24.64,OK,0,0,,0,0,,0,OK,0,OK,0,OK,0,OK,0,OK,0,OK,0,OK,0,,0,,0,OK,0,OK,0,OK,0,OK,0,OK,0,OK,0,OK,0,,0,,,,53.6,OK,,,,54.23,OK,,,,-291.64,OK,,,,-293.83,OK,,,,172.73,OK,,,,172.38,OK,,,,,,,,,,,,,,,,,
2410120897D,ATKINSON 3.8 OCV,DM2P9,2024-10-12 17:57:35,18.987,24.8,OK,26.73,26.66,OK,23.13,23.03,OK,23.34,23.13,OK,25.43,25.4,OK,26.66,26.66,OK,24.51,24.36,OK,23.2,23.13,OK,0,0,,0,0,,10.72,OK,10.77,OK,11.14,OK,10.75,OK,11.13,OK,10.83,OK,10.8,OK,0,,0,,10.21,OK,10.16,OK,10.04,OK,10.12,OK,10.09,OK,10.12,OK,10.04,OK,0,,0,,,,82.12,OK,,,,82.39,OK,,,,157.83,OK,,,,157.96,OK,,,,38.11,OK,,,,37.73,OK,,,,,,,,,,,,,,,,,
2410120879C,NEW KAPPAEX1.0,CM4P1,2024-10-12 17:57:57,18.683,27.21,OK,25.51,24.96,OK,22.56,22.3,OK,24.41,23.93,OK,23.13,22.85,OK,24.17,24.12,OK,23.73,23.27,OK,23.93,23.42,OK,0,0,,0,0,,0,OK,0,OK,0,OK,0,OK,0,OK,0,OK,0,OK,0,,0,,0,OK,0,OK,0,OK,0,OK,0,OK,0,OK,0,OK,0,,0,,,,54.13,OK,,,,53.18,OK,,,,-292.88,OK,,,,-292.97,OK,,,,172.21,OK,,,,172.37,OK,,,,,,,,,,,,,,,,,
2410120898D,ATKINSON 3.8 OCV,DM3P2,2024-10-12 17:58:31,18.994,22.8,OK,25.89,25.84,OK,25.31,25.19,OK,24.89,24.73,OK,24.43,24.36,OK,26.52,26.35,OK,26.35,26.31,OK,26.26,26.17,OK,0,0,,0,0,,11.58,OK,11.56,OK,11.57,OK,11.24,OK,11.79,OK,11.37,OK,11.69,OK,0,,0,,12.81,OK,12.8,OK,12.83,OK,12.79,OK,12.82,OK,12.81,OK,12.86,OK,0,,0,,,,82.16,OK,,,,82.75,OK,,,,157.13,OK,,,,157.53,OK,,,,36.9,OK,,,,36.75,OK,,,,,,,,,,,,,,,,,
2410120880C,NEW KAPPAEX1.0,CM5P4,2024-10-12 17:58:42,18.685,27,OK,23.13,22.94,OK,21.43,21.1,OK,21.34,21.1,OK,20.79,20.64,OK,21.58,21.38,OK,22.82,22.32,OK,20.79,20.5,OK,0,0,,0,0,,2.44,OK,2.5,OK,2.49,OK,2.47,OK,2.49,OK,2.51,OK,2.48,OK,0,,0,,2.67,OK,2.39,OK,2.45,OK,2.42,OK,2.5,OK,2.47,OK,2.34,OK,0,,0,,,,53.1,OK,,,,53.08,OK,,,,-292.87,OK,,,,-292.4,OK,,,,172.42,OK,,,,173.08,OK,,,,,,,,,,,,,,,,,
2410120899D,ATKINSON 3.8 OCV,DM4P5,2024-10-12 17:59:29,18.992,23.08,OK,25.33,25.24,OK,24.01,23.96,OK,25.29,24.94,OK,25.84,25.7,OK,25.26,25.15,OK,25.63,25.52,OK,25.68,25.61,OK,0,0,,0,0,,12.47,OK,12.61,OK,12.58,OK,12.61,OK,12.66,OK,12.51,OK,12.64,OK,0,,0,,12.47,OK,12.46,OK,12.54,OK,12.36,OK,12.47,OK,12.45,OK,12.45,OK,0,,0,,,,82.79,OK,,,,82.8,OK,,,,157.2,OK,,,,157.52,OK,,,,37,OK,,,,37.3,OK,,,,,,,,,,,,,,,,,
2410120881C,NEW KAPPAEX1.0,CM1P6,2024-10-12 17:59:31,18.684,27.23,OK,25.14,24.95,OK,22.81,22.22,OK,23.39,23.23,OK,22.34,21.9,OK,22.06,21.94,OK,23.09,22.76,OK,22.34,22.13,OK,0,0,,0,0,,6.03,OK,6.73,OK,7.22,OK,7.04,OK,7.02,OK,7,OK,6.97,OK,0,,0,,6.47,OK,7.08,OK,6.56,OK,6.56,OK,6.81,OK,7.01,OK,6.52,OK,0,,0,,,,52.22,OK,,,,53.92,OK,,,,-291.94,OK,,,,-292.92,OK,,,,174.5,OK,,,,173.24,OK,,,,,,,,,,,,,,,,,
2410120882C,NEW KAPPAEX1.0,CM2P8,2024-10-12 18:00:16,18.687,27.63,OK,24.04,23.9,OK,23.31,23.17,OK,24.01,23.62,OK,22.73,22.52,OK,22.59,22.45,OK,22.5,22.17,OK,21.52,21.24,OK,0,0,,0,0,,15.36,OK,15.36,OK,15.36,OK,15.36,OK,15.36,OK,15.36,OK,15.36,OK,0,,0,,15.36,OK,15.36,OK,15.36,OK,15.36,OK,15.36,OK,15.36,OK,15.36,OK,0,,0,,,,53.19,OK,,,,53.07,OK,,,,-291.93,OK,,,,-291.89,OK,,,,171.3,OK,,,,171.52,OK,,,,,,,,,,,,,,,,,
2410120900D,ATKINSON 3.8 OCV,DM1P6,2024-10-12 18:00:21,18.992,22.12,OK,23.5,23.35,OK,26.68,26.63,OK,24.97,24.79,OK,27.37,27.28,OK,24.83,24.79,OK,25.73,25.71,OK,25.71,25.69,OK,0,0,,0,0,,11.42,OK,11.41,OK,11.4,OK,11.4,OK,11.45,OK,11.47,OK,11.48,OK,0,,0,,9.92,OK,10.3,OK,10.31,OK,10.29,OK,10.13,OK,10.06,OK,10.12,OK,0,,0,,,,83.46,OK,,,,83.36,OK,,,,156.69,OK,,,,156.57,OK,,,,36.87,OK,,,,37.5,OK,,,,,,,,,,,,,,,,,
2410120883C,NEW KAPPAEX1.0,CM3P5,2024-10-12 18:01:05,18.698,27.77,OK,29.94,29.15,OK,26.66,26.07,OK,27.61,27.24,OK,26.84,26.52,OK,26.77,26.36,OK,27.36,26.16,OK,26.68,25.75,OK,0,0,,0,0,,0,OK,0,OK,0,OK,0,OK,0,OK,0,OK,0,OK,0,,0,,0,OK,0,OK,0,OK,0,OK,0,OK,0,OK,0,OK,0,,0,,,,53.05,OK,,,,53.37,OK,,,,-292.65,OK,,,,-291.68,OK,,,,173.97,OK,,,,173.02,OK,,,,,,,,,,,,,,,,,
2410120901D,ATKINSON 3.8 OCV,DM2P8,2024-10-12 18:01:16,18.996,24.63,OK,26.86,26.86,OK,24.68,24.65,OK,23.63,23.44,OK,25.14,24.99,OK,27.29,27.27,OK,24.97,24.89,OK,24.65,24.58,OK,0,0,,0,0,,10.81,OK,10.69,OK,11.11,OK,11.03,OK,11.34,OK,11.4,OK,10.83,OK,0,,0,,10.12,OK,10.01,OK,9.99,OK,9.89,OK,10.1,OK,9.98,OK,10.03,OK,0,,0,,,,82.14,OK,,,,82.59,OK,,,,157.6,OK,,,,157.76,OK,,,,36.93,OK,,,,37.26,OK,,,,,,,,,,,,,,,,,
2410120884C,NEW KAPPAEX1.0,CM4P7,2024-10-12 18:01:54,18.692,27.55,OK,26.19,25.64,OK,22.56,22.32,OK,24.65,24.19,OK,23.2,23,OK,25.09,25.03,OK,23.13,22.67,OK,23.18,22.63,OK,0,0,,0,0,,0,OK,0,OK,0,OK,0,OK,0,OK,0,OK,0,OK,0,,0,,0,OK,0,OK,0,OK,0,OK,0,OK,0,OK,0,OK,0,,0,,,,54.42,OK,,,,52.92,OK,,,,-293.14,OK,,,,-293.61,OK,,,,171.61,OK,,,,174.22,OK,,,,,,,,,,,,,,,,,
2410120902D,ATKINSON 3.8 OCV,DM3P7,2024-10-12 18:02:12,18.986,23.17,OK,27.28,27.21,OK,25.91,25.82,OK,27.37,27.1,OK,24.22,24.22,OK,26.75,26.68,OK,26.93,26.84,OK,25.96,25.94,OK,0,0,,0,0,,11.42,OK,11.6,OK,11.47,OK,11.48,OK,11.66,OK,11.55,OK,11.64,OK,0,,0,,12.79,OK,12.81,OK,12.77,OK,12.91,OK,12.9,OK,12.91,OK,12.89,OK,0,,0,,,,82.86,OK,,,,82.95,OK,,,,157.47,OK,,,,158.24,OK,,,,36.78,OK,,,,36.85,OK,,,,,,,,,,,,,,,,,
2410120885C,NEW KAPPAEX1.0,CM5P3,2024-10-12 18:02:39,18.694,28.3,OK,26.28,25.9,OK,22.77,22.46,OK,22.27,22.05,OK,20.79,20.72,OK,21.98,21.77,OK,22.34,21.77,OK,21.19,20.93,OK,0,0,,0,0,,2.46,OK,2.52,OK,2.5,OK,2.51,OK,2.5,OK,2.54,OK,2.51,OK,0,,0,,2.67,OK,2.41,OK,2.45,OK,2.43,OK,2.54,OK,2.48,OK,2.33,OK,0,,0,,,,53.5,OK,,,,53.53,OK,,,,-292.92,OK,,,,-292.34,OK,,,,172.26,OK,,,,172.85,OK,,,,,,,,,,,,,,,,,
2410120903D,ATKINSON 3.8 OCV,DM4P1,2024-10-12 18:03:04,18.992,24.26,OK,24.73,24.57,OK,22.39,22.34,OK,24.43,24.2,OK,25.31,25.15,OK,25.47,25.4,OK,25.26,25.22,OK,23.34,23.24,OK,0,0,,0,0,,12.44,OK,12.26,OK,12.29,OK,12.41,OK,12.27,OK,12.32,OK,12.64,OK,0,,0,,12.32,OK,12.41,OK,12.43,OK,12.45,OK,12.44,OK,12.44,OK,12.47,OK,0,,0,,,,82.53,OK,,,,82.6,OK,,,,157.34,OK,,,,157.84,OK,,,,37.02,OK,,,,37.04,OK,,,,,,,,,,,,,,,,,
2410120886C,NEW KAPPAEX1.0,CM1P9,2024-10-12 18:03:28,18.692,27.16,OK,23.67,23.65,OK,22.6,22.08,OK,23.48,23.27,OK,22.25,21.66,OK,21.83,21.52,OK,22.08,21.94,OK,22.69,22.5,OK,0,0,,0,0,,6.07,OK,6.69,OK,6.8,OK,6.66,OK,6.88,OK,7.27,OK,6.95,OK,0,,0,,6.28,OK,6.75,OK,6.8,OK,7,OK,6.56,OK,6.66,OK,6.57,OK,0,,0,,,,55.11,OK,,,,53.06,OK,,,,-294.77,OK,,,,-293.38,OK,,,,172.06,OK,,,,172.21,OK,,,,,,,,,,,,,,,,,
2410120904D,ATKINSON 3.8 OCV,DM1P3,2024-10-12 18:03:59,18.998,24.61,OK,27.24,27.01,OK,26.05,25.91,OK,25.51,25.06,OK,26.2,26.07,OK,25.82,25.75,OK,24.54,24.49,OK,25.64,25.6,OK,0,0,,0,0,,11.29,OK,11.4,OK,11.41,OK,11.47,OK,11.46,OK,11.61,OK,11.46,OK,0,,0,,9.87,OK,10.26,OK,10.21,OK,10.34,OK,9.91,OK,10.08,OK,10.13,OK,0,,0,,,,82.92,OK,,,,82.6,OK,,,,157.5,OK,,,,157.72,OK,,,,37,OK,,,,37.14,OK,,,,,,,,,,,,,,,,,
2410120887C,NEW KAPPAEX1.0,CM2P2,2024-10-12 18:04:14,18.688,28.12,OK,24.13,23.92,OK,22.61,22.38,OK,23.57,23.15,OK,22.12,21.98,OK,22.82,22.8,OK,22.59,22.22,OK,22.5,22.33,OK,0,0,,0,0,,15.36,OK,15.36,OK,15.36,OK,15.36,OK,15.36,OK,15.36,OK,15.36,OK,0,,0,,15.36,OK,15.36,OK,15.36,OK,15.36,OK,15.36,OK,15.36,OK,15.36,OK,0,,0,,,,53.33,OK,,,,54.43,OK,,,,-291.94,OK,,,,-292.11,OK,,,,172.04,OK,,,,171.62,OK,,,,,,,,,,,,,,,,,
2410120905D,ATKINSON 3.8 OCV,DM2P9,2024-10-12 18:04:51,18.992,22.65,OK,25.38,25.28,OK,22.96,22.91,OK,23.95,23.8,OK,25.67,25.67,OK,25.55,25.55,OK,24.46,24.38,OK,24.05,24,OK,0,0,,0,0,,10.77,OK,10.76,OK,11.16,OK,11.1,OK,10.79,OK,10.81,OK,10.77,OK,0,,0,,10.06,OK,10.02,OK,10.05,OK,10.17,OK,10.25,OK,9.99,OK,10,OK,0,,0,,,,82.11,OK,,,,82.46,OK,,,,158.2,OK,,,,157.97,OK,,,,38.16,OK,,,,37.48,OK,,,,,,,,,,,,,,,,,
2410120888C,NEW KAPPAEX1.0,CM3P4,2024-10-12 18:05:02,18.684,29.05,OK,28.69,28.24,OK,27.43,26.88,OK,27.2,26.86,OK,25.68,25.16,OK,25.37,25.18,OK,25.71,24.91,OK,25.64,24.62,OK,0,0,,0,0,,0,OK,0,OK,0,OK,0,OK,0,OK,0,OK,0,OK,0,,0,,0,OK,0,OK,0,OK,0,OK,0,OK,0,OK,0,OK,0,,0,,,,54.19,OK,,,,52.89,OK,,,,-293.24,OK,,,,-292.64,OK,,,,172.46,OK,,,,172.42,OK,,,,,,,,,,,,,,,,,
2410120906D,ATKINSON 3.8 OCV,DM3P2,2024-10-12 18:05:46,18.988,24.71,OK,27.49,27.44,OK,25.94,25.82,OK,26.7,26.31,OK,25.49,25.4,OK,28.23,28.14,OK,27.37,27.3,OK,27,27,OK,0,0,,0,0,,10.95,OK,11.61,OK,11.57,OK,11.65,OK,11.69,OK,11.79,OK,11.8,OK,0,,0,,12.79,OK,12.81,OK,12.88,OK,12.77,OK,12.81,OK,12.77,OK,12.82,OK,0,,0,,,,82.14,OK,,,,82.66,OK,,,,156.85,OK,,,,157.43,OK,,,,37.34,OK,,,,37.1,OK,,,,,,,,,,,,,,,,,
2410120889C,NEW KAPPAEX1.0,CM4P6,2024-10-12 18:05:48,18.684,27.95,OK,24.54,24.04,OK,23.77,23.49,OK,23.29,22.87,OK,21.75,21.44,OK,24.65,24.61,OK,23.33,23.11,OK,22.54,22.12,OK,0,0,,0,0,,0,OK,0,OK,0,OK,0,OK,0,OK,0,OK,0,OK,0,,0,,0,OK,0,OK,0,OK,0,OK,0,OK,0,OK,0,OK,0,,0,,,,53.08,OK,,,,52.15,OK,,,,-293.66,OK,,,,-291.87,OK,,,,172.46,OK,,,,173.09,OK,,,,,,,,,,,,,,,,,
2410120890C,NEW KAPPAEX1.0,CM5P1,2024-10-12 18:06:37,18.697,28.05,OK,26.31,26.14,OK,22.2,21.89,OK,23.25,23.08,OK,22.03,21.93,OK,22.03,21.93,OK,22.82,22.6,OK,22.17,21.93,OK,0,0,,0,0,,2.45,OK,2.53,OK,2.48,OK,2.5,OK,2.49,OK,2.54,OK,2.51,OK,0,,0,,2.73,OK,2.38,OK,2.45,OK,2.42,OK,2.54,OK,2.46,OK,2.4,OK,0,,0,,,,54.8,OK,,,,53.07,OK,,,,-293.01,OK,,,,-291.77,OK,,,,171.74,OK,,,,172.26,OK,,,,,,,,,,,,,,,,,
2410120907D,ATKINSON 3.8 OCV,DM4P4,2024-10-12 18:06:41,18.983,23.11,OK,24.29,24.2,OK,24.87,24.8,OK,25.52,25.26,OK,26.65,26.52,OK,26.77,26.68,OK,26.89,26.86,OK,25.73,25.68,OK,0,0,,0,0,,12.48,OK,12.52,OK,12.61,OK,12.63,OK,12.42,OK,12.48,OK,12.64,OK,0,,0,,11.73,OK,12.38,OK,12.24,OK,12.54,OK,12.54,OK,12.47,OK,12.39,OK,0,,0,,,,82.24,OK,,,,82.48,OK,,,,157.16,OK,,,,157.78,OK,,,,37.09,OK,,,,37.11,OK,,,,,,,,,,,,,,,,,
2410120891C,NEW KAPPAEX1.0,CM1P8,2024-10-12 18:07:22,18.693,27.42,OK,24.23,24.14,OK,23.06,22.55,OK,23.11,22.97,OK,21.41,20.92,OK,22.25,22.13,OK,22.43,22.36,OK,22.95,22.81,OK,0,0,,0,0,,5.9,OK,6.91,OK,6.79,OK,6.69,OK,6.85,OK,6.82,OK,7.52,OK,0,,0,,6.15,OK,6.59,OK,6.64,OK,6.62,OK,6.85,OK,7.53,OK,6.54,OK,0,,0,,,,53.58,OK,,,,52.86,OK,,,,-293.98,OK,,,,-293.92,OK,,,,173.26,OK,,,,173.54,OK,,,,,,,,,,,,,,,,,
2410120908D,ATKINSON 3.8 OCV,DM1P6,2024-10-12 18:07:37,18.993,23.78,OK,26.29,26.09,OK,27.76,27.71,OK,25.66,25.51,OK,26.23,26.2,OK,26.81,26.79,OK,26.81,26.79,OK,25.71,25.69,OK,0,0,,0,0,,11.34,OK,11.43,OK,11.42,OK,11.45,OK,11.45,OK,11.42,OK,11.48,OK,0,,0,,10.06,OK,10.26,OK,10.14,OK,10.31,OK,10.26,OK,10.2,OK,9.99,OK,0,,0,,,,83.1,OK,,,,83.34,OK,,,,156.66,OK,,,,156.21,OK,,,,37.14,OK,,,,37.39,OK,,,,,,,,,,,,,,,,,
2410120892C,NEW KAPPAEX1.0,CM2P5,2024-10-12 18:08:11,18.688,27.9,OK,24.06,23.94,OK,22.12,21.94,OK,24.69,24.46,OK,22.78,22.52,OK,21.56,21.52,OK,21.89,21.56,OK,22.75,22.52,OK,0,0,,0,0,,15.36,OK,15.36,OK,15.36,OK,15.36,OK,15.36,OK,15.36,OK,15.36,OK,0,,0,,15.36,OK,15.36,OK,15.36,OK,15.36,OK,15.36,OK,15.36,OK,15.36,OK,0,,0,,,,52.87,OK,,,,53.8,OK,,,,-292.77,OK,,,,-293.03,OK,,,,171.83,OK,,,,172.3,OK,,,,,,,,,,,,,,,,,
2410120909D,ATKINSON 3.8 OCV,DM2P8,2024-10-12 18:08:32,18.994,23,OK,28.12,27.99,OK,22.98,22.86,OK,22.79,22.45,OK,27.34,27.32,OK,24.97,24.92,OK,24.02,24.02,OK,23.51,23.44,OK,0,0,,0,0,,10.81,OK,10.74,OK,11.08,OK,10.71,OK,11.24,OK,10.86,OK,10.83,OK,0,,0,,10.02,OK,9.93,OK,9.96,OK,10.01,OK,9.98,OK,9.99,OK,9.86,OK,0,,0,,,,81.64,OK,,,,82.08,OK,,,,157.8,OK,,,,158.14,OK,,,,37.23,OK,,,,37.75,OK,,,,,,,,,,,,,,,,,
2410120893C,NEW KAPPAEX1.0,CM3P3,2024-10-12 18:08:56,18.688,26.91,OK,28.19,27.24,OK,26.07,25.64,OK,28.81,28.38,OK,26.9,26.2,OK,25.95,25.57,OK,26.2,25.64,OK,24.96,24.35,OK,0,0,,0,0,,0,OK,0,OK,0,OK,0,OK,0,OK,0,OK,0,OK,0,,0,,0,OK,0,OK,0,OK,0,OK,0,OK,0,OK,0,OK,0,,0,,,,53.39,OK,,,,53.88,OK,,,,-292.26,OK,,,,-292.6,OK,,,,171.55,OK,,,,172.02,OK,,,,,,,,,,,,,,,,,
2410120910D,ATKINSON 3.8 OCV,DM3P7,2024-10-12 18:09:24,18.988,23.93,OK,26.24,26.14,OK,25.4,25.36,OK,24.52,23.99,OK,25.01,24.98,OK,27.21,27.16,OK,26.96,26.89,OK,25.33,25.29,OK,0,0,,0,0,,11.6,OK,11.63,OK,11.63,OK,11.61,OK,11.65,OK,11.66,OK,11.63,OK,0,,0,,12.8,OK,12.82,OK,12.9,OK,12.6,OK,12.86,OK,12.62,OK,12.67,OK,0,,0,,,,82.79,OK,,,,83.18,OK,,,,157.59,OK,,,,157.35,OK,,,,37.72,OK,,,,37.53,OK,,,,,,,,,,,,,,,,,
2410120894C,NEW KAPPAEX1.0,CM4P9,2024-10-12 18:09:42,18.695,27.31,OK,25.44,24.92,OK,21.92,21.66,OK,23.64,23.2,OK,21.99,21.59,OK,23.49,23.44,OK,23.11,22.41,OK,21.68,21.35,OK,0,0,,0,0,,0,OK,0,OK,0,OK,0,OK,0,OK,0,OK,0,OK,0,,0,,0,OK,0,OK,0,OK,0,OK,0,OK,0,OK,0,OK,0,,0,,,,53.78,OK,,,,53.12,OK,,,,-293.54,OK,,,,-291.31,OK,,,,172.87,OK,,,,172.81,OK,,,,,,,,,,,,,,,,,
2410120911D,ATKINSON 3.8 OCV,DM4P1,2024-10-12 18:10:19,18.997,25.31,OK,25.19,25.1,OK,24.36,24.31,OK,25.26,24.98,OK,25.96,25.87,OK,25.38,25.31,OK,26.31,26.21,OK,25.08,24.98,OK,0,0,,0,0,,12.48,OK,12.56,OK,12.52,OK,12.46,OK,12.59,OK,12.58,OK,12.65,OK,0,,0,,12.44,OK,12.44,OK,12.48,OK,12.46,OK,12.46,OK,12.45,OK,12.66,OK,0,,0,,,,82.1,OK,,,,82.3,OK,,,,158.02,OK,,,,158.21,OK,,,,37.75,OK,,,,37.71,OK,,,,,,,,,,,,,,,,,
2410120895C,NEW KAPPAEX1.0,CM5P7,2024-10-12 18:10:30,18.699,26.96,OK,24.56,24.39,OK,21.77,21.48,OK,21.93,21.65,OK,20.48,20.38,OK,21.31,21.22,OK,23.06,22.79,OK,21.34,21.19,OK,0,0,,0,0,,2.45,OK,2.5,OK,2.47,OK,2.45,OK,2.46,OK,2.5,OK,2.51,OK,0,,0,,2.69,OK,2.39,OK,2.4,OK,2.47,OK,2.51,OK,2.5,OK,2.37,OK,0,,0,,,,53.08,OK,,,,53.58,OK,,,,-292.68,OK,,,,-292.28,OK,,,,172.53,OK,,,,171.66,OK,,,,,,,,,,,,,,,,,
2410120912D,ATKINSON 3.8 OCV,DM1P3,2024-10-12 18:11:14,18.998,24.25,OK,24.27,24.11,OK,28.27,28.14,OK,25.03,24.74,OK,25.57,25.51,OK,25.1,25.08,OK,25.17,25.08,OK,27.96,27.87,OK,0,0,,0,0,,11.38,OK,11.36,OK,11.42,OK,11.37,OK,11.47,OK,11.41,OK,11.49,OK,0,,0,,10.04,OK,10.39,OK,10.53,OK,10.34,OK,10.17,OK,10.12,OK,10.35,OK,0,,0,,,,82.71,OK,,,,82.48,OK,,,,157.59,OK,,,,157.54,OK,,,,37.1,OK,,,,37.43,OK,,,,,,,,,,,,,,,,,
2410120896C,NEW KAPPAEX1.0,CM1P2,2024-10-12 18:11:16,18.687,27.7,OK,24.02,23.51,OK,23.6,22.99,OK,24.7,24.58,OK,21.48,21.31,OK,21.99,21.97,OK,22.9,22.78,OK,22.53,22.36,OK,0,0,,0,0,,6.04,OK,6.73,OK,6.6,OK,6.61,OK,6.82,OK,7.1,OK,6.97,OK,0,,0,,6.12,OK,6.6,OK,6.92,OK,6.78,OK,6.61,OK,6.67,OK,6.62,OK,0,,0,,,,54.08,OK,,,,51.6,OK,,,,-292.35,OK,,,,-293.28,OK,,,,173.56,OK,,,,171.84,OK,,,,,,,,,,,,,,,,,
2410120897C,NEW KAPPAEX1.0,CM2P4,2024-10-12 18:12:05,18.691,28.4,OK,24.04,23.83,OK,23.01,22.73,OK,23.45,23.2,OK,21.45,21.17,OK,21.7,21.7,OK,20.61,20.44,OK,22.54,22.31,OK,0,0,,0,0,,15.36,OK,15.36,OK,15.36,OK,15.36,OK,15.36,OK,15.36,OK,15.36,OK,0,,0,,15.36,OK,15.36,OK,15.36,OK,15.36,OK,15.36,OK,15.36,OK,15.36,OK,0,,0,,,,53.76,OK,,,,52.73,OK,,,,-292.39,OK,,,,-290.82,OK,,,,170.63,OK,,,,172.03,OK,,,,,,,,,,,,,,,,,
2410120913D,ATKINSON 3.8 OCV,DM2P9,2024-10-12 18:12:10,18.984,25.07,OK,25.86,25.77,OK,22.81,22.69,OK,22.28,22.06,OK,25.16,25.14,OK,26.44,26.37,OK,23.97,23.85,OK,24,23.88,OK,0,0,,0,0,,10.79,OK,10.72,OK,11.27,OK,11.1,OK,10.8,OK,10.73,OK,10.81,OK,0,,0,,10,OK,10.06,OK,9.96,OK,9.98,OK,9.92,OK,9.99,OK,9.98,OK,0,,0,,,,82.01,OK,,,,82.34,OK,,,,157.82,OK,,,,158.26,OK,,,,38,OK,,,,37.71,OK,,,,,,,,,,,,,,,,,
2410120898C,NEW KAPPAEX1.0,CM3P1,2024-10-12 18:12:50,18.693,27.03,OK,27.79,26.93,OK,24.98,24.69,OK,27.65,27.22,OK,27.06,26.59,OK,25.5,25.3,OK,24.73,24.19,OK,26.07,25.21,OK,0,0,,0,0,,0,OK,0,OK,0,OK,0,OK,0,OK,0,OK,0,OK,0,,0,,0,OK,0,OK,0,OK,0,OK,0,OK,0,OK,0,OK,0,,0,,,,54.55,OK,,,,53.37,OK,,,,-292.52,OK,,,,-291.86,OK,,,,172.01,OK,,,,171.67,OK,,,,,,,,,,,,,,,,,
2410120914D,ATKINSON 3.8 OCV,DM3P2,2024-10-12 18:13:02,18.994,25.68,OK,25.36,25.31,OK,24.71,24.64,OK,24.45,24.31,OK,22.92,22.92,OK,25.52,25.45,OK,23.82,23.75,OK,25.8,25.73,OK,0,0,,0,0,,11.08,OK,11.59,OK,11.5,OK,11.65,OK,11.8,OK,12.09,OK,11.7,OK,0,,0,,12.78,OK,12.79,OK,12.75,OK,12.79,OK,12.78,OK,12.8,OK,12.83,OK,0,,0,,,,82.03,OK,,,,82.43,OK,,,,157.43,OK,,,,157.76,OK,,,,37.04,OK,,,,36.93,OK,,,,,,,,,,,,,,,,,
2410120899C,NEW KAPPAEX1.0,CM4P8,2024-10-12 18:13:39,18.685,28.55,OK,24.83,24.26,OK,23.16,22.96,OK,23.84,23.44,OK,21.73,21.35,OK,23.31,23.27,OK,22.72,22.43,OK,22.06,21.31,OK,0,0,,0,0,,0,OK,0,OK,0,OK,0,OK,0,OK,0,OK,0,OK,0,,0,,0,OK,0,OK,0,OK,0,OK,0,OK,0,OK,0,OK,0,,0,,,,54.03,OK,,,,53.85,OK,,,,-292.2,OK,,,,-292.35,OK,,,,170.72,OK,,,,173.47,OK,,,,,,,,,,,,,,,,,
2410120915D,ATKINSON 3.8 OCV,DM4P4,2024-10-12 18:13:57,18.993,26.21,OK,23.57,23.45,OK,23.92,23.85,OK,25.31,25.05,OK,24.57,24.54,OK,24.57,24.45,OK,24.64,24.59,OK,25.42,25.31,OK,0,0,,0,0,,12.46,OK,12.5,OK,12.43,OK,12.6,OK,12.56,OK,12.5,OK,12.64,OK,0,,0,,11.78,OK,12.3,OK,12.38,OK,12.14,OK,12.35,OK,12.43,OK,12.58,OK,0,,0,,,,81.76,OK,,,,81.95,OK,,,,157.54,OK,,,,157.85,OK,,,,37.54,OK,,,,37.58,OK,,,,,,,,,,,,,,,,,
2410120900C,NEW KAPPAEX1.0,CM5P6,2024-10-12 18:14:28,18.696,28.25,OK,24.73,24.49,OK,21.05,20.76,OK,21.81,21.65,OK,21.58,21.48,OK,22.15,21.79,OK,21.03,20.67,OK,21.22,20.88,OK,0,0,,0,0,,2.48,OK,2.46,OK,2.45,OK,2.49,OK,2.49,OK,2.48,OK,2.48,OK,0,,0,,2.54,OK,2.43,OK,2.44,OK,2.5,OK,2.42,OK,2.41,OK,2.38,OK,0,,0,,,,53.54,OK,,,,53.57,OK,,,,-292.28,OK,,,,-292.27,OK,,,,172.13,OK,,,,173.05,OK,,,,,,,,,,,,,,,,,
2410120916D,ATKINSON 3.8 OCV,DM1P6,2024-10-12 18:14:52,18.986,23.95,OK,25.3,25.19,OK,28.18,28.16,OK,25.93,25.75,OK,27.55,27.49,OK,25.62,25.6,OK,26.38,26.32,OK,25.48,25.37,OK,0,0,,0,0,,11.45,OK,11.45,OK,11.52,OK,11.43,OK,11.48,OK,11.47,OK,11.54,OK,0,,0,,10.06,OK,10.49,OK,10.32,OK,10.35,OK,10.33,OK,10.43,OK,10.37,OK,0,,0,,,,83.12,OK,,,,83.14,OK,,,,156.95,OK,,,,157,OK,,,,37.32,OK,,,,37.87,OK,,,,,,,,,,,,,,,,,
2410120901C,NEW KAPPAEX1.0,CM1P5,2024-10-12 18:15:17,18.699,27.2,OK,25.26,25.16,OK,23.37,22.78,OK,23.93,23.69,OK,22.55,22.11,OK,21.76,21.66,OK,22.88,22.48,OK,23.23,22.88,OK,0,0,,0,0,,5.85,OK,6.73,OK,6.86,OK,6.84,OK,6.99,OK,6.93,OK,6.83,OK,0,,0,,6.73,OK,6.55,OK,6.52,OK,6.69,OK,6.64,OK,6.84,OK,6.95,OK,0,,0,,,,53.86,OK,,,,52.17,OK,,,,-292.15,OK,,,,-292.88,OK,,,,173.05,OK,,,,173.47,OK,,,,,,,,,,,,,,,,,
2410120917D,ATKINSON 3.8 OCV,DM2P8,2024-10-12 18:15:44,18.99,23.2,OK,26.25,26.23,OK,25.31,25.21,OK,24.17,23.95,OK,26.66,26.59,OK,26.32,26.3,OK,26.3,26.2,OK,24.07,23.97,OK,0,0,,0,0,,10.79,OK,11.14,OK,10.81,OK,11.33,OK,11.01,OK,10.7,OK,10.83,OK,0,,0,,9.97,OK,9.99,OK,10.08,OK,10.05,OK,10.05,OK,10.05,OK,10.06,OK,0,,0,,,,81.81,OK,,,,82.33,OK,,,,157.93,OK,,,,157.89,OK,,,,37.33,OK,,,,37.77,OK,,,,,,,,,,,,,,,,,
2410120902C,NEW KAPPAEX1.0,CM2P3,2024-10-12 18:16:05,18.699,27.2,OK,23.48,23.27,OK,21.35,21.12,OK,23.59,23.22,OK,22.38,22.17,OK,23.64,23.62,OK,22.64,22.52,OK,21.96,21.7,OK,0,0,,0,0,,15.36,OK,15.36,OK,15.36,OK,15.36,OK,15.36,OK,15.36,OK,15.36,OK,0,,0,,15.36,OK,15.36,OK,15.36,OK,15.36,OK,15.36,OK,15.36,OK,15.36,OK,0,,0,,,,52.67,OK,,,,52.73,OK,,,,-292.58,OK,,,,-291.98,OK,,,,172.31,OK,,,,170.96,OK,,,,,,,,,,,,,,,,,
2410120918D,ATKINSON 3.8 OCV,DM3P7,2024-10-12 18:16:39,18.996,23.46,OK,26.63,26.61,OK,25.01,24.94,OK,25.1,24.94,OK,24.38,24.33,OK,26.68,26.61,OK,25.12,25.1,OK,28.3,28.23,OK,0,0,,0,0,,11.46,OK,11.58,OK,11.64,OK,11.48,OK,11.63,OK,11.46,OK,11.54,OK,0,,0,,12.78,OK,12.79,OK,12.89,OK,12.84,OK,12.91,OK,12.9,OK,12.91,OK,0,,0,,,,82.32,OK,,,,83.01,OK,,,,157.57,OK,,,,158.17,OK,,,,37,OK,,,,37.28,OK,,,,,,,,,,,,,,,,,
2410120903C,NEW KAPPAEX1.0,CM3P7,2024-10-12 18:16:54,18.698,27.06,OK,29.39,28.47,OK,26.34,25.82,OK,26.29,25.89,OK,25.89,25.25,OK,25.59,25.32,OK,26.09,25.18,OK,25.5,24.57,OK,0,0,,0,0,,0,OK,0,OK,0,OK,0,OK,0,OK,0,OK,0,OK,0,,0,,0,OK,0,OK,0,OK,0,OK,0,OK,0,OK,0,OK,0,,0,,,,53.14,OK,,,,53.48,OK,,,,-291.77,OK,,,,-291.13,OK,,,,172.76,OK,,,,172.25,OK,,,,,,,,,,,,,,,,,
2410120919D,ATKINSON 3.8 OCV,DM4P1,2024-10-12 18:17:31,18.986,22.01,OK,24.8,24.66,OK,22.62,22.59,OK,25.33,25.03,OK,27.07,26.93,OK,27.54,27.47,OK,25.24,25.08,OK,24.89,24.89,OK,0,0,,0,0,,12.27,OK,12.17,OK,12.45,OK,12.38,OK,12.11,OK,12.31,OK,12.64,OK,0,,0,,12.42,OK,12.48,OK,12.58,OK,12.48,OK,12.45,OK,12.45,OK,12.36,OK,0,,0,,,,82.11,OK,,,,82.45,OK,,,,157.71,OK,,,,157.94,OK,,,,37.51,OK,,,,37.61,OK,,,,,,,,,,,,,,,,,
2410120904C,NEW KAPPAEX1.0,CM4P2,2024-10-12 18:17:40,18.694,28.01,OK,24.32,23.77,OK,22.58,22.12,OK,25.22,24.41,OK,22.41,22.17,OK,22.67,22.61,OK,22.72,21.9,OK,22.3,21.99,OK,0,0,,0,0,,0,OK,0,OK,0,OK,0,OK,0,OK,0,OK,0,OK,0,,0,,0,OK,0,OK,0,OK,0,OK,0,OK,0,OK,0,OK,0,,0,,,,54.62,OK,,,,53.37,OK,,,,-292.15,OK,,,,-291.99,OK,,,,171.84,OK,,,,172.91,OK,,,,,,,,,,,,,,,,,
2410120920D,ATKINSON 3.8 OCV,DM1P3,2024-10-12 18:18:27,18.986,22.01,OK,25.46,25.3,OK,27.22,27.1,OK,25.12,24.9,OK,26.72,26.61,OK,25.91,25.8,OK,25.6,25.51,OK,26.11,25.89,OK,0,0,,0,0,,11.35,OK,11.42,OK,11.64,OK,11.41,OK,11.49,OK,11.48,OK,11.46,OK,0,,0,,9.98,OK,10.27,OK,10.14,OK,10.46,OK,10.17,OK,10.27,OK,10.28,OK,0,,0,,,,82.9,OK,,,,82.45,OK,,,,157.62,OK,,,,157.99,OK,,,,37.3,OK,,,,37.61,OK,,,,,,,,,,,,,,,,,
2410120905C,NEW KAPPAEX1.0,CM5P9,2024-10-12 18:18:28,18.693,27.45,OK,23.99,23.82,OK,21.86,21.69,OK,22.1,21.86,OK,20.91,20.83,OK,21.17,21.07,OK,22.36,22.1,OK,22.48,22.34,OK,0,0,,0,0,,2.46,OK,2.48,OK,2.47,OK,2.52,OK,2.49,OK,2.51,OK,2.48,OK,0,,0,,2.59,OK,2.4,OK,2.5,OK,2.6,OK,2.47,OK,2.46,OK,2.43,OK,0,,0,,,,54.24,OK,,,,53.62,OK,,,,-293.32,OK,,,,-292.88,OK,,,,172.88,OK,,,,172.94,OK,,,,,,,,,,,,,,,,,
2410120850C,NEW KAPPAEX1.0,CM2P3,2024-10-12 18:19:14,18.673,27.35,OK,23.64,23.41,OK,22.47,22.08,OK,24.15,23.8,OK,23.9,23.64,OK,23.94,23.9,OK,24.27,23.99,OK,24.39,24.11,OK,0,0,,0,0,,15.36,OK,15.36,OK,15.36,OK,15.36,OK,15.36,OK,15.36,OK,15.36,OK,0,,0,,15.36,OK,15.36,OK,15.36,OK,15.36,OK,15.36,OK,15.36,OK,15.36,OK,0,,0,,,,53.2,OK,,,,53.78,OK,,,,-293.22,OK,,,,-292.34,OK,,,,172.76,OK,,,,171.06,OK,,,,,,,,,,,,,,,,,
2410120921D,ATKINSON 3.8 OCV,DM2P9,2024-10-12 18:19:22,18.994,21.98,OK,26.13,26.06,OK,23.51,23.37,OK,25.94,25.81,OK,26.15,26.1,OK,28.14,28.12,OK,24.87,24.77,OK,26.4,26.32,OK,0,0,,0,0,,10.75,OK,11.28,OK,10.82,OK,10.82,OK,10.95,OK,10.75,OK,10.78,OK,0,,0,,10.33,OK,10.09,OK,10.07,OK,10.15,OK,10.1,OK,10.17,OK,10.13,OK,0,,0,,,,81.96,OK,,,,82.48,OK,,,,157.82,OK,,,,157.96,OK,,,,37.98,OK,,,,37.65,OK,,,,,,,,,,,,,,,,,
2410120906C,NEW KAPPAEX1.0,CM1P4,2024-10-12 18:19:59,18.693,27.45,OK,23.51,23.27,OK,21.87,21.29,OK,23.58,23.41,OK,21.36,21.17,OK,22.06,22.01,OK,22.62,22.27,OK,23.04,22.57,OK,0,0,,0,0,,6.05,OK,6.63,OK,6.61,OK,6.62,OK,6.94,OK,7.26,OK,6.93,OK,0,,0,,6.26,OK,6.88,OK,6.79,OK,7,OK,6.79,OK,6.75,OK,6.5,OK,0,,0,,,,54.35,OK,,,,51.83,OK,,,,-293.05,OK,,,,-292.2,OK,,,,171.94,OK,,,,171.55,OK,,,,,,,,,,,,,,,,,
2410120922D,ATKINSON 3.8 OCV,DM3P2,2024-10-12 18:20:17,18.998,23.43,OK,28.21,28.21,OK,25.56,25.56,OK,24.89,24.75,OK,23.96,23.85,OK,26.72,26.65,OK,25.73,25.66,OK,25.73,25.68,OK,0,0,,0,0,,10.98,OK,11.64,OK,11.5,OK,11.5,OK,11.65,OK,11.97,OK,11.49,OK,0,,0,,12.79,OK,12.81,OK,12.9,OK,12.87,OK,12.92,OK,12.8,OK,12.76,OK,0,,0,,,,82.1,OK,,,,82.3,OK,,,,157.1,OK,,,,157.82,OK,,,,37.45,OK,,,,37.09,OK,,,,,,,,,,,,,,,,,
2410120907C,NEW KAPPAEX1.0,CM2P1,2024-10-12 18:20:45,18.692,27.32,OK,23.55,23.38,OK,23.27,22.94,OK,23.99,23.64,OK,22.54,22.38,OK,22.96,22.82,OK,21.12,20.77,OK,23.24,22.8,OK,0,0,,0,0,,15.36,OK,15.36,OK,15.36,OK,15.36,OK,15.36,OK,15.36,OK,15.36,OK,0,,0,,15.36,OK,15.36,OK,15.36,OK,15.36,OK,15.36,OK,15.36,OK,15.36,OK,0,,0,,,,53.58,OK,,,,53.16,OK,,,,-292.18,OK,,,,-292.36,OK,,,,172.13,OK,,,,171.9,OK,,,,,,,,,,,,,,,,,
2410120923D,ATKINSON 3.8 OCV,DM4P5,2024-10-12 18:21:12,18.998,23.52,OK,25.59,25.49,OK,24.2,24.15,OK,24.1,23.82,OK,26.03,25.84,OK,25.91,25.82,OK,25.63,25.56,OK,24.45,24.26,OK,0,0,,0,0,,12.38,OK,12.05,OK,12.27,OK,12.34,OK,12.14,OK,12.28,OK,12.64,OK,0,,0,,12.41,OK,12.48,OK,12.58,OK,12.46,OK,12.44,OK,12.44,OK,12.52,OK,0,,0,,,,81.74,OK,,,,82.01,OK,,,,157.77,OK,,,,158.26,OK,,,,37.75,OK,,,,37.86,OK,,,,,,,,,,,,,,,,,
2410120908C,NEW KAPPAEX1.0,CM3P6,2024-10-12 18:21:33,18.699,27.78,OK,26.95,26.34,OK,26.68,26.11,OK,27.2,26.81,OK,26.97,26.23,OK,26.07,25.84,OK,26.75,26.18,OK,25.03,24.3,OK,0,0,,0,0,,0,OK,0,OK,0,OK,0,OK,0,OK,0,OK,0,OK,0,,0,,0,OK,0,OK,0,OK,0,OK,0,OK,0,OK,0,OK,0,,0,,,,52.76,OK,,,,53.34,OK,,,,-292.33,OK,,,,-290.82,OK,,,,171.87,OK,,,,172.83,OK,,,,,,,,,,,,,,,,,
2410120924D,ATKINSON 3.8 OCV,DM1P6,2024-10-12 18:22:04,18.991,23.83,OK,24.63,24.36,OK,27.33,27.31,OK,24.9,24.54,OK,26.59,26.47,OK,25.87,25.82,OK,25.44,25.37,OK,25.28,25.12,OK,0,0,,0,0,,11.4,OK,11.42,OK,11.62,OK,11.43,OK,11.48,OK,11.48,OK,11.47,OK,0,,0,,9.98,OK,10.37,OK,10.31,OK,10.34,OK,10.19,OK,10.28,OK,10.17,OK,0,,0,,,,82.91,OK,,,,82.9,OK,,,,157.13,OK,,,,157.34,OK,,,,37.61,OK,,,,37.95,OK,,,,,,,,,,,,,,,,,
2410120909C,NEW KAPPAEX1.0,CM4P5,2024-10-12 18:22:22,18.686,27.87,OK,23.66,23.33,OK,22.41,22.17,OK,24.74,24.39,OK,20.98,20.67,OK,23.9,23.84,OK,21.57,21.13,OK,21.86,21.44,OK,0,0,,0,0,,0,OK,0,OK,0,OK,0,OK,0,OK,0,OK,0,OK,0,,0,,0,OK,0,OK,0,OK,0,OK,0,OK,0,OK,0,OK,0,,0,,,,53.64,OK,,,,53.54,OK,,,,-293.88,OK,,,,-291.48,OK,,,,172.41,OK,,,,172.8,OK,,,,,,,,,,,,,,,,,
2410120925D,ATKINSON 3.8 OCV,DM2P8,2024-10-12 18:23:03,18.987,24.22,OK,27.85,27.75,OK,26.08,26.01,OK,24.72,24.55,OK,26.23,26.2,OK,25.74,25.67,OK,25.33,25.21,OK,25.55,25.45,OK,0,0,,0,0,,11.06,OK,11.27,OK,10.77,OK,10.82,OK,11.09,OK,10.79,OK,10.81,OK,0,,0,,10.2,OK,10.16,OK,10.16,OK,10.15,OK,10.16,OK,10.16,OK,10.14,OK,0,,0,,,,81.29,OK,,,,81.77,OK,,,,157.96,OK,,,,158.25,OK,,,,37.76,OK,,,,37.9,OK,,,,,,,,,,,,,,,,,
2410120910C,NEW KAPPAEX1.0,CM5P8,2024-10-12 18:23:08,18.695,27.23,OK,26.47,26.35,OK,22.72,22.39,OK,21.93,21.77,OK,21.74,21.55,OK,21.65,21.34,OK,22.05,21.84,OK,22.67,22.36,OK,0,0,,0,0,,2.46,OK,2.49,OK,2.48,OK,2.49,OK,2.49,OK,2.49,OK,2.56,OK,0,,0,,2.64,OK,2.39,OK,2.45,OK,2.43,OK,2.42,OK,2.46,OK,2.55,OK,0,,0,,,,53,OK,,,,54.33,OK,,,,-291.52,OK,,,,-292.73,OK,,,,171.03,OK,,,,171.43,OK,,,,,,,,,,,,,,,,,
2410120911C,NEW KAPPAEX1.0,CM1P3,2024-10-12 18:23:57,18.683,28.01,OK,24.11,23.83,OK,23.13,22.39,OK,24.09,23.95,OK,22.76,22.22,OK,22.95,22.88,OK,22.2,22.06,OK,22.53,21.66,OK,0,0,,0,0,,5.98,OK,6.77,OK,6.66,OK,6.6,OK,7.28,OK,7.05,OK,6.81,OK,0,,0,,6.33,OK,6.76,OK,7.12,OK,6.87,OK,6.62,OK,6.72,OK,6.42,OK,0,,0,,,,53.83,OK,,,,54.31,OK,,,,-293.01,OK,,,,-293.2,OK,,,,172.56,OK,,,,171.33,OK,,,,,,,,,,,,,,,,,
2410120926D,ATKINSON 3.8 OCV,DM3P7,2024-10-12 18:23:58,18.997,23.26,OK,28.77,28.67,OK,25.94,25.87,OK,25.77,25.63,OK,23.92,23.82,OK,27.74,27.68,OK,26.07,26.03,OK,28.28,28.21,OK,0,0,,0,0,,11.02,OK,11.6,OK,11.58,OK,11.7,OK,11.5,OK,11.64,OK,11.5,OK,0,,0,,12.79,OK,12.79,OK,12.78,OK,12.92,OK,12.75,OK,12.89,OK,12.91,OK,0,,0,,,,82.61,OK,,,,82.97,OK,,,,157.77,OK,,,,157.6,OK,,,,37.4,OK,,,,37.5,OK,,,,,,,,,,,,,,,,,
2410120912C,NEW KAPPAEX1.0,CM2P7,2024-10-12 18:24:45,18.697,28.27,OK,22.47,22.19,OK,21.38,21.14,OK,22.15,21.75,OK,21.38,21.17,OK,22.5,22.47,OK,20.68,20.4,OK,22.15,21.8,OK,0,0,,0,0,,15.36,OK,15.36,OK,15.36,OK,15.36,OK,15.36,OK,15.36,OK,15.36,OK,0,,0,,15.36,OK,15.36,OK,15.36,OK,15.36,OK,15.36,OK,15.36,OK,15.36,OK,0,,0,,,,54.94,OK,,,,53.61,OK,,,,-291.11,OK,,,,-292.34,OK,,,,171.99,OK,,,,172.13,OK,,,,,,,,,,,,,,,,,
2410120927D,ATKINSON 3.8 OCV,DM4P1,2024-10-12 18:24:53,18.988,22.76,OK,26.58,26.45,OK,22.92,22.85,OK,23.62,23.43,OK,24.73,24.68,OK,24.84,24.73,OK,24.71,24.59,OK,24.1,24.06,OK,0,0,,0,0,,12.4,OK,12.49,OK,12.44,OK,12.53,OK,12.34,OK,12.47,OK,12.61,OK,0,,0,,12.48,OK,12.55,OK,12.26,OK,12.6,OK,12.56,OK,12.45,OK,12.64,OK,0,,0,,,,82.05,OK,,,,82.42,OK,,,,158.13,OK,,,,158.27,OK,,,,37.74,OK,,,,37.89,OK,,,,,,,,,,,,,,,,,
2410120913C,NEW KAPPAEX1.0,CM3P9,2024-10-12 18:25:34,18.695,27.58,OK,27.52,26.81,OK,25.8,25.18,OK,26.18,25.75,OK,25.75,24.96,OK,26.09,25.61,OK,27.45,26.36,OK,25.05,24.53,OK,0,0,,0,0,,0,OK,0,OK,0,OK,0,OK,0,OK,0,OK,0,OK,0,,0,,0,OK,0,OK,0,OK,0,OK,0,OK,0,OK,0,OK,0,,0,,,,51.96,OK,,,,51.86,OK,,,,-293.85,OK,,,,-292.48,OK,,,,172.78,OK,,,,172.85,OK,,,,,,,,,,,,,,,,,
2410120928D,ATKINSON 3.8 OCV,DM1P3,2024-10-12 18:25:49,18.995,23.15,OK,25.15,25.1,OK,28,27.8,OK,26.29,26.14,OK,27.08,26.86,OK,26.25,26.23,OK,26.16,26.05,OK,26.86,26.83,OK,0,0,,0,0,,11.36,OK,11.47,OK,11.42,OK,11.4,OK,11.52,OK,11.52,OK,11.45,OK,0,,0,,9.95,OK,10.45,OK,10.33,OK,10.21,OK,10.12,OK,10.25,OK,10.26,OK,0,,0,,,,82.84,OK,,,,82.4,OK,,,,157.67,OK,,,,158.04,OK,,,,37.16,OK,,,,37.31,OK,,,,,,,,,,,,,,,,,
2410120915C,NEW KAPPAEX1.0,CM5P2,2024-10-12 18:26:23,18.697,26.68,OK,24.54,24.32,OK,21.43,21.19,OK,22.36,22.08,OK,20.38,20.19,OK,20.26,20.05,OK,23.03,22.7,OK,21.81,21.6,OK,0,0,,0,0,,2.45,OK,2.52,OK,2.47,OK,2.44,OK,2.47,OK,2.51,OK,2.48,OK,0,,0,,2.54,OK,2.47,OK,2.41,OK,2.35,OK,2.46,OK,2.44,OK,2.35,OK,0,,0,,,,53.61,OK,,,,51.69,OK,,,,-292.03,OK,,,,-292.6,OK,,,,171.83,OK,,,,171.02,OK,,,,,,,,,,,,,,,,,
2410120929D,ATKINSON 3.8 OCV,DM2P9,2024-10-12 18:26:44,18.991,22.76,OK,28.31,28.21,OK,25.89,25.79,OK,25.04,24.92,OK,27.15,27.07,OK,28.12,28.09,OK,26.59,26.52,OK,24.07,24.02,OK,0,0,,0,0,,10.82,OK,11.1,OK,11.44,OK,11.42,OK,11.01,OK,10.74,OK,10.82,OK,0,,0,,10.2,OK,10.27,OK,10.3,OK,10.25,OK,10.31,OK,10.33,OK,10.28,OK,0,,0,,,,81.84,OK,,,,82.11,OK,,,,158.22,OK,,,,158.33,OK,,,,38.44,OK,,,,37.81,OK,,,,,,,,,,,,,,,,,
2410120914C,NEW KAPPAEX1.0,CM4P4,2024-10-12 18:27:08,18.682,27.82,OK,27.4,26.57,OK,23.27,23,OK,24.04,23.49,OK,21.95,21.77,OK,23.64,23.62,OK,22.85,22.52,OK,22.34,21.9,OK,0,0,,0,0,,0,OK,0,OK,0,OK,0,OK,0,OK,0,OK,0,OK,0,,0,,0,OK,0,OK,0,OK,0,OK,0,OK,0,OK,0,OK,0,,0,,,,54.01,OK,,,,53.75,OK,,,,-292.72,OK,,,,-292.73,OK,,,,172.01,OK,,,,173.54,OK,,,,,,,,,,,,,,,,,
2410120930D,ATKINSON 3.8 OCV,DM3P2,2024-10-12 18:27:39,18.99,24.76,OK,26.52,26.38,OK,25.49,25.49,OK,24.47,24.24,OK,23.85,23.8,OK,27.07,26.96,OK,27.61,27.56,OK,26.52,26.4,OK,0,0,,0,0,,11.25,OK,11.57,OK,11.62,OK,11.45,OK,11.53,OK,11.76,OK,11.48,OK,0,,0,,12.77,OK,12.82,OK,12.86,OK,12.91,OK,12.76,OK,12.94,OK,12.91,OK,0,,0,,,,81.65,OK,,,,82.29,OK,,,,157.45,OK,,,,158.07,OK,,,,37.46,OK,,,,37.26,OK,,,,,,,,,,,,,,,,,
2410120916C,NEW KAPPAEX1.0,CM1P1,2024-10-12 18:27:57,18.694,26.62,OK,23.48,23.27,OK,23.81,23.3,OK,24.07,23.86,OK,22.48,22.13,OK,22.67,22.6,OK,22.85,22.53,OK,21.99,21.8,OK,0,0,,0,0,,5.8,OK,6.89,OK,6.75,OK,6.79,OK,6.87,OK,6.8,OK,6.88,OK,0,,0,,6.12,OK,6.44,OK,6.57,OK,6.67,OK,6.84,OK,6.87,OK,6.43,OK,0,,0,,,,53.93,OK,,,,52.73,OK,,,,-293.63,OK,,,,-293.92,OK,,,,172.54,OK,,,,173.56,OK,,,,,,,,,,,,,,,,,
2410120931D,ATKINSON 3.8 OCV,DM4P4,2024-10-12 18:28:34,18.999,23.48,OK,25.91,25.7,OK,24.8,24.66,OK,24.73,24.45,OK,28.09,28.02,OK,26.82,26.72,OK,25.94,25.89,OK,26.35,26.24,OK,0,0,,0,0,,12.4,OK,12.32,OK,12.47,OK,12.53,OK,12.48,OK,12.5,OK,12.6,OK,0,,0,,12.58,OK,12.49,OK,12.35,OK,12.53,OK,12.48,OK,12.45,OK,12.44,OK,0,,0,,,,81.46,OK,,,,81.46,OK,,,,158.06,OK,,,,158.37,OK,,,,38.17,OK,,,,38.06,OK,,,,,,,,,,,,,,,,,
2410120917C,NEW KAPPAEX1.0,CM2P6,2024-10-12 18:28:46,18.687,27.3,OK,25.88,25.65,OK,23.08,22.8,OK,24.69,24.34,OK,23.43,23.1,OK,24.48,24.36,OK,23.17,22.94,OK,23.55,23.38,OK,0,0,,0,0,,15.36,OK,15.36,OK,15.36,OK,15.36,OK,15.36,OK,15.36,OK,15.36,OK,0,,0,,15.36,OK,15.36,OK,15.36,OK,15.36,OK,15.36,OK,15.36,OK,15.36,OK,0,,0,,,,53.19,OK,,,,52.13,OK,,,,-292.6,OK,,,,-291.22,OK,,,,172.68,OK,,,,172.63,OK,,,,,,,,,,,,,,,,,
2410120932D,ATKINSON 3.8 OCV,DM1P6,2024-10-12 18:29:30,18.996,23.16,OK,24.83,24.76,OK,27.35,27.26,OK,24.97,24.7,OK,26.38,26.11,OK,25.82,25.75,OK,25.66,25.57,OK,26.23,26.2,OK,0,0,,0,0,,11.41,OK,11.35,OK,11.43,OK,11.57,OK,11.45,OK,11.43,OK,11.47,OK,0,,0,,9.91,OK,10.37,OK,10.31,OK,10.31,OK,10.29,OK,10.25,OK,10.12,OK,0,,0,,,,82.99,OK,,,,82.95,OK,,,,157.2,OK,,,,157.3,OK,,,,37.42,OK,,,,37.81,OK,,,,,,,,,,,,,,,,,
2410120918C,NEW KAPPAEX1.0,CM3P8,2024-10-12 18:29:31,18.698,26.68,OK,27.81,27.04,OK,27.31,26.93,OK,27.18,26.75,OK,26.59,26.02,OK,26.36,26.14,OK,25.55,25,OK,25.55,25.21,OK,0,0,,0,0,,0,OK,0,OK,0,OK,0,OK,0,OK,0,OK,0,OK,0,,0,,0,OK,0,OK,0,OK,0,OK,0,OK,0,OK,0,OK,0,,0,,,,51.83,OK,,,,53.93,OK,,,,-291.38,OK,,,,-291.38,OK,,,,172.45,OK,,,,172.15,OK,,,,,,,,,,,,,,,,,
2410120919C,NEW KAPPAEX1.0,CM5P5,2024-10-12 18:30:20,18.695,27.46,OK,26.07,25.92,OK,23.32,23.22,OK,24.06,23.96,OK,22.51,22.39,OK,22.08,21.81,OK,22.22,21.96,OK,23.06,22.87,OK,0,0,,0,0,,2.47,OK,2.48,OK,2.54,OK,2.52,OK,2.5,OK,2.52,OK,2.54,OK,0,,0,,2.62,OK,2.45,OK,2.62,OK,2.45,OK,2.47,OK,2.51,OK,2.34,OK,0,,0,,,,53.88,OK,,,,52.71,OK,,,,-293.28,OK,,,,-292.81,OK,,,,171.4,OK,,,,171.97,OK,,,,,,,,,,,,,,,,,
2410120933D,ATKINSON 3.8 OCV,DM2P8,2024-10-12 18:30:22,18.996,23.82,OK,28.62,28.48,OK,24.17,24.05,OK,23.9,23.73,OK,24.97,24.87,OK,25.79,25.77,OK,24.97,24.85,OK,24.02,24.02,OK,0,0,,0,0,,10.8,OK,11.04,OK,10.76,OK,10.85,OK,10.73,OK,10.71,OK,10.83,OK,0,,0,,10.29,OK,10.41,OK,10.49,OK,10.3,OK,10.5,OK,10.34,OK,10.31,OK,0,,0,,,,81.5,OK,,,,81.48,OK,,,,158.33,OK,,,,158.46,OK,,,,37.89,OK,,,,38.36,OK,,,,,,,,,,,,,,,,,
2410120920C,NEW KAPPAEX1.0,CM4P3,2024-10-12 18:31:06,18.683,26.53,OK,29.69,28.83,OK,24.54,24.3,OK,25.84,25.29,OK,25.25,25.03,OK,25.84,25.64,OK,24.32,23.88,OK,24.63,24.3,OK,0,0,,0,0,,0,OK,0,OK,0,OK,0,OK,0,OK,0,OK,0,OK,0,,0,,0,OK,0,OK,0,OK,0,OK,0,OK,0,OK,0,OK,0,,0,,,,53.42,OK,,,,53.51,OK,,,,-293.17,OK,,,,-292.26,OK,,,,171.97,OK,,,,172.11,OK,,,,,,,,,,,,,,,,,
2410120934D,ATKINSON 3.8 OCV,DM3P7,2024-10-12 18:31:17,18.996,23.82,OK,28.9,28.79,OK,25.87,25.82,OK,25.59,25.36,OK,25.56,25.52,OK,26.52,26.47,OK,26.82,26.75,OK,26.14,26,OK,0,0,,0,0,,11.29,OK,11.58,OK,11.62,OK,11.46,OK,11.49,OK,11.72,OK,11.48,OK,0,,0,,12.78,OK,12.78,OK,12.88,OK,12.83,OK,12.76,OK,12.9,OK,12.92,OK,0,,0,,,,82.47,OK,,,,83.02,OK,,,,157.62,OK,,,,157.98,OK,,,,37.48,OK,,,,37.64,OK,,,,,,,,,,,,,,,,,
2410120921C,NEW KAPPAEX1.0,CM1P7,2024-10-12 18:31:51,18.667,26.66,OK,22.81,22.62,OK,22.9,22.6,OK,24.07,23.88,OK,21.48,21.15,OK,22.22,22.11,OK,21.41,20.99,OK,22.81,22.67,OK,0,0,,0,0,,5.96,OK,6.62,OK,6.65,OK,7.02,OK,6.97,OK,7.01,OK,6.84,OK,0,,0,,6.31,OK,6.92,OK,6.99,OK,6.53,OK,6.59,OK,6.78,OK,6.6,OK,0,,0,,,,53.86,OK,,,,54.51,OK,,,,-291.44,OK,,,,-293.41,OK,,,,172.34,OK,,,,172.83,OK,,,,,,,,,,,,,,,,,
2410120935D,ATKINSON 3.8 OCV,DM4P1,2024-10-12 18:32:09,18.994,24.07,OK,24.78,24.59,OK,25.01,24.87,OK,25.12,24.78,OK,27.72,27.63,OK,25.4,25.29,OK,25.7,25.63,OK,25.8,25.75,OK,0,0,,0,0,,12.43,OK,12.42,OK,12.33,OK,12.52,OK,12.48,OK,12.49,OK,12.56,OK,0,,0,,12.61,OK,12.61,OK,12.29,OK,12.6,OK,12.48,OK,12.48,OK,12.43,OK,0,,0,,,,82.22,OK,,,,82.18,OK,,,,157.84,OK,,,,158.12,OK,,,,37.67,OK,,,,37.62,OK,,,,,,,,,,,,,,,,,
2410120922C,NEW KAPPAEX1.0,CM2P9,2024-10-12 18:32:40,18.692,27.15,OK,24.95,24.81,OK,25.06,24.83,OK,26.04,25.72,OK,23.64,23.36,OK,23.06,22.96,OK,23.17,22.78,OK,24.04,23.78,OK,0,0,,0,0,,15.36,OK,15.36,OK,15.36,OK,15.36,OK,15.36,OK,15.36,OK,15.36,OK,0,,0,,15.36,OK,15.36,OK,15.36,OK,15.36,OK,15.36,OK,15.36,OK,15.36,OK,0,,0,,,,53.11,OK,,,,53.88,OK,,,,-293.43,OK,,,,-291.57,OK,,,,171.99,OK,,,,172.07,OK,,,,,,,,,,,,,,,,,
2410120936D,ATKINSON 3.8 OCV,DM1P3,2024-10-12 18:33:04,18.991,22.52,OK,24.25,24.13,OK,27.49,27.13,OK,26.11,25.78,OK,26.34,26.23,OK,25.87,25.78,OK,26.52,26.45,OK,25.57,25.51,OK,0,0,,0,0,,11.33,OK,11.38,OK,11.38,OK,11.36,OK,11.47,OK,11.42,OK,11.53,OK,0,,0,,9.96,OK,10.33,OK,10.49,OK,10.33,OK,10.22,OK,10.28,OK,10.27,OK,0,,0,,,,82.72,OK,,,,82.47,OK,,,,157.72,OK,,,,157.94,OK,,,,37.15,OK,,,,37.18,OK,,,,,,,,,,,,,,,,,
2410120923C,NEW KAPPAEX1.0,CM3P2,2024-10-12 18:33:25,18.685,26.81,OK,30.75,30.16,OK,27.88,27.54,OK,27.36,26.79,OK,27.9,27.38,OK,27.29,26.95,OK,26.36,25.66,OK,26.79,26.07,OK,0,0,,0,0,,0,OK,0,OK,0,OK,0,OK,0,OK,0,OK,0,OK,0,,0,,0,OK,0,OK,0,OK,0,OK,0,OK,0,OK,0,OK,0,,0,,,,53.18,OK,,,,54.13,OK,,,,-291.78,OK,,,,-292.98,OK,,,,172.34,OK,,,,170.14,OK,,,,,,,,,,,,,,,,,
2410120937D,ATKINSON 3.8 OCV,DM2P9,2024-10-12 18:33:59,18.986,23.71,OK,27.17,27.12,OK,24.34,24.29,OK,23.73,23.54,OK,26.37,26.37,OK,27.15,27.12,OK,25.69,25.6,OK,24.41,24.26,OK,0,0,,0,0,,10.78,OK,10.75,OK,11.28,OK,11.31,OK,10.9,OK,10.75,OK,10.85,OK,0,,0,,10.35,OK,10.56,OK,10.63,OK,10.35,OK,10.39,OK,10.34,OK,10.31,OK,0,,0,,,,81.93,OK,,,,82.3,OK,,,,158.35,OK,,,,158.49,OK,,,,38.4,OK,,,,37.79,OK,,,,,,,,,,,,,,,,,
2410120924C,NEW KAPPAEX1.0,CM5P4,2024-10-12 18:34:11,18.69,27.15,OK,24.18,23.84,OK,21.81,21.55,OK,23.03,22.72,OK,20.26,20.05,OK,21.19,20.91,OK,21.46,21.17,OK,21.74,21.48,OK,0,0,,0,0,,2.43,OK,2.54,OK,2.46,OK,2.47,OK,2.47,OK,2.5,OK,2.48,OK,0,,0,,2.56,OK,2.53,OK,2.41,OK,2.42,OK,2.45,OK,2.45,OK,2.36,OK,0,,0,,,,53.77,OK,,,,52.98,OK,,,,-292.64,OK,,,,-292.04,OK,,,,172.02,OK,,,,173.43,OK,,,,,,,,,,,,,,,,,
2410120938D,ATKINSON 3.8 OCV,DM3P2,2024-10-12 18:34:55,18.994,23.18,OK,27.65,27.61,OK,25.59,25.56,OK,23.38,23.2,OK,24.17,24.08,OK,26.1,26.03,OK,26.05,25.98,OK,26.77,26.68,OK,0,0,,0,0,,11.45,OK,11.61,OK,12.3,OK,11.48,OK,11.75,OK,11.62,OK,11.55,OK,0,,0,,12.78,OK,12.8,OK,12.9,OK,12.79,OK,12.91,OK,12.9,OK,12.9,OK,0,,0,,,,81.66,OK,,,,82.01,OK,,,,157.76,OK,,,,158.02,OK,,,,37.69,OK,,,,37.52,OK,,,,,,,,,,,,,,,,,
2410120925C,NEW KAPPAEX1.0,CM4P1,2024-10-12 18:35:00,18.688,28.46,OK,25.64,25.2,OK,21.84,21.51,OK,23.4,23.07,OK,21.53,21.15,OK,23.13,23.05,OK,21.37,20.93,OK,21.18,20.67,OK,0,0,,0,0,,0,OK,0,OK,0,OK,0,OK,0,OK,0,OK,0,OK,0,,0,,0,OK,0,OK,0,OK,0,OK,0,OK,0,OK,0,OK,0,,0,,,,54.29,OK,,,,53.66,OK,,,,-292.61,OK,,,,-292.52,OK,,,,172.62,OK,,,,173.4,OK,,,,,,,,,,,,,,,,,
2410120939D,ATKINSON 3.8 OCV,DM4P4,2024-10-12 18:35:47,18.987,23.92,OK,25.24,25.12,OK,25.26,25.17,OK,25.33,25.29,OK,25.7,25.63,OK,27.19,26.98,OK,25.61,25.52,OK,25.15,25.01,OK,0,0,,0,0,,12.24,OK,11.96,OK,12.23,OK,12.32,OK,12.14,OK,12.27,OK,12.56,OK,0,,0,,12.47,OK,12.45,OK,12.56,OK,12.43,OK,12.47,OK,12.43,OK,12.53,OK,0,,0,,,,81.54,OK,,,,81.67,OK,,,,158.06,OK,,,,158.22,OK,,,,37.86,OK,,,,37.92,OK,,,,,,,,,,,,,,,,,
2410120926C,NEW KAPPAEX1.0,CM1P6,2024-10-12 18:35:48,18.696,26.73,OK,24.02,23.76,OK,22.13,21.64,OK,23.79,23.58,OK,21.13,20.64,OK,21.34,21.2,OK,21.59,21.38,OK,22.34,22.15,OK,0,0,,0,0,,5.87,OK,7.13,OK,6.89,OK,6.65,OK,6.9,OK,6.75,OK,6.86,OK,0,,0,,6.89,OK,6.47,OK,6.52,OK,6.57,OK,6.63,OK,7.01,OK,6.28,OK,0,,0,,,,51.96,OK,,,,53.98,OK,,,,-291.37,OK,,,,-292.36,OK,,,,173.52,OK,,,,172.86,OK,,,,,,,,,,,,,,,,,
2410120927C,NEW KAPPAEX1.0,CM2P8,2024-10-12 18:36:34,18.686,27.4,OK,25.58,25.34,OK,22.52,22.43,OK,23.01,22.71,OK,23.27,23.03,OK,22.8,22.78,OK,20.61,20.37,OK,22.87,22.68,OK,0,0,,0,0,,15.36,OK,15.36,OK,15.36,OK,15.36,OK,15.36,OK,15.36,OK,15.36,OK,0,,0,,15.36,OK,15.36,OK,15.36,OK,15.36,OK,15.36,OK,15.36,OK,15.36,OK,0,,0,,,,53.47,OK,,,,53.95,OK,,,,-291.13,OK,,,,-291.66,OK,,,,171.29,OK,,,,172.14,OK,,,,,,,,,,,,,,,,,
2410120940D,ATKINSON 3.8 OCV,DM1P6,2024-10-12 18:36:42,18.997,20.95,OK,23.01,22.92,OK,28.14,27.94,OK,25.96,25.8,OK,25.51,25.44,OK,24.79,24.67,OK,24.49,24.38,OK,23.8,23.75,OK,0,0,,0,0,,11.39,OK,11.44,OK,11.44,OK,11.73,OK,11.47,OK,11.4,OK,11.44,OK,0,,0,,9.83,OK,10.3,OK,10.27,OK,10.36,OK,9.96,OK,9.99,OK,9.98,OK,0,,0,,,,83.25,OK,,,,83.08,OK,,,,157,OK,,,,156.91,OK,,,,37.26,OK,,,,37.67,OK,,,,,,,,,,,,,,,,,
2410120928C,NEW KAPPAEX1.0,CM3P5,2024-10-12 18:37:22,,,,27.36,26.79,OK,27.43,26.93,OK,26.34,25.91,OK,26.57,25.98,OK,25.8,25.48,OK,25.84,24.98,OK,26.81,25.98,OK,0,0,,0,0,,0,OK,0,OK,0,OK,0,OK,0,OK,0,OK,0,OK,0,,0,,0,OK,0,OK,0,OK,0,OK,0,OK,0,OK,0,OK,0,,0,,,,53.13,OK,,,,53.03,OK,,,,-291.86,OK,,,,-291.9,OK,,,,173.26,OK,,,,172.4,OK,,,,,,,,,,,,,,,,,
2410120941D,ATKINSON 3.8 OCV,DM2P8,2024-10-12 18:37:37,18.986,22.32,OK,26.44,26.44,OK,23.39,23.29,OK,23.17,22.91,OK,25.79,25.72,OK,25.5,25.47,OK,25.16,25.09,OK,23.08,23.05,OK,0,0,,0,0,,10.78,OK,10.75,OK,10.72,OK,10.72,OK,11.38,OK,11.29,OK,10.81,OK,0,,0,,10.65,OK,10.34,OK,10.47,OK,10.26,OK,10.33,OK,10.38,OK,10.42,OK,0,,0,,,,81.96,OK,,,,82.22,OK,,,,157.66,OK,,,,157.87,OK,,,,37.24,OK,,,,37.54,OK,,,,,,,,,,,,,,,,,
2410120929C,NEW KAPPAEX1.0,CM5P3,2024-10-12 18:38:11,18.693,28.62,OK,25.42,25.23,OK,22.1,21.74,OK,21.6,21.26,OK,20.24,20.05,OK,21.41,21.17,OK,21.84,21.24,OK,21.48,21.22,OK,0,0,,0,0,,2.46,OK,2.51,OK,2.45,OK,2.45,OK,2.46,OK,2.51,OK,2.46,OK,0,,0,,2.62,OK,2.52,OK,2.39,OK,2.37,OK,2.52,OK,2.38,OK,2.38,OK,0,,0,,,,53.22,OK,,,,53.68,OK,,,,-292.41,OK,,,,-292.97,OK,,,,171.34,OK,,,,172.63,OK,,,,,,,,,,,,,,,,,
2410120942D,ATKINSON 3.8 OCV,DM3P7,2024-10-12 18:38:32,18.995,24.72,OK,27.35,27.33,OK,25.82,25.77,OK,24.87,24.26,OK,24.03,23.96,OK,27,26.86,OK,26.79,26.77,OK,26.82,26.7,OK,0,0,,0,0,,11.21,OK,11.58,OK,11.78,OK,11.72,OK,11.47,OK,11.82,OK,11.57,OK,0,,0,,12.76,OK,12.79,OK,12.84,OK,12.91,OK,12.74,OK,12.91,OK,12.86,OK,0,,0,,,,82.46,OK,,,,82.93,OK,,,,157.47,OK,,,,157.8,OK,,,,37.29,OK,,,,37.67,OK,,,,,,,,,,,,,,,,,
2410120930C,NEW KAPPAEX1.0,CM4P7,2024-10-12 18:38:57,18.697,28.05,OK,27.09,26.5,OK,21.88,21.46,OK,25.42,25.05,OK,23.22,22.76,OK,25,24.94,OK,23.57,23.31,OK,22.61,22.14,OK,0,0,,0,0,,0,OK,0,OK,0,OK,0,OK,0,OK,0,OK,0,OK,0,,0,,0,OK,0,OK,0,OK,0,OK,0,OK,0,OK,0,OK,0,,0,,,,53.65,OK,,,,52.95,OK,,,,-292.93,OK,,,,-292.4,OK,,,,171.08,OK,,,,173.53,OK,,,,,,,,,,,,,,,,,
2410120943D,ATKINSON 3.8 OCV,DM4P1,2024-10-12 18:39:24,18.991,22.35,OK,23.17,22.99,OK,24.1,24.06,OK,22.66,22.55,OK,24.08,23.87,OK,25.15,25.03,OK,24.33,24.31,OK,24.4,24.38,OK,0,0,,0,0,,12.33,OK,12.48,OK,12.44,OK,12.48,OK,12.43,OK,12.25,OK,12.55,OK,0,,0,,12.53,OK,12.51,OK,12.23,OK,12.42,OK,12.5,OK,12.45,OK,12.37,OK,0,,0,,,,82.24,OK,,,,82.4,OK,,,,157.81,OK,,,,158.11,OK,,,,37.47,OK,,,,37.55,OK,,,,,,,,,,,,,,,,,
2410120931C,NEW KAPPAEX1.0,CM1P9,2024-10-12 18:39:49,18.691,27.3,OK,24.67,24.56,OK,22.81,22.5,OK,23.93,23.72,OK,21.31,20.87,OK,22.43,22.39,OK,22.13,21.71,OK,23.86,23.39,OK,0,0,,0,0,,5.88,OK,6.73,OK,6.59,OK,6.6,OK,6.74,OK,7.28,OK,6.82,OK,0,,0,,6.16,OK,6.85,OK,6.84,OK,6.83,OK,6.56,OK,6.57,OK,6.53,OK,0,,0,,,,54.84,OK,,,,52.72,OK,,,,-292.86,OK,,,,-293.23,OK,,,,171.61,OK,,,,172.32,OK,,,,,,,,,,,,,,,,,
2410120944D,ATKINSON 3.8 OCV,DM1P3,2024-10-12 18:40:20,18.998,23.08,OK,25.82,25.69,OK,27.85,27.64,OK,25.33,25.06,OK,27.89,27.6,OK,26.81,26.74,OK,26.23,26.07,OK,25.39,25.33,OK,0,0,,0,0,,11.36,OK,11.4,OK,11.34,OK,11.4,OK,11.47,OK,11.5,OK,11.61,OK,0,,0,,10.11,OK,10.31,OK,10.13,OK,10.49,OK,10.32,OK,10.4,OK,10.28,OK,0,,0,,,,82.64,OK,,,,82.09,OK,,,,157.75,OK,,,,157.99,OK,,,,37.54,OK,,,,37.53,OK,,,,,,,,,,,,,,,,,
2410120932C,NEW KAPPAEX1.0,CM2P2,2024-10-12 18:40:38,18.685,27.91,OK,25.04,24.76,OK,23.38,23.01,OK,23.41,22.96,OK,21.89,21.77,OK,21.91,21.82,OK,22.08,21.7,OK,23.34,23.01,OK,0,0,,0,0,,15.36,OK,15.36,OK,15.36,OK,15.36,OK,15.36,OK,15.36,OK,15.36,OK,0,,0,,15.36,OK,15.36,OK,15.36,OK,15.36,OK,15.36,OK,15.36,OK,15.36,OK,0,,0,,,,54.28,OK,,,,54.66,OK,,,,-291.96,OK,,,,-291.53,OK,,,,171.7,OK,,,,171.75,OK,,,,,,,,,,,,,,,,,
2410120945D,ATKINSON 3.8 OCV,DM2P9,2024-10-12 18:41:15,18.982,23.06,OK,28.14,28.07,OK,25.23,25.16,OK,24.36,24.26,OK,27.99,27.95,OK,26.32,26.3,OK,25.64,25.52,OK,25.84,25.72,OK,0,0,,0,0,,11.14,OK,10.82,OK,11.15,OK,11.04,OK,10.82,OK,10.83,OK,10.81,OK,0,,0,,10.47,OK,10.45,OK,10.45,OK,10.48,OK,10.47,OK,10.48,OK,10.48,OK,0,,0,,,,81.85,OK,,,,82.38,OK,,,,158.2,OK,,,,158.2,OK,,,,38.29,OK,,,,37.62,OK,,,,,,,,,,,,,,,,,
2410120933C,NEW KAPPAEX1.0,CM3P4,2024-10-12 18:41:26,18.685,27.98,OK,28.53,27.97,OK,26.61,26.11,OK,26.93,26.54,OK,26.9,26.29,OK,25.98,25.73,OK,26.54,25.75,OK,24.64,23.74,OK,0,0,,0,0,,0,OK,0,OK,0,OK,0,OK,0,OK,0,OK,0,OK,0,,0,,0,OK,0,OK,0,OK,0,OK,0,OK,0,OK,0,OK,0,,0,,,,53.7,OK,,,,52.25,OK,,,,-293.18,OK,,,,-292.45,OK,,,,172.35,OK,,,,172.28,OK,,,,,,,,,,,,,,,,,
2410120946D,ATKINSON 3.8 OCV,DM3P2,2024-10-12 18:42:10,18.998,24.1,OK,30.23,30.16,OK,25.42,25.42,OK,24.78,24.68,OK,24.26,24.24,OK,26.19,26.19,OK,27.12,27.07,OK,26.45,26.4,OK,0,0,,0,0,,11.24,OK,11.62,OK,11.61,OK,11.44,OK,11.62,OK,11.26,OK,11.64,OK,0,,0,,12.78,OK,12.8,OK,12.83,OK,12.84,OK,12.84,OK,12.81,OK,12.85,OK,0,,0,,,,82.09,OK,,,,82.32,OK,,,,157.96,OK,,,,158.19,OK,,,,37.62,OK,,,,37.47,OK,,,,,,,,,,,,,,,,,
2410120934C,NEW KAPPAEX1.0,CM5P1,2024-10-12 18:42:12,18.689,27.53,OK,24.04,23.84,OK,21,20.69,OK,21.72,21.53,OK,20.55,20.43,OK,22.6,22.17,OK,21.26,20.95,OK,21.31,21.12,OK,0,0,,0,0,,2.44,OK,2.48,OK,2.47,OK,2.5,OK,2.48,OK,2.49,OK,2.48,OK,0,,0,,2.63,OK,2.33,OK,2.41,OK,2.44,OK,2.49,OK,2.41,OK,2.4,OK,0,,0,,,,54.29,OK,,,,53.84,OK,,,,-293.46,OK,,,,-292.49,OK,,,,171.13,OK,,,,172.73,OK,,,,,,,,,,,,,,,,,
2410120935C,NEW KAPPAEX1.0,CM4P6,2024-10-12 18:42:57,18.686,27.7,OK,23.95,23.53,OK,22.54,22.3,OK,22.47,21.99,OK,21.44,21.11,OK,22.1,22.06,OK,22.58,22.3,OK,22.67,22.34,OK,0,0,,0,0,,0,OK,0,OK,0,OK,0,OK,0,OK,0,OK,0,OK,0,,0,,0,OK,0,OK,0,OK,0,OK,0,OK,0,OK,0,OK,0,,0,,,,52.7,OK,,,,52.02,OK,,,,-293.87,OK,,,,-293.88,OK,,,,173.52,OK,,,,173.25,OK,,,,,,,,,,,,,,,,,
2410120947D,ATKINSON 3.8 OCV,DM4P4,2024-10-12 18:43:05,18.984,23.32,OK,25.52,25.4,OK,23.43,23.34,OK,24.89,24.66,OK,25.47,25.38,OK,26.28,26.14,OK,25.59,25.56,OK,24.43,24.33,OK,0,0,,0,0,,12.34,OK,12.48,OK,12.47,OK,12.29,OK,12.47,OK,12.48,OK,12.51,OK,0,,0,,12.34,OK,12.37,OK,12.54,OK,12.47,OK,12.36,OK,12.46,OK,12.52,OK,0,,0,,,,81.6,OK,,,,81.85,OK,,,,157.46,OK,,,,158.03,OK,,,,37.55,OK,,,,37.44,OK,,,,,,,,,,,,,,,,,
2410120936C,NEW KAPPAEX1.0,CM1P8,2024-10-12 18:43:49,18.698,27.38,OK,23.02,22.88,OK,22.13,21.66,OK,22.27,22.15,OK,22.41,22.01,OK,23.46,23.39,OK,22.25,21.92,OK,22.62,22.55,OK,0,0,,0,0,,5.93,OK,6.5,OK,6.51,OK,6.59,OK,7.03,OK,6.94,OK,6.75,OK,0,,0,,6.16,OK,6.5,OK,6.7,OK,6.41,OK,6.52,OK,6.8,OK,6.71,OK,0,,0,,,,53.49,OK,,,,52.94,OK,,,,-294.07,OK,,,,-294.44,OK,,,,173.13,OK,,,,172.92,OK,,,,,,,,,,,,,,,,,
2410120948D,ATKINSON 3.8 OCV,DM1P6,2024-10-12 18:44:01,18.999,23.72,OK,25.73,25.44,OK,27.08,26.99,OK,25.46,25.19,OK,26.9,26.81,OK,26.47,26.41,OK,26.56,26.52,OK,23.89,23.77,OK,0,0,,0,0,,11.4,OK,11.36,OK,11.42,OK,11.55,OK,11.41,OK,11.69,OK,11.44,OK,0,,0,,10.1,OK,10.36,OK,10.23,OK,10.33,OK,10.23,OK,10.14,OK,10.15,OK,0,,0,,,,82.73,OK,,,,82.71,OK,,,,157.26,OK,,,,157.04,OK,,,,37.69,OK,,,,37.87,OK,,,,,,,,,,,,,,,,,
2410120937C,NEW KAPPAEX1.0,CM2P5,2024-10-12 18:44:35,18.687,27.48,OK,22.33,22.19,OK,23.45,22.94,OK,24.34,24.01,OK,21.31,20.91,OK,22.5,22.45,OK,22.59,22.19,OK,21.91,21.61,OK,0,0,,0,0,,15.36,OK,15.36,OK,15.36,OK,15.36,OK,15.36,OK,15.36,OK,15.36,OK,0,,0,,15.36,OK,15.36,OK,15.36,OK,15.36,OK,15.36,OK,15.36,OK,15.36,OK,0,,0,,,,53.14,OK,,,,53.9,OK,,,,-292.35,OK,,,,-292.56,OK,,,,171.81,OK,,,,172.23,OK,,,,,,,,,,,,,,,,,
2410120949D,ATKINSON 3.8 OCV,DM2P8,2024-10-12 18:44:56,18.983,23.25,OK,26.66,26.56,OK,22.93,22.88,OK,24.29,24.09,OK,25.79,25.72,OK,25.52,25.47,OK,25.94,25.86,OK,26.25,26.2,OK,0,0,,0,0,,10.82,OK,11.06,OK,10.76,OK,10.77,OK,11.1,OK,11.42,OK,10.84,OK,0,,0,,10.47,OK,10.48,OK,10.48,OK,10.4,OK,10.52,OK,10.51,OK,10.5,OK,0,,0,,,,81.33,OK,,,,81.54,OK,,,,158.29,OK,,,,158.41,OK,,,,37.29,OK,,,,38.04,OK,,,,,,,,,,,,,,,,,
2410120938C,NEW KAPPAEX1.0,CM3P3,2024-10-12 18:45:20,18.694,28.03,OK,29.76,28.85,OK,26.95,26.36,OK,27.11,26.63,OK,26.66,26.07,OK,26.75,26.41,OK,26.29,25.75,OK,25.32,24.82,OK,0,0,,0,0,,0,OK,0,OK,0,OK,0,OK,0,OK,0,OK,0,OK,0,,0,,0,OK,0,OK,0,OK,0,OK,0,OK,0,OK,0,OK,0,,0,,,,53,OK,,,,53.35,OK,,,,-292.07,OK,,,,-292.87,OK,,,,171.59,OK,,,,172.58,OK,,,,,,,,,,,,,,,,,
2410120950D,ATKINSON 3.8 OCV,DM3P7,2024-10-12 18:45:51,18.99,23.02,OK,25.96,25.96,OK,26.19,26.12,OK,24.5,24.31,OK,22.39,22.25,OK,26.33,26.21,OK,25.29,25.22,OK,26.42,26.31,OK,0,0,,0,0,,11.27,OK,11.6,OK,11.59,OK,11.89,OK,11.46,OK,11.8,OK,11.46,OK,0,,0,,12.91,OK,12.8,OK,12.87,OK,12.93,OK,12.79,OK,12.89,OK,12.95,OK,0,,0,,,,81.79,OK,,,,82.49,OK,,,,157.55,OK,,,,158.69,OK,,,,36.98,OK,,,,37.43,OK,,,,,,,,,,,,,,,,,
2410120939C,NEW KAPPAEX1.0,CM5P7,2024-10-12 18:46:09,18.687,27.82,OK,25.35,24.99,OK,22.72,22.48,OK,23.18,22.82,OK,20.45,20.31,OK,22.36,22.2,OK,22.44,22.15,OK,22.72,22.39,OK,0,0,,0,0,,2.48,OK,2.5,OK,2.46,OK,2.49,OK,2.55,OK,2.5,OK,2.49,OK,0,,0,,2.77,OK,2.42,OK,2.41,OK,2.43,OK,2.63,OK,2.45,OK,2.38,OK,0,,0,,,,53.37,OK,,,,53.65,OK,,,,-292.88,OK,,,,-292.32,OK,,,,172.42,OK,,,,171.84,OK,,,,,,,,,,,,,,,,,
2410120951D,ATKINSON 3.8 OCV,DM4P1,2024-10-12 18:46:46,18.988,23.96,OK,26.98,26.91,OK,23.62,23.57,OK,25.33,25.12,OK,26.75,26.65,OK,26.89,26.75,OK,25.91,25.91,OK,24.66,24.61,OK,0,0,,0,0,,12.32,OK,12.3,OK,12.39,OK,12.43,OK,12.31,OK,12.33,OK,12.53,OK,0,,0,,12.62,OK,12.52,OK,12.28,OK,12.69,OK,12.54,OK,12.4,OK,12.5,OK,0,,0,,,,81.88,OK,,,,82.05,OK,,,,158.02,OK,,,,158.2,OK,,,,37.59,OK,,,,37.75,OK,,,,,,,,,,,,,,,,,
2410120940C,NEW KAPPAEX1.0,CM4P9,2024-10-12 18:46:58,18.688,27.93,OK,24.34,24.01,OK,22.32,22.14,OK,23.53,23.09,OK,21.81,21.64,OK,23.68,23.68,OK,22.47,21.84,OK,23.07,22.12,OK,0,0,,0,0,,0,OK,0,OK,0,OK,0,OK,0,OK,0,OK,0,OK,0,,0,,0,OK,0,OK,0,OK,0,OK,0,OK,0,OK,0,OK,0,,0,,,,54.01,OK,,,,52.6,OK,,,,-293.31,OK,,,,-292.62,OK,,,,172.88,OK,,,,172.53,OK,,,,,,,,,,,,,,,,,
2410120952D,ATKINSON 3.8 OCV,DM1P3,2024-10-12 18:47:39,18.988,23.27,OK,25.8,25.69,OK,27.55,27.37,OK,23.84,23.3,OK,27.24,26.86,OK,26.45,26.41,OK,26.7,26.56,OK,25.46,25.42,OK,0,0,,0,0,,11.29,OK,11.42,OK,11.37,OK,11.37,OK,11.47,OK,11.49,OK,11.48,OK,0,,0,,10,OK,10.3,OK,10.32,OK,10.27,OK,10.16,OK,10.26,OK,10.18,OK,0,,0,,,,82.7,OK,,,,82.27,OK,,,,157.81,OK,,,,158.09,OK,,,,37.55,OK,,,,37.82,OK,,,,,,,,,,,,,,,,,
2410120941C,NEW KAPPAEX1.0,CM1P2,2024-10-12 18:47:43,18.684,27.63,OK,23.53,23.27,OK,22.92,22.32,OK,23.16,22.88,OK,21.48,20.99,OK,21.78,21.64,OK,21.71,21.06,OK,21.64,21.29,OK,0,0,,0,0,,5.84,OK,6.6,OK,6.88,OK,6.67,OK,6.77,OK,6.83,OK,6.68,OK,0,,0,,6.25,OK,6.56,OK,6.44,OK,6.48,OK,6.6,OK,6.8,OK,6.35,OK,0,,0,,,,53.12,OK,,,,51.68,OK,,,,-291.98,OK,,,,-292.55,OK,,,,172.68,OK,,,,172.38,OK,,,,,,,,,,,,,,,,,
2410120942C,NEW KAPPAEX1.0,CM2P4,2024-10-12 18:48:32,18.684,28,OK,23.36,23.17,OK,22.89,22.68,OK,23.29,22.99,OK,21.73,21.59,OK,22.1,22.01,OK,21.66,21.33,OK,23.08,22.85,OK,0,0,,0,0,,15.36,OK,15.36,OK,15.36,OK,15.36,OK,15.36,OK,15.36,OK,15.36,OK,0,,0,,15.36,OK,15.36,OK,15.36,OK,15.36,OK,15.36,OK,15.36,OK,15.36,OK,0,,0,,,,52.94,OK,,,,51.56,OK,,,,-291.51,OK,,,,-291.44,OK,,,,171.02,OK,,,,171.73,OK,,,,,,,,,,,,,,,,,
2410120953D,ATKINSON 3.8 OCV,DM2P9,2024-10-12 18:48:34,18.986,24.13,OK,28.48,28.41,OK,25.4,25.31,OK,24.36,24.17,OK,26.73,26.64,OK,28.7,28.65,OK,26.98,26.98,OK,24.92,24.87,OK,0,0,,0,0,,10.81,OK,10.73,OK,11.3,OK,11.29,OK,10.92,OK,11.14,OK,10.81,OK,0,,0,,10.53,OK,10.58,OK,10.54,OK,10.5,OK,10.51,OK,10.54,OK,10.53,OK,0,,0,,,,81.6,OK,,,,81.79,OK,,,,158.84,OK,,,,158.85,OK,,,,38.68,OK,,,,38.17,OK,,,,,,,,,,,,,,,,,
2410120943C,NEW KAPPAEX1.0,CM3P1,2024-10-12 18:49:21,18.695,27.1,OK,26.93,26.29,OK,25.8,25.3,OK,26.5,25.95,OK,26.23,25.77,OK,25.37,24.89,OK,24.94,24.32,OK,25.34,24.53,OK,0,0,,0,0,,0,OK,0,OK,0,OK,0,OK,0,OK,0,OK,0,OK,0,,0,,0,OK,0,OK,0,OK,0,OK,0,OK,0,OK,0,OK,0,,0,,,,53.56,OK,,,,53.37,OK,,,,-291.35,OK,,,,-290.15,OK,,,,173.03,OK,,,,171.4,OK,,,,,,,,,,,,,,,,,
2410120954D,ATKINSON 3.8 OCV,DM3P2,2024-10-12 18:49:32,18.992,22.68,OK,27.07,26.91,OK,25.73,25.68,OK,27.07,26.93,OK,24.24,24.22,OK,27.37,27.35,OK,28,28,OK,26.54,26.52,OK,0,0,,0,0,,11.47,OK,11.56,OK,11.49,OK,11.3,OK,11.27,OK,11.53,OK,11.36,OK,0,,0,,12.77,OK,12.8,OK,12.8,OK,12.83,OK,12.81,OK,12.8,OK,12.81,OK,0,,0,,,,81.96,OK,,,,81.99,OK,,,,157.79,OK,,,,158.08,OK,,,,37.63,OK,,,,37.49,OK,,,,,,,,,,,,,,,,,
2410120945C,NEW KAPPAEX1.0,CM4P8,2024-10-12 18:50:06,18.69,28.18,OK,24.45,23.95,OK,23.33,22.94,OK,25.07,24.67,OK,22.21,21.84,OK,22.61,22.58,OK,22.89,22.23,OK,22.74,22.47,OK,0,0,,0,0,,0,OK,0,OK,0,OK,0,OK,0,OK,0,OK,0,OK,0,,0,,0,OK,0,OK,0,OK,0,OK,0,OK,0,OK,0,OK,0,,0,,,,53.14,OK,,,,53.89,OK,,,,-293.14,OK,,,,-293.01,OK,,,,171.18,OK,,,,173.71,OK,,,,,,,,,,,,,,,,,
2410120955D,ATKINSON 3.8 OCV,DM4P4,2024-10-12 18:50:27,18.991,23.87,OK,24.52,24.36,OK,23.52,23.41,OK,25.22,25.05,OK,26.1,25.87,OK,25.4,25.31,OK,25.96,25.87,OK,25.75,25.56,OK,0,0,,0,0,,12.31,OK,12.47,OK,12.29,OK,12.46,OK,12.3,OK,12.47,OK,12.53,OK,0,,0,,12.37,OK,12.53,OK,12.32,OK,12.5,OK,12.32,OK,12.44,OK,12.47,OK,0,,0,,,,81.64,OK,,,,82.08,OK,,,,157.87,OK,,,,158.14,OK,,,,37.61,OK,,,,37.46,OK,,,,,,,,,,,,,,,,,
2410120944C,NEW KAPPAEX1.0,CM5P6,2024-10-12 18:50:55,18.683,27.62,OK,25.28,25.06,OK,22.15,21.93,OK,22.96,22.72,OK,21.84,21.72,OK,22.46,22.29,OK,22.29,22.1,OK,22.98,22.84,OK,0,0,,0,0,,2.45,OK,2.47,OK,2.48,OK,2.49,OK,2.48,OK,2.48,OK,2.54,OK,0,,0,,2.62,OK,2.42,OK,2.48,OK,2.38,OK,2.45,OK,2.48,OK,2.37,OK,0,,0,,,,53.75,OK,,,,53.1,OK,,,,-292.02,OK,,,,-292.96,OK,,,,172.62,OK,,,,173.14,OK,,,,,,,,,,,,,,,,,
2410120956D,ATKINSON 3.8 OCV,DM1P6,2024-10-12 18:51:19,18.998,24.63,OK,24.45,24.36,OK,26.5,26.43,OK,24.72,24.4,OK,25.64,25.55,OK,24.72,24.67,OK,24.67,24.61,OK,26.5,26.36,OK,0,0,,0,0,,11.44,OK,11.4,OK,11.36,OK,11.32,OK,11.43,OK,11.42,OK,11.52,OK,0,,0,,9.92,OK,10.35,OK,10.13,OK,10.25,OK,10.1,OK,10.27,OK,10.3,OK,0,,0,,,,82.89,OK,,,,82.69,OK,,,,157.41,OK,,,,156.93,OK,,,,37.44,OK,,,,38.12,OK,,,,,,,,,,,,,,,,,
2410120946C,NEW KAPPAEX1.0,CM1P5,2024-10-12 18:51:41,18.671,27.68,OK,24.32,24.11,OK,21.78,21.5,OK,23.25,23.09,OK,20.78,20.26,OK,22.22,22.08,OK,23.53,23.06,OK,21.97,21.34,OK,0,0,,0,0,,5.89,OK,6.62,OK,6.5,OK,6.83,OK,6.92,OK,6.82,OK,6.74,OK,0,,0,,6.18,OK,6.54,OK,6.42,OK,6.36,OK,6.76,OK,6.8,OK,6.39,OK,0,,0,,,,53.6,OK,,,,53.55,OK,,,,-291.96,OK,,,,-292.99,OK,,,,173.45,OK,,,,174.11,OK,,,,,,,,,,,,,,,,,
2410120957D,ATKINSON 3.8 OCV,DM2P8,2024-10-12 18:52:15,18.985,23.98,OK,26.69,26.56,OK,23.73,23.66,OK,24.34,24.19,OK,25.31,25.16,OK,25.67,25.67,OK,24.26,24.22,OK,24.31,24.24,OK,0,0,,0,0,,10.79,OK,11.06,OK,11.41,OK,11.39,OK,11.04,OK,10.78,OK,10.81,OK,0,,0,,10.51,OK,10.5,OK,10.47,OK,10.51,OK,10.49,OK,10.48,OK,10.52,OK,0,,0,,,,81.63,OK,,,,82.03,OK,,,,157.99,OK,,,,158.15,OK,,,,37.58,OK,,,,37.86,OK,,,,,,,,,,,,,,,,,
2410120947C,NEW KAPPAEX1.0,CM2P3,2024-10-12 18:52:26,18.685,27.53,OK,24.04,23.8,OK,24.04,23.59,OK,23.01,22.66,OK,23.1,22.96,OK,24.95,24.92,OK,22.68,22.43,OK,22.29,22.12,OK,0,0,,0,0,,15.36,OK,15.36,OK,15.36,OK,15.36,OK,15.36,OK,15.36,OK,15.36,OK,0,,0,,15.36,OK,15.36,OK,15.36,OK,15.36,OK,15.36,OK,15.36,OK,15.36,OK,0,,0,,,,53.83,OK,,,,53.78,OK,,,,-292.69,OK,,,,-292.85,OK,,,,173.06,OK,,,,170.57,OK,,,,,,,,,,,,,,,,,
2410120958D,ATKINSON 3.8 OCV,DM3P7,2024-10-12 18:53:07,18.996,23.58,OK,27.81,27.81,OK,26.17,26.12,OK,25.54,25.42,OK,25.7,25.66,OK,26.61,26.54,OK,26.17,26.1,OK,25.98,25.89,OK,0,0,,0,0,,11.37,OK,11.58,OK,11.63,OK,11.41,OK,11.82,OK,11.47,OK,11.48,OK,0,,0,,12.76,OK,12.8,OK,12.79,OK,12.77,OK,12.89,OK,12.9,OK,12.91,OK,0,,0,,,,82.58,OK,,,,82.79,OK,,,,157.47,OK,,,,157.63,OK,,,,37.25,OK,,,,37.36,OK,,,,,,,,,,,,,,,,,
2410120948C,NEW KAPPAEX1.0,CM3P9,2024-10-12 18:53:15,18.685,27.61,OK,27.88,27.11,OK,27,26.29,OK,26.68,26.27,OK,27.49,26.93,OK,26.29,25.95,OK,25.68,25.28,OK,25.95,25.48,OK,0,0,,0,0,,0,OK,0,OK,0,OK,0,OK,0,OK,0,OK,0,OK,0,,0,,0,OK,0,OK,0,OK,0,OK,0,OK,0,OK,0,OK,0,,0,,,,52.57,OK,,,,52.24,OK,,,,-292.56,OK,,,,-292.17,OK,,,,171.48,OK,,,,172.09,OK,,,,,,,,,,,,,,,,,
2410120949C,NEW KAPPAEX1.0,CM4P2,2024-10-12 18:54:00,18.69,27.67,OK,24.65,24.32,OK,23.71,23.49,OK,24.1,23.66,OK,22.39,22.08,OK,23.02,22.94,OK,22.56,22.08,OK,22.78,22.28,OK,0,0,,0,0,,0,OK,0,OK,0,OK,0,OK,0,OK,0,OK,0,OK,0,,0,,0,OK,0,OK,0,OK,0,OK,0,OK,0,OK,0,OK,0,,0,,,,54.28,OK,,,,53.82,OK,,,,-293.37,OK,,,,-292.29,OK,,,,173.13,OK,,,,172.91,OK,,,,,,,,,,,,,,,,,
2410120851D,ATKINSON 3.8 OCV,DM5P4,2024-10-12 18:54:05,18.993,21.66,OK,24.3,24.23,OK,25.55,25.41,OK,24.97,24.62,OK,27.57,27.41,OK,24.37,24.34,OK,25.6,25.36,OK,25.48,25.29,OK,0,0,,0,0,,2.16,OK,2.75,OK,2.74,OK,2.68,OK,2.73,OK,2.69,OK,2.7,OK,0,,0,,0.81,OK,0.81,OK,0.82,OK,0.89,OK,0.88,OK,0.88,OK,0.86,OK,0,,0,,,,81.33,OK,,,,82.45,OK,,,,157.81,OK,,,,158.8,OK,,,,38,OK,,,,38.02,OK,,,,,,,,,,,,,,,,,
2410120950C,NEW KAPPAEX1.0,CM5P7,2024-10-12 18:54:49,18.69,27.67,OK,23.89,23.65,OK,22.1,21.84,OK,22.08,21.89,OK,21.38,21.29,OK,20.74,20.62,OK,22.08,21.81,OK,21.74,21.58,OK,0,0,,0,0,,2.43,OK,2.45,OK,2.46,OK,2.5,OK,2.46,OK,2.49,OK,2.47,OK,0,,0,,2.6,OK,2.38,OK,2.41,OK,2.53,OK,2.41,OK,2.45,OK,2.38,OK,0,,0,,,,53.26,OK,,,,53.41,OK,,,,-292.54,OK,,,,-292.71,OK,,,,171.66,OK,,,,171.22,OK,,,,,,,,,,,,,,,,,
2410120960D,ATKINSON 3.8 OCV,DM1P3,2024-10-12 18:55:00,18.985,25.55,OK,26.54,26.41,OK,27.6,27.49,OK,25.01,24.65,OK,26.36,26.23,OK,26.16,26.11,OK,24.79,24.74,OK,25.53,25.48,OK,0,0,,0,0,,11.37,OK,11.37,OK,11.36,OK,11.4,OK,11.46,OK,11.7,OK,11.44,OK,0,,0,,10.02,OK,10.28,OK,10.3,OK,10.47,OK,10.29,OK,10.25,OK,10.27,OK,0,,0,,,,82.63,OK,,,,82.22,OK,,,,157.82,OK,,,,157.98,OK,,,,37.36,OK,,,,37.59,OK,,,,,,,,,,,,,,,,,
2410120951C,NEW KAPPAEX1.0,CM1P4,2024-10-12 18:55:38,18.699,28.07,OK,23.88,23.76,OK,21.99,21.57,OK,24.42,24.21,OK,21.87,21.41,OK,22.53,22.46,OK,22.78,22.62,OK,23.3,22.78,OK,0,0,,0,0,,5.96,OK,6.59,OK,7.13,OK,6.83,OK,6.85,OK,6.94,OK,6.75,OK,0,,0,,6.31,OK,6.88,OK,6.52,OK,6.51,OK,6.59,OK,6.94,OK,6.25,OK,0,,0,,,,52.58,OK,,,,51.15,OK,,,,-291.7,OK,,,,-292.09,OK,,,,172.34,OK,,,,171.61,OK,,,,,,,,,,,,,,,,,
2410120961D,ATKINSON 3.8 OCV,DM2P9,2024-10-12 18:55:52,18.995,22.05,OK,30.13,30.03,OK,23.56,23.44,OK,24.14,24.05,OK,25.18,25.18,OK,25.6,25.57,OK,25.11,25.04,OK,24.22,24.17,OK,0,0,,0,0,,10.96,OK,10.77,OK,10.76,OK,10.81,OK,10.82,OK,10.8,OK,10.82,OK,0,,0,,10.52,OK,10.48,OK,10.5,OK,10.49,OK,10.48,OK,10.53,OK,10.48,OK,0,,0,,,,81.74,OK,,,,81.92,OK,,,,158.29,OK,,,,158.61,OK,,,,38.55,OK,,,,38.04,OK,,,,,,,,,,,,,,,,,
2410120952C,NEW KAPPAEX1.0,CM2P6,2024-10-12 18:56:23,18.699,26.82,OK,24.15,23.9,OK,24.97,24.71,OK,24.11,23.83,OK,22.4,22.19,OK,24.41,24.32,OK,22.08,21.84,OK,22.19,21.89,OK,0,0,,0,0,,15.36,OK,15.36,OK,15.36,OK,15.36,OK,15.36,OK,15.36,OK,15.36,OK,0,,0,,15.36,OK,15.36,OK,15.36,OK,15.36,OK,15.36,OK,15.36,OK,15.36,OK,0,,0,,,,53.38,OK,,,,52.12,OK,,,,-292.41,OK,,,,-291.34,OK,,,,172.2,OK,,,,172.98,OK,,,,,,,,,,,,,,,,,
2410120962D,ATKINSON 3.8 OCV,DM3P2,2024-10-12 18:56:51,18.993,23.91,OK,26.79,26.77,OK,26.42,26.35,OK,25.26,25.15,OK,24.31,24.22,OK,27.68,27.63,OK,26.61,26.61,OK,25.29,25.22,OK,0,0,,0,0,,10.87,OK,11.11,OK,11.63,OK,11.63,OK,11.63,OK,11.49,OK,11.68,OK,0,,0,,12.61,OK,12.82,OK,12.8,OK,12.78,OK,12.79,OK,12.78,OK,12.79,OK,0,,0,,,,81.68,OK,,,,82.33,OK,,,,157.74,OK,,,,158.39,OK,,,,37.34,OK,,,,37.35,OK,,,,,,,,,,,,,,,,,
2410120953C,NEW KAPPAEX1.0,CM3P1,2024-10-12 18:57:12,18.69,27.62,OK,29.37,28.69,OK,24.94,24.48,OK,26.84,26.41,OK,27.61,27.11,OK,26.23,25.77,OK,26,25.03,OK,26.2,25.37,OK,0,0,,0,0,,0,OK,0,OK,0,OK,0,OK,0,OK,0,OK,0,OK,0,,0,,0,OK,0,OK,0,OK,0,OK,0,OK,0,OK,0,OK,0,,0,,,,53.46,OK,,,,52.05,OK,,,,-292.48,OK,,,,-291.04,OK,,,,171.34,OK,,,,172.32,OK,,,,,,,,,,,,,,,,,
2410120959D,ATKINSON 3.8 OCV,DM4P1,2024-10-12 18:57:43,18.987,24.22,OK,25.29,25.15,OK,23.94,23.85,OK,24.2,24.06,OK,25.45,25.36,OK,25.61,25.45,OK,26.12,26.05,OK,25.05,25.01,OK,0,0,,0,0,,12.31,OK,12.25,OK,12.3,OK,12.31,OK,12.46,OK,12.52,OK,12.57,OK,0,,0,,12.43,OK,12.26,OK,12.45,OK,12.51,OK,12.47,OK,12.49,OK,12.5,OK,0,,0,,,,82.6,OK,,,,82.76,OK,,,,157.24,OK,,,,157.42,OK,,,,37.03,OK,,,,36.85,OK,,,,,,,,,,,,,,,,,
2410120955C,NEW KAPPAEX1.0,CM5P8,2024-10-12 18:58:01,18.693,27.07,OK,23.08,23.08,OK,21.93,21.74,OK,22.67,22.32,OK,20.02,19.9,OK,21.22,21.05,OK,21.17,20.79,OK,21.69,21.46,OK,0,0,,0,0,,2.4,OK,2.46,OK,2.48,OK,2.44,OK,2.45,OK,2.46,OK,2.48,OK,0,,0,,2.55,OK,2.4,OK,2.48,OK,2.41,OK,2.47,OK,2.45,OK,2.37,OK,0,,0,,,,53.86,OK,,,,54.31,OK,,,,-291.23,OK,,,,-293.12,OK,,,,169.95,OK,,,,172.36,OK,,,,,,,,,,,,,,,,,
2410120964D,ATKINSON 3.8 OCV,DM1P6,2024-10-12 18:58:35,18.994,22.61,OK,24.02,23.75,OK,28.34,28.14,OK,24.85,24.58,OK,27.1,26.95,OK,26.25,26.16,OK,25.48,25.44,OK,25.98,25.93,OK,0,0,,0,0,,11.45,OK,11.43,OK,11.4,OK,11.42,OK,11.48,OK,11.48,OK,11.48,OK,0,,0,,9.99,OK,10.39,OK,10.12,OK,10.38,OK,10.19,OK,10.18,OK,10.28,OK,0,,0,,,,83.32,OK,,,,83.19,OK,,,,156.78,OK,,,,156.87,OK,,,,37.23,OK,,,,37.67,OK,,,,,,,,,,,,,,,,,
2410120954C,NEW KAPPAEX1.0,CM4P5,2024-10-12 18:58:46,18.688,27.47,OK,25.8,25.36,OK,24.15,23.84,OK,24.39,24.08,OK,22.54,22.25,OK,23.66,23.62,OK,22.85,22.21,OK,22.32,22.03,OK,0,0,,0,0,,0,OK,0,OK,0,OK,0,OK,0,OK,0,OK,0,OK,0,,0,,0,OK,0,OK,0,OK,0,OK,0,OK,0,OK,0,OK,0,,0,,,,52.85,OK,,,,53.29,OK,,,,-293.39,OK,,,,-291.58,OK,,,,172.17,OK,,,,171.6,OK,,,,,,,,,,,,,,,,,
2410120965D,ATKINSON 3.8 OCV,DM2P8,2024-10-12 18:59:30,18.986,24.08,OK,28.5,28.38,OK,26.83,26.83,OK,23.25,23.05,OK,25.81,25.77,OK,25.57,25.57,OK,25.91,25.79,OK,24.89,24.82,OK,0,0,,0,0,,11.01,OK,10.81,OK,11.1,OK,11,OK,10.8,OK,10.81,OK,10.85,OK,0,,0,,10.49,OK,10.51,OK,10.53,OK,10.5,OK,10.5,OK,10.48,OK,10.48,OK,0,,0,,,,82.18,OK,,,,82.21,OK,,,,157.72,OK,,,,157.77,OK,,,,37.07,OK,,,,37.34,OK,,,,,,,,,,,,,,,,,
2410120956C,NEW KAPPAEX1.0,CM1P3,2024-10-12 18:59:35,18.697,27.48,OK,22.78,22.6,OK,20.68,19.87,OK,22.85,22.67,OK,22.34,21.73,OK,21.29,21.15,OK,21.97,21.5,OK,23.11,22.85,OK,0,0,,0,0,,5.86,OK,6.47,OK,6.72,OK,6.62,OK,6.72,OK,6.73,OK,7.35,OK,0,,0,,6.34,OK,6.42,OK,6.49,OK,6.66,OK,6.54,OK,7.27,OK,6.61,OK,0,,0,,,,5.76,NG,,,,4.62,NG,,,,-234.57,NG,,,,-234.12,NG,,,,114.07,NG,,,,112.83,NG,,,,,,,,,,,,,,,,,
2410120957C,NEW KAPPAEX1.0,CM2P9,2024-10-12 19:00:21,18.692,27.65,OK,23.97,23.73,OK,22.85,22.59,OK,23.94,23.45,OK,23.29,23.03,OK,22.43,22.4,OK,21.73,21.56,OK,23.8,23.66,OK,0,0,,0,0,,15.36,OK,15.36,OK,15.36,OK,15.36,OK,15.36,OK,15.36,OK,15.36,OK,0,,0,,15.36,OK,15.36,OK,15.36,OK,15.36,OK,15.36,OK,15.36,OK,15.36,OK,0,,0,,,,52.74,OK,,,,52.54,OK,,,,-292.87,OK,,,,-291.7,OK,,,,171.41,OK,,,,170.88,OK,,,,,,,,,,,,,,,,,
2410120966D,ATKINSON 3.8 OCV,DM3P7,2024-10-12 19:00:25,18.996,23.05,OK,25.98,25.94,OK,26.24,26.19,OK,25.26,25.05,OK,23.01,22.99,OK,26.52,26.28,OK,26.47,26.33,OK,25.05,24.91,OK,0,0,,0,0,,11.3,OK,11.56,OK,11.55,OK,11.65,OK,11.76,OK,11.57,OK,11.6,OK,0,,0,,12.78,OK,12.77,OK,12.79,OK,12.84,OK,12.81,OK,12.78,OK,12.82,OK,0,,0,,,,82.81,OK,,,,83.45,OK,,,,157.25,OK,,,,157.74,OK,,,,36.81,OK,,,,37.03,OK,,,,,,,,,,,,,,,,,
2410120958C,NEW KAPPAEX1.0,CM3P7,2024-10-12 19:01:09,18.692,27.65,OK,26.57,25.95,OK,25.41,25.03,OK,25.07,24.53,OK,26.16,25.61,OK,25.39,24.96,OK,25.41,24.55,OK,25.5,24.91,OK,0,0,,0,0,,0,OK,0,OK,0,OK,0,OK,0,OK,0,OK,0,OK,0,,0,,0,OK,0,OK,0,OK,0,OK,0,OK,0,OK,0,OK,0,,0,,,,53.06,OK,,,,52.97,OK,,,,-291.55,OK,,,,-292.53,OK,,,,170.4,OK,,,,171.98,OK,,,,,,,,,,,,,,,,,
2410120967D,ATKINSON 3.8 OCV,DM4P4,2024-10-12 19:01:17,18.984,24.43,OK,26.03,25.89,OK,24.06,23.96,OK,25.42,25.26,OK,26.58,26.58,OK,26.1,25.98,OK,26.31,26.24,OK,25.56,25.52,OK,0,0,,0,0,,12.46,OK,12.47,OK,12.52,OK,12.54,OK,12.5,OK,12.48,OK,12.39,OK,0,,0,,12.33,OK,12.2,OK,12.57,OK,12.37,OK,12.45,OK,12.48,OK,12.55,OK,0,,0,,,,82.17,OK,,,,82.3,OK,,,,157.5,OK,,,,157.82,OK,,,,37.13,OK,,,,37.34,OK,,,,,,,,,,,,,,,,,
2410120959C,NEW KAPPAEX1.0,CM5P2,2024-10-12 19:01:58,18.692,26.57,OK,25.4,25.21,OK,23.01,22.79,OK,22.94,22.75,OK,20.43,20.31,OK,22.63,22.41,OK,23.27,22.72,OK,21.31,21.1,OK,0,0,,0,0,,2.46,OK,2.48,OK,2.47,OK,2.44,OK,2.51,OK,2.48,OK,2.47,OK,0,,0,,2.89,OK,2.39,OK,2.42,OK,2.42,OK,2.62,OK,2.45,OK,2.33,OK,0,,0,,,,53.58,OK,,,,54.14,OK,,,,-292.59,OK,,,,-292.71,OK,,,,172.27,OK,,,,172.44,OK,,,,,,,,,,,,,,,,,
2410120968D,ATKINSON 3.8 OCV,DM1P3,2024-10-12 19:02:13,18.986,22.86,OK,24,23.89,OK,29.04,28.84,OK,26.74,26.47,OK,26.72,26.52,OK,26.23,26.16,OK,25.89,25.82,OK,26.68,26.65,OK,0,0,,0,0,,11.38,OK,11.39,OK,11.41,OK,11.41,OK,11.49,OK,11.47,OK,11.46,OK,0,,0,,9.88,OK,10.34,OK,10.19,OK,10.08,OK,10.14,OK,10.31,OK,10.25,OK,0,,0,,,,82.93,OK,,,,82.53,OK,,,,157.3,OK,,,,157.51,OK,,,,37,OK,,,,37.36,OK,,,,,,,,,,,,,,,,,
2410120961C,NEW KAPPAEX1.0,CM1P6,2024-10-12 19:02:47,18.688,27.41,OK,23.06,22.97,OK,22.95,22.22,OK,23.44,23.27,OK,22.6,22.04,OK,21.38,21.2,OK,21.83,21.36,OK,22.85,22.34,OK,0,0,,0,0,,5.82,OK,6.61,OK,6.51,OK,6.6,OK,6.72,OK,6.94,OK,6.79,OK,0,,0,,6.08,OK,6.46,OK,6.45,OK,6.95,OK,6.53,OK,6.49,OK,6.6,OK,0,,0,,,,52.13,OK,,,,53.28,OK,,,,-292.38,OK,,,,-292.91,OK,,,,174.08,OK,,,,173.25,OK,,,,,,,,,,,,,,,,,
2410120969D,ATKINSON 3.8 OCV,DM2P9,2024-10-12 19:03:05,18.987,24.53,OK,27.73,27.68,OK,24.26,24.17,OK,25.21,25.01,OK,26.18,26.1,OK,27.39,27.34,OK,25.04,24.99,OK,23.83,23.73,OK,0,0,,0,0,,10.81,OK,11.05,OK,10.81,OK,10.8,OK,11.11,OK,10.79,OK,10.84,OK,0,,0,,10.49,OK,10.5,OK,10.52,OK,10.55,OK,10.53,OK,10.52,OK,10.51,OK,0,,0,,,,82.5,OK,,,,82.61,OK,,,,157.71,OK,,,,157.73,OK,,,,37.94,OK,,,,37.44,OK,,,,,,,,,,,,,,,,,
2410120962C,NEW KAPPAEX1.0,CM2P1,2024-10-12 19:03:36,18.692,28.35,OK,22.71,22.52,OK,21.26,20.98,OK,24.34,23.92,OK,22.08,21.77,OK,22.87,22.73,OK,22.78,22.45,OK,22.57,22.45,OK,0,0,,0,0,,15.36,OK,15.36,OK,15.36,OK,15.36,OK,15.36,OK,15.36,OK,15.36,OK,0,,0,,15.36,OK,15.36,OK,15.36,OK,15.36,OK,15.36,OK,15.36,OK,15.36,OK,0,,0,,,,53.28,OK,,,,52.83,OK,,,,-291.92,OK,,,,-291.57,OK,,,,173.03,OK,,,,172.05,OK,,,,,,,,,,,,,,,,,
2410120970D,ATKINSON 3.8 OCV,DM3P2,2024-10-12 19:04:00,18.992,24.27,OK,27.44,27.4,OK,26.35,26.31,OK,25.38,25.26,OK,23.62,23.57,OK,28.39,28.3,OK,27.28,27.21,OK,26.38,26.28,OK,0,0,,0,0,,11.52,OK,11.61,OK,11.64,OK,11.78,OK,11.81,OK,11.75,OK,11.8,OK,0,,0,,12.9,OK,12.8,OK,12.85,OK,12.8,OK,12.77,OK,12.74,OK,12.87,OK,0,,0,,,,82.37,OK,,,,82.67,OK,,,,156.82,OK,,,,157.19,OK,,,,36.95,OK,,,,36.7,OK,,,,,,,,,,,,,,,,,
2410120963C,NEW KAPPAEX1.0,CM3P8,2024-10-12 19:04:21,18.692,28.35,OK,28.74,28.24,OK,27.9,26.97,OK,27.29,26.9,OK,26.88,26.07,OK,26.54,26.04,OK,28.58,27.74,OK,26.5,25.98,OK,0,0,,0,0,,0,OK,0,OK,0,OK,0,OK,0,OK,0,OK,0,OK,0,,0,,0,OK,0,OK,0,OK,0,OK,0,OK,0,OK,0,OK,0,,0,,,,52.46,OK,,,,52.75,OK,,,,-291.73,OK,,,,-292.06,OK,,,,171.36,OK,,,,171.96,OK,,,,,,,,,,,,,,,,,
2410120971D,ATKINSON 3.8 OCV,DM4P5,2024-10-12 19:04:52,18.992,22.9,OK,24.13,24.06,OK,24.03,23.96,OK,24.5,24.4,OK,25.54,25.4,OK,25.24,25.12,OK,24.96,24.96,OK,25.31,25.19,OK,0,0,,0,0,,12.38,OK,12.46,OK,12.33,OK,12.47,OK,12.41,OK,12.46,OK,12.58,OK,0,,0,,11.88,OK,12.3,OK,12.44,OK,12.25,OK,12.33,OK,12.45,OK,12.41,OK,0,,0,,,,82.9,OK,,,,82.37,OK,,,,157.53,OK,,,,157.42,OK,,,,37.1,OK,,,,36.98,OK,,,,,,,,,,,,,,,,,
2410120964C,NEW KAPPAEX1.0,CM5P5,2024-10-12 19:05:10,18.696,26.8,OK,24.59,24.27,OK,21.65,21.48,OK,21.41,21.22,OK,19.19,19.09,OK,21.48,21.29,OK,21.69,21.26,OK,21.03,20.72,OK,0,0,,0,0,,2.4,OK,2.46,OK,2.44,OK,2.45,OK,2.45,OK,2.46,OK,2.45,OK,0,,0,,2.63,OK,2.32,OK,2.39,OK,2.4,OK,2.5,OK,2.4,OK,2.34,OK,0,,0,,,,53.92,OK,,,,53.19,OK,,,,-292.83,OK,,,,-293.27,OK,,,,172.52,OK,,,,171.84,OK,,,,,,,,,,,,,,,,,
2410120972D,ATKINSON 3.8 OCV,DM1P6,2024-10-12 19:05:47,18.984,24.46,OK,24.54,24.45,OK,26.99,26.79,OK,24.02,23.53,OK,26.47,26.34,OK,23.75,23.64,OK,24.88,24.79,OK,24.07,24.07,OK,0,0,,0,0,,11.43,OK,11.4,OK,11.37,OK,11.35,OK,11.45,OK,11.44,OK,11.55,OK,0,,0,,9.85,OK,10.22,OK,10.32,OK,10.34,OK,10.23,OK,10.24,OK,10.17,OK,0,,0,,,,83.65,OK,,,,83.52,OK,,,,156.78,OK,,,,156.13,OK,,,,36.98,OK,,,,37.14,OK,,,,,,,,,,,,,,,,,
2410120965C,NEW KAPPAEX1.0,CM4P3,2024-10-12 19:05:59,18.669,27.91,OK,25.47,24.83,OK,22.74,22.21,OK,23.57,23.18,OK,21.15,20.91,OK,24.52,24.34,OK,22.78,22.5,OK,22.63,22.14,OK,0,0,,0,0,,0,OK,0,OK,0,OK,0,OK,0,OK,0,OK,0,OK,0,,0,,0,OK,0,OK,0,OK,0,OK,0,OK,0,OK,0,OK,0,,0,,,,53.87,OK,,,,53.16,OK,,,,-293.68,OK,,,,-291.85,OK,,,,170.71,OK,,,,172.55,OK,,,,,,,,,,,,,,,,,
2410120973D,ATKINSON 3.8 OCV,DM2P8,2024-10-12 19:06:39,18.991,23.08,OK,27.7,27.63,OK,24.87,24.8,OK,24.53,24.38,OK,26.06,26.06,OK,25.6,25.57,OK,26.06,25.96,OK,24.34,24.24,OK,0,0,,0,0,,10.72,OK,10.79,OK,11.14,OK,10.98,OK,10.84,OK,10.79,OK,10.82,OK,0,,0,,10.5,OK,10.55,OK,10.47,OK,10.51,OK,10.48,OK,10.54,OK,10.45,OK,0,,0,,,,82.08,OK,,,,82.52,OK,,,,157.34,OK,,,,158,OK,,,,37,OK,,,,37.34,OK,,,,,,,,,,,,,,,,,
2410120966C,NEW KAPPAEX1.0,CM1P9,2024-10-12 19:06:44,18.694,26.31,OK,25.77,25.7,OK,23.65,23.37,OK,24.79,24.6,OK,23.46,22.85,OK,23.6,23.55,OK,23.72,23.55,OK,21.8,21.55,OK,0,0,,0,0,,5.98,OK,6.67,OK,6.56,OK,7.22,OK,7.16,OK,6.96,OK,6.81,OK,0,,0,,6.22,OK,6.66,OK,7.07,OK,6.59,OK,6.77,OK,6.82,OK,6.49,OK,0,,0,,,,54.79,OK,,,,53.61,OK,,,,-294.06,OK,,,,-293.52,OK,,,,171.61,OK,,,,172.42,OK,,,,,,,,,,,,,,,,,
2410120967C,NEW KAPPAEX1.0,CM2P7,2024-10-12 19:07:33,18.696,28.02,OK,23.71,23.5,OK,22.94,22.5,OK,23.27,22.75,OK,22.22,21.91,OK,22.92,22.8,OK,21.84,21.45,OK,22.01,21.77,OK,0,0,,0,0,,15.36,OK,15.36,OK,15.36,OK,15.36,OK,15.36,OK,15.36,OK,15.36,OK,0,,0,,15.36,OK,15.36,OK,15.36,OK,15.36,OK,15.36,OK,15.36,OK,15.36,OK,0,,0,,,,54.63,OK,,,,53.82,OK,,,,-291.96,OK,,,,-292.98,OK,,,,171.52,OK,,,,172.5,OK,,,,,,,,,,,,,,,,,
2410120974D,ATKINSON 3.8 OCV,DM3P7,2024-10-12 19:07:34,18.991,25.27,OK,26.98,26.82,OK,24.94,24.89,OK,25.42,25.17,OK,24.52,24.45,OK,28.07,28,OK,26.12,26.07,OK,25.84,25.8,OK,0,0,,0,0,,11.44,OK,11.93,OK,11.47,OK,11.79,OK,11.83,OK,12.06,OK,11.78,OK,0,,0,,12.77,OK,12.81,OK,12.75,OK,12.78,OK,12.82,OK,12.85,OK,12.85,OK,0,,0,,,,82.87,OK,,,,83.76,OK,,,,156.82,OK,,,,157.54,OK,,,,36.12,OK,,,,36.39,OK,,,,,,,,,,,,,,,,,
2410120968C,NEW KAPPAEX1.0,CM3P2,2024-10-12 19:08:18,18.692,26.53,OK,27.31,26.63,OK,26.07,25.75,OK,27.24,26.81,OK,25.84,25.09,OK,24.98,24.55,OK,25.64,24.94,OK,26.95,26.25,OK,0,0,,0,0,,0,OK,0,OK,0,OK,0,OK,0,OK,0,OK,0,OK,0,,0,,0,OK,0,OK,0,OK,0,OK,0,OK,0,OK,0,OK,0,,0,,,,53.26,OK,,,,52.58,OK,,,,-291.86,OK,,,,-292.58,OK,,,,171.33,OK,,,,169.93,OK,,,,,,,,,,,,,,,,,
2410120975D,ATKINSON 3.8 OCV,DM4P4,2024-10-12 19:08:30,18.993,24.38,OK,27.1,26.98,OK,25.49,25.49,OK,27.14,26.89,OK,25.91,25.89,OK,26.93,26.86,OK,25.7,25.66,OK,25.91,25.82,OK,0,0,,0,0,,12.34,OK,12.43,OK,12.47,OK,12.49,OK,12.47,OK,12.51,OK,12.55,OK,0,,0,,12.29,OK,12.45,OK,12.55,OK,11.91,OK,12.31,OK,12.44,OK,12.43,OK,0,,0,,,,82.39,OK,,,,83.03,OK,,,,156.98,OK,,,,157.36,OK,,,,36.78,OK,,,,36.86,OK,,,,,,,,,,,,,,,,,
2410120969C,NEW KAPPAEX1.0,CM5P4,2024-10-12 19:09:07,18.697,27.35,OK,25.33,25.18,OK,21.31,21,OK,21.55,21.31,OK,19.02,19,OK,21.81,21.48,OK,21.03,20.74,OK,22.17,21.93,OK,0,0,,0,0,,2.45,OK,2.46,OK,2.44,OK,2.47,OK,2.49,OK,2.47,OK,2.49,OK,0,,0,,2.61,OK,2.35,OK,2.42,OK,2.4,OK,2.41,OK,2.42,OK,2.43,OK,0,,0,,,,54.07,OK,,,,53.67,OK,,,,-292.84,OK,,,,-292.11,OK,,,,172.42,OK,,,,173.56,OK,,,,,,,,,,,,,,,,,
2410120976D,ATKINSON 3.8 OCV,DM1P3,2024-10-12 19:09:22,18.99,24.48,OK,26.86,26.79,OK,27.19,27.01,OK,25.03,24.76,OK,27.33,27.08,OK,27.4,27.31,OK,26.52,26.45,OK,24.7,24.65,OK,0,0,,0,0,,11.41,OK,11.42,OK,11.43,OK,11.38,OK,11.41,OK,11.46,OK,11.51,OK,0,,0,,9.94,OK,10.31,OK,10.16,OK,10.24,OK,10.44,OK,10.2,OK,10.26,OK,0,,0,,,,83.29,OK,,,,82.88,OK,,,,157.16,OK,,,,157.53,OK,,,,36.61,OK,,,,36.85,OK,,,,,,,,,,,,,,,,,
2410120970C,NEW KAPPAEX1.0,CM4P6,2024-10-12 19:09:52,18.69,27.22,OK,25.03,24.41,OK,21.9,21.59,OK,23.57,23,OK,23.75,23.46,OK,23.68,23.64,OK,22.39,21.79,OK,23.05,22.69,OK,0,0,,0,0,,0,OK,0,OK,0,OK,0,OK,0,OK,0,OK,0,OK,0,,0,,0,OK,0,OK,0,OK,0,OK,0,OK,0,OK,0,OK,0,,0,,,,52.57,OK,,,,51.77,OK,,,,-293.43,OK,,,,-292.56,OK,,,,173.37,OK,,,,173.39,OK,,,,,,,,,,,,,,,,,
2410120977D,ATKINSON 3.8 OCV,DM2P9,2024-10-12 19:10:17,18.987,24.18,OK,26.06,25.98,OK,23.66,23.63,OK,23.61,23.44,OK,25.09,25.04,OK,25.64,25.64,OK,25.84,25.81,OK,24.43,24.34,OK,0,0,,0,0,,10.82,OK,10.74,OK,11.01,OK,10.74,OK,11.37,OK,10.71,OK,10.83,OK,0,,0,,10.63,OK,10.5,OK,10.53,OK,10.33,OK,10.51,OK,10.5,OK,10.5,OK,0,,0,,,,82.29,OK,,,,82.9,OK,,,,157.47,OK,,,,157.58,OK,,,,37.64,OK,,,,37.15,OK,,,,,,,,,,,,,,,,,
2410120972C,NEW KAPPAEX1.0,CM2P8,2024-10-12 19:10:41,18.683,27.85,OK,23.29,23.03,OK,21.49,21.26,OK,23.03,22.57,OK,20.7,20.26,OK,22.17,22.05,OK,20.72,20.42,OK,20.75,20.35,OK,0,0,,0,0,,15.36,OK,15.36,OK,15.36,OK,15.36,OK,15.36,OK,15.36,OK,15.36,OK,0,,0,,15.36,OK,15.36,OK,15.36,OK,15.36,OK,15.36,OK,15.36,OK,15.36,OK,0,,0,,,,53.61,OK,,,,54.22,OK,,,,-291.59,OK,,,,-288.97,NG,,,,172.01,OK,,,,170.88,OK,,,,,,,,,,,,,,,,,
2410120963D,ATKINSON 3.8 OCV,DM5P5,2024-10-12 19:11:12,18.994,22.61,OK,22.74,22.67,OK,24.71,24.64,OK,22.67,22.37,OK,23.88,23.76,OK,23.42,23.25,OK,24.02,23.86,OK,23.79,23.69,OK,0,0,,0,0,,2.16,OK,2.62,OK,2.63,OK,2.65,OK,2.71,OK,2.67,OK,2.67,OK,0,,0,,0.83,OK,0.8,OK,0.84,OK,0.82,OK,0.84,OK,0.84,OK,0.81,OK,0,,0,,,,81.89,OK,,,,81.87,OK,,,,157.64,OK,,,,158.2,OK,,,,37.67,OK,,,,37.86,OK,,,,,,,,,,,,,,,,,
2410120960C,NEW KAPPAEX1.0,CM4P4,2024-10-12 19:11:27,18.698,27.37,OK,25.33,24.87,OK,22.83,22.56,OK,23.35,23,OK,21.64,21.24,OK,23.66,23.66,OK,23.6,23.07,OK,23.05,22.23,OK,0,0,,0,0,,0,OK,0,OK,0,OK,0,OK,0,OK,0,OK,0,OK,0,,0,,0,OK,0,OK,0,OK,0,OK,0,OK,0,OK,0,OK,0,,0,,,,53.16,OK,,,,52.39,OK,,,,-293.34,OK,,,,-292.63,OK,,,,171.96,OK,,,,173.93,OK,,,,,,,,,,,,,,,,,
2410120978D,ATKINSON 3.8 OCV,DM3P2,2024-10-12 19:12:04,18.998,24.06,OK,27.54,27.37,OK,25.94,25.89,OK,25.15,24.87,OK,23.24,23.15,OK,27.51,27.42,OK,25.87,25.8,OK,26.91,26.79,OK,0,0,,0,0,,11.58,OK,11.65,OK,11.66,OK,11.67,OK,11.64,OK,11.49,OK,11.48,OK,0,,0,,12.83,OK,12.79,OK,12.86,OK,12.84,OK,12.76,OK,12.89,OK,12.73,OK,0,,0,,,,82.76,OK,,,,83.13,OK,,,,156.85,OK,,,,156.86,OK,,,,36.75,OK,,,,36.51,OK,,,,,,,,,,,,,,,,,
2410120971C,NEW KAPPAEX1.0,CM1P1,2024-10-12 19:12:16,18.698,27.1,OK,23.11,23.06,OK,23.3,22.92,OK,25.61,25.49,OK,23.34,22.81,OK,23.41,23.27,OK,22.81,22.48,OK,24.09,24,OK,0,0,,0,0,,5.99,OK,6.95,OK,6.78,OK,6.66,OK,6.94,OK,6.88,OK,7.02,OK,0,,0,,6.1,OK,6.49,OK,6.69,OK,6.68,OK,7.01,OK,6.88,OK,6.52,OK,0,,0,,,,54.15,OK,,,,51.71,OK,,,,-293.55,OK,,,,-293.98,OK,,,,172.12,OK,,,,172.2,OK,,,,,,,,,,,,,,,,,
2410120980D,ATKINSON 3.8 OCV,DM1P6,2024-10-12 19:12:59,18.999,23.6,OK,27.1,26.99,OK,28.41,28.34,OK,26.65,26.2,OK,27.6,27.51,OK,27.1,27.06,OK,26.99,26.95,OK,25.48,25.39,OK,0,0,,0,0,,11.43,OK,11.42,OK,11.33,OK,11.36,OK,11.5,OK,11.48,OK,11.59,OK,0,,0,,10.14,OK,10.37,OK,10.47,OK,10.48,OK,10.5,OK,10.37,OK,10.32,OK,0,,0,,,,83.53,OK,,,,83.61,OK,,,,156.55,OK,,,,155.97,OK,,,,36.78,OK,,,,37.36,OK,,,,,,,,,,,,,,,,,
2410120973C,,,2024-10-12 19:13:04,,,,,,,,,,,,,,,,,,,,,,,,,,,,,,,,,,,,,,,,,,,,,,,,,,,,,,,,,,,,,,,,,,,,,52.63,OK,,,,52.76,OK,,,,-292.34,OK,,,,-292.19,OK,,,,173.44,OK,,,,171.2,OK,,,,,,,,,,,,,,,,,
2410120974C,NEW KAPPAEX1.0,CM5P3,2024-10-12 19:13:53,18.695,27.8,OK,24.18,24.06,OK,21.62,21.29,OK,22.15,21.74,OK,20.09,19.83,OK,21.74,21.5,OK,21.86,21.34,OK,21.55,21.22,OK,0,0,,0,0,,2.42,OK,2.46,OK,2.44,OK,2.43,OK,2.46,OK,2.46,OK,2.44,OK,0,,0,,2.56,OK,2.35,OK,2.38,OK,2.4,OK,2.42,OK,2.36,OK,2.39,OK,0,,0,,,,53.7,OK,,,,52.75,OK,,,,-292.39,OK,,,,-292.2,OK,,,,172.53,OK,,,,172.53,OK,,,,,,,,,,,,,,,,,
2410120981D,ATKINSON 3.8 OCV,DM2P8,2024-10-12 19:13:55,18.99,22.57,OK,27.63,27.49,OK,23.42,23.27,OK,23.39,23.15,OK,26.42,26.4,OK,25.31,25.23,OK,23.34,23.29,OK,22.64,22.5,OK,0,0,,0,0,,11,OK,10.76,OK,10.8,OK,10.8,OK,10.81,OK,10.75,OK,10.78,OK,0,,0,,10.53,OK,10.53,OK,10.51,OK,10.65,OK,10.5,OK,10.48,OK,10.49,OK,0,,0,,,,82.21,OK,,,,82.58,OK,,,,157.5,OK,,,,157.58,OK,,,,36.94,OK,,,,37.17,OK,,,,,,,,,,,,,,,,,
2410120975C,NEW KAPPAEX1.0,CM4P9,2024-10-12 19:14:42,18.689,28.33,OK,25.64,25.14,OK,22.63,22.43,OK,24.3,23.95,OK,21.22,20.69,OK,23.6,23.42,OK,22.12,21.53,OK,23.29,22.36,OK,0,0,,0,0,,0,OK,0,OK,0,OK,0,OK,0,OK,0,OK,0,OK,0,,0,,0,OK,0,OK,0,OK,0,OK,0,OK,0,OK,0,OK,0,,0,,,,54.89,OK,,,,52.19,OK,,,,-292.74,OK,,,,-291.7,OK,,,,173.21,OK,,,,171.95,OK,,,,,,,,,,,,,,,,,
2410120979D,ATKINSON 3.8 OCV,DM4P5,2024-10-12 19:14:50,18.998,23.73,OK,25.52,25.47,OK,23.85,23.85,OK,25.05,24.96,OK,25.08,25.01,OK,25.82,25.77,OK,25.42,25.42,OK,26.63,26.52,OK,0,0,,0,0,,12.46,OK,12.3,OK,12.42,OK,12.07,OK,12.08,OK,12.24,OK,12.53,OK,0,,0,,12.42,OK,12.42,OK,12.41,OK,12.48,OK,12.32,OK,12.47,OK,12.43,OK,0,,0,,,,82.6,OK,,,,82.2,OK,,,,157.93,OK,,,,157.92,OK,,,,37.32,OK,,,,37.22,OK,,,,,,,,,,,,,,,,,
2410120976C,NEW KAPPAEX1.0,CM1P7,2024-10-12 19:15:27,18.697,28.05,OK,22.5,22.41,OK,21.87,21.36,OK,22.99,22.81,OK,21.2,20.61,OK,21.29,21.08,OK,20.8,20.36,OK,21.62,20.89,OK,0,0,,0,0,,5.86,OK,6.8,OK,6.72,OK,6.55,OK,6.76,OK,6.65,OK,7.01,OK,0,,0,,6.63,OK,6.41,OK,6.61,OK,6.57,OK,6.55,OK,6.49,OK,6.45,OK,0,,0,,,,54.07,OK,,,,54.18,OK,,,,-291.79,OK,,,,-293.24,OK,,,,172.39,OK,,,,172.35,OK,,,,,,,,,,,,,,,,,
2410120983D,ATKINSON 3.8 OCV,DM3P7,2024-10-12 19:15:42,18.985,24.21,OK,27.12,27,OK,27.19,27.1,OK,26.19,25.98,OK,23.75,23.75,OK,27.16,27.07,OK,26.86,26.84,OK,26.19,26.14,OK,0,0,,0,0,,11.8,OK,11.48,OK,11.6,OK,11.82,OK,11.56,OK,11.61,OK,11.59,OK,0,,0,,12.82,OK,12.8,OK,12.79,OK,12.78,OK,12.79,OK,12.8,OK,12.68,OK,0,,0,,,,83.01,OK,,,,83.42,OK,,,,157.07,OK,,,,156.91,OK,,,,36.87,OK,,,,36.88,OK,,,,,,,,,,,,,,,,,
2410120977C,NEW KAPPAEX1.0,CM2P2,2024-10-12 19:16:16,18.694,28.38,OK,22.59,22.33,OK,22.01,21.26,OK,23.27,22.92,OK,22.75,22.52,OK,21.7,21.63,OK,21.61,21.35,OK,24.48,24.32,OK,0,0,,0,0,,15.36,OK,15.36,OK,15.36,OK,15.36,OK,15.36,OK,15.36,OK,15.36,OK,0,,0,,15.36,OK,15.36,OK,15.36,OK,15.36,OK,15.36,OK,15.36,OK,15.36,OK,0,,0,,,,52.97,OK,,,,52.96,OK,,,,-291.79,OK,,,,-291.85,OK,,,,172.79,OK,,,,172.15,OK,,,,,,,,,,,,,,,,,
2410120984D,ATKINSON 3.8 OCV,DM1P3,2024-10-12 19:16:40,18.993,23.96,OK,26.52,26.45,OK,27.15,26.92,OK,24.79,24.2,OK,27.44,27.26,OK,26.52,26.45,OK,25.62,25.55,OK,27.85,27.8,OK,0,0,,0,0,,11.46,OK,11.42,OK,11.71,OK,11.39,OK,11.44,OK,11.44,OK,11.4,OK,0,,0,,9.98,OK,10.32,OK,10.13,OK,10.44,OK,10.35,OK,10.22,OK,10.26,OK,0,,0,,,,83.12,OK,,,,82.55,OK,,,,157.38,OK,,,,157.66,OK,,,,36.85,OK,,,,37.32,OK,,,,,,,,,,,,,,,,,
2410120978C,NEW KAPPAEX1.0,CM3P4,2024-10-12 19:17:02,18.698,28.33,OK,29.82,28.96,OK,26.7,26.02,OK,27.47,27.09,OK,25.55,24.96,OK,25.89,25.52,OK,25.03,24.35,OK,24.14,22.99,OK,0,0,,0,0,,0,OK,0,OK,0,OK,0,OK,0,OK,0,OK,0,OK,0,,0,,0,OK,0,OK,0,OK,0,OK,0,OK,0,OK,0,OK,0,,0,,,,53.47,OK,,,,52.08,OK,,,,-292.6,OK,,,,-292.32,OK,,,,171.88,OK,,,,172.26,OK,,,,,,,,,,,,,,,,,
2410120985D,ATKINSON 3.8 OCV,DM2P9,2024-10-12 19:17:32,18.99,23.51,OK,29.59,29.52,OK,26.08,26.03,OK,25.38,25.04,OK,27.9,27.87,OK,28.41,28.38,OK,24.94,24.89,OK,25.33,25.21,OK,0,0,,0,0,,10.69,OK,11.44,OK,11.09,OK,10.96,OK,10.83,OK,10.81,OK,10.82,OK,0,,0,,10.51,OK,10.5,OK,10.5,OK,10.48,OK,10.51,OK,10.5,OK,10.51,OK,0,,0,,,,82.36,OK,,,,82.8,OK,,,,157.56,OK,,,,157.72,OK,,,,37.96,OK,,,,37.48,OK,,,,,,,,,,,,,,,,,
2410120979C,NEW KAPPAEX1.0,CM5P6,2024-10-12 19:17:50,18.698,28.33,OK,24.7,24.59,OK,21.43,21.24,OK,22.34,22.17,OK,21.24,21.12,OK,21.36,21.19,OK,22.53,22.29,OK,22.89,22.65,OK,0,0,,0,0,,2.49,OK,2.5,OK,2.51,OK,2.5,OK,2.48,OK,2.53,OK,2.51,OK,0,,0,,2.64,OK,2.43,OK,2.49,OK,2.51,OK,2.58,OK,2.51,OK,2.48,OK,0,,0,,,,53.85,OK,,,,52.87,OK,,,,-292.77,OK,,,,-293.02,OK,,,,172.53,OK,,,,172.21,OK,,,,,,,,,,,,,,,,,
2410120986D,ATKINSON 3.8 OCV,DM4P4,2024-10-12 19:18:24,18.995,23.87,OK,25.29,25.17,OK,25.4,25.29,OK,25.42,25.26,OK,24.73,24.68,OK,25.33,25.26,OK,25.45,25.36,OK,25.54,25.45,OK,0,0,,0,0,,12.34,OK,12.49,OK,12.48,OK,12.46,OK,12.44,OK,12.31,OK,12.22,OK,0,,0,,12.42,OK,12.47,OK,12.26,OK,12.28,OK,12.34,OK,12.5,OK,12.48,OK,0,,0,,,,82.06,OK,,,,82.25,OK,,,,157.23,OK,,,,157.75,OK,,,,37.2,OK,,,,37.24,OK,,,,,,,,,,,,,,,,,
2410120987D,ATKINSON 3.8 OCV,DM3P5,2024-10-12 19:18:31,18.991,24.25,OK,25.33,25.26,OK,24.96,24.84,OK,24.94,24.66,OK,23.82,23.78,OK,25.17,25.12,OK,25.84,25.84,OK,26.42,26.33,OK,0,0,,0,0,,11.3,OK,11.64,OK,11.78,OK,11.48,OK,11.79,OK,11.64,OK,11.86,OK,0,,0,,12.71,OK,12.75,OK,12.7,OK,12.75,OK,12.89,OK,12.77,OK,12.66,OK,0,,0,,,,82.35,OK,,,,82.02,OK,,,,157.33,OK,,,,157.66,OK,,,,37.53,OK,,,,37.45,OK,,,,,,,,,,,,,,,,,
2410120980C,NEW KAPPAEX1.0,CM4P1,2024-10-12 19:18:39,18.698,28.27,OK,25.62,25.22,OK,23,22.54,OK,23.99,23.53,OK,21.92,21.66,OK,24.3,24.23,OK,21.86,21.04,OK,21.88,21.55,OK,0,0,,0,0,,0,OK,0,OK,0,OK,0,OK,0,OK,0,OK,0,OK,0,,0,,0,OK,0,OK,0,OK,0,OK,0,OK,0,OK,0,OK,0,,0,,,,53.4,OK,,,,52.24,OK,,,,-291.87,OK,,,,-291.71,OK,,,,172.65,OK,,,,172.41,OK,,,,,,,,,,,,,,,,,
2410120981C,NEW KAPPAEX1.0,CM1P8,2024-10-12 19:19:28,18.681,28.13,OK,23.72,23.62,OK,22.46,22.25,OK,21.87,21.83,OK,21.43,21.24,OK,22.32,22.2,OK,22.11,21.69,OK,22.06,21.78,OK,0,0,,0,0,,5.73,OK,6.63,OK,6.75,OK,6.6,OK,6.74,OK,7.06,OK,6.81,OK,0,,0,,6.24,OK,6.64,OK,6.62,OK,6.89,OK,6.57,OK,6.84,OK,6.55,OK,0,,0,,,,53.1,OK,,,,52.01,OK,,,,-293.37,OK,,,,-293.35,OK,,,,172.6,OK,,,,172.73,OK,,,,,,,,,,,,,,,,,
2410120982C,NEW KAPPAEX1.0,CM2P5,2024-10-12 19:20:16,18.692,27.65,OK,24.04,23.97,OK,23.01,22.5,OK,24.25,23.9,OK,22.26,21.77,OK,22.71,22.57,OK,22.03,21.8,OK,23.97,23.41,OK,0,0,,0,0,,15.36,OK,15.36,OK,15.36,OK,15.36,OK,15.36,OK,15.36,OK,15.36,OK,0,,0,,15.36,OK,15.36,OK,15.36,OK,15.36,OK,15.36,OK,15.36,OK,15.36,OK,0,,0,,,,51.99,OK,,,,54.13,OK,,,,-292.37,OK,,,,-292.52,OK,,,,171.98,OK,,,,173.05,OK,,,,,,,,,,,,,,,,,
2410120983C,NEW KAPPAEX1.0,CM3P3,2024-10-12 19:21:05,18.684,28.02,OK,29.19,28.72,OK,27.56,26.52,OK,27.09,26.72,OK,25.75,25.16,OK,27.31,26.93,OK,25.46,24.89,OK,25.07,24.48,OK,0,0,,0,0,,0,OK,0,OK,0,OK,0,OK,0,OK,0,OK,0,OK,0,,0,,0,OK,0,OK,0,OK,0,OK,0,OK,0,OK,0,OK,0,,0,,,,53.03,OK,,,,54.01,OK,,,,-291.6,OK,,,,-291.98,OK,,,,171.71,OK,,,,173.37,OK,,,,,,,,,,,,,,,,,
2410120989D,ATKINSON 3.8 OCV,DM2P8,2024-10-12 19:21:07,18.99,23.83,OK,30.2,30.1,OK,27.24,27.22,OK,24.72,24.51,OK,27.75,27.7,OK,27.99,27.99,OK,25.69,25.6,OK,27.61,27.61,OK,0,0,,0,0,,10.71,OK,10.81,OK,11.07,OK,10.98,OK,10.84,OK,10.83,OK,10.78,OK,0,,0,,10.52,OK,10.48,OK,10.5,OK,10.49,OK,10.5,OK,10.5,OK,10.27,OK,0,,0,,,,81.88,OK,,,,82.38,OK,,,,157.72,OK,,,,157.87,OK,,,,37.01,OK,,,,37.7,OK,,,,,,,,,,,,,,,,,
2410120984C,NEW KAPPAEX1.0,CM5P9,2024-10-12 19:21:51,18.686,27.11,OK,22.91,22.77,OK,21.22,21.05,OK,21.38,21.17,OK,21.24,21.15,OK,21.84,21.65,OK,22.55,22.27,OK,20.79,20.62,OK,0,0,,0,0,,2.4,OK,2.45,OK,2.43,OK,2.46,OK,2.43,OK,2.46,OK,2.45,OK,0,,0,,2.56,OK,2.35,OK,2.43,OK,2.47,OK,2.42,OK,2.43,OK,2.35,OK,0,,0,,,,53.61,OK,,,,53.91,OK,,,,-293.05,OK,,,,-292.84,OK,,,,171.88,OK,,,,172.93,OK,,,,,,,,,,,,,,,,,
2410120990D,ATKINSON 3.8 OCV,DM4P1,2024-10-12 19:22:02,18.988,23.1,OK,26.58,26.52,OK,23.48,23.36,OK,24.78,24.36,OK,26.05,26.05,OK,26.75,26.63,OK,26.19,26.03,OK,24.94,24.87,OK,0,0,,0,0,,12.18,OK,12.46,OK,12.47,OK,12.29,OK,12.29,OK,12.27,OK,12.45,OK,0,,0,,12.43,OK,12.46,OK,12.45,OK,12.56,OK,12.47,OK,12.5,OK,12.5,OK,0,,0,,,,82.81,OK,,,,82.98,OK,,,,157.3,OK,,,,157.42,OK,,,,36.9,OK,,,,37.11,OK,,,,,,,,,,,,,,,,,
2410120985C,NEW KAPPAEX1.0,CM4P7,2024-10-12 19:22:40,18.698,28.23,OK,25.25,24.89,OK,21.13,20.43,OK,23.05,22.54,OK,21.51,21.26,OK,23.13,23.07,OK,22.12,21.48,OK,23.24,22.28,OK,0,0,,0,0,,0,OK,0,OK,0,OK,0,OK,0,OK,0,OK,0,OK,0,,0,,0,OK,0,OK,0,OK,0,OK,0,OK,0,OK,0,OK,0,,0,,,,53.34,OK,,,,53.14,OK,,,,-292.3,OK,,,,-292.3,OK,,,,172.66,OK,,,,173.81,OK,,,,,,,,,,,,,,,,,
2410120991D,ATKINSON 3.8 OCV,DM3P7,2024-10-12 19:23:01,18.987,23.67,OK,25.33,25.24,OK,27.44,27.35,OK,27.16,26.75,OK,26.42,26.4,OK,26.82,26.75,OK,26.79,26.63,OK,26.91,26.84,OK,0,0,,0,0,,11.85,OK,11.47,OK,11.28,OK,11.49,OK,11.61,OK,11.64,OK,11.5,OK,0,,0,,12.69,OK,12.92,OK,12.82,OK,12.71,OK,12.83,OK,12.77,OK,12.82,OK,0,,0,,,,82.96,OK,,,,83.11,OK,,,,156.81,OK,,,,157.84,OK,,,,36.54,OK,,,,36.75,OK,,,,,,,,,,,,,,,,,
2410120986C,NEW KAPPAEX1.0,CM1P2,2024-10-12 19:23:28,18.681,26.97,OK,23.93,23.69,OK,23.81,23.34,OK,23.93,23.76,OK,23.53,23.13,OK,22.22,22.08,OK,22.22,21.94,OK,23.69,23.3,OK,0,0,,0,0,,5.86,OK,6.98,OK,6.73,OK,6.73,OK,6.87,OK,6.88,OK,7.19,OK,0,,0,,6.71,OK,6.45,OK,6.63,OK,6.46,OK,6.6,OK,6.5,OK,6.22,OK,0,,0,,,,52.95,OK,,,,51.79,OK,,,,-292.2,OK,,,,-292.82,OK,,,,171.98,OK,,,,172.47,OK,,,,,,,,,,,,,,,,,
2410120992D,ATKINSON 3.8 OCV,DM1P3,2024-10-12 19:23:53,18.992,25.53,OK,26.16,26.11,OK,26.32,26.27,OK,25.55,24.85,OK,26.38,26.34,OK,26.95,26.95,OK,25.71,25.6,OK,26.59,26.52,OK,0,0,,0,0,,11.38,OK,11.41,OK,11.39,OK,11.37,OK,11.48,OK,11.46,OK,11.5,OK,0,,0,,10.01,OK,10.29,OK,10.17,OK,10.29,OK,10.18,OK,10.23,OK,10.3,OK,0,,0,,,,83.24,OK,,,,82.83,OK,,,,157.03,OK,,,,157.35,OK,,,,36.6,OK,,,,36.63,OK,,,,,,,,,,,,,,,,,
2410120987C,NEW KAPPAEX1.0,CM2P4,2024-10-12 19:24:17,18.692,27.32,OK,24.55,24.46,OK,23.24,22.92,OK,23.43,23.13,OK,22.26,21.63,OK,22.75,22.47,OK,22.64,22.26,OK,22.78,22.47,OK,0,0,,0,0,,15.36,OK,15.36,OK,15.36,OK,15.36,OK,15.36,OK,15.36,OK,15.36,OK,0,,0,,15.36,OK,15.36,OK,15.36,OK,15.36,OK,15.36,OK,15.36,OK,15.36,OK,0,,0,,,,53.69,OK,,,,52.6,OK,,,,-291.97,OK,,,,-291.38,OK,,,,171.22,OK,,,,171.43,OK,,,,,,,,,,,,,,,,,
2410120993D,ATKINSON 3.8 OCV,DM2P9,2024-10-12 19:24:45,18.988,24.3,OK,27.39,27.34,OK,24.65,24.51,OK,24.38,24.26,OK,25.6,25.5,OK,27.03,26.95,OK,25.33,25.33,OK,25.5,25.4,OK,0,0,,0,0,,10.81,OK,11.04,OK,11.4,OK,11.42,OK,11.02,OK,11.12,OK,10.79,OK,0,,0,,10.47,OK,10.4,OK,10.44,OK,10.52,OK,10.47,OK,10.45,OK,10.45,OK,0,,0,,,,82.55,OK,,,,82.37,OK,,,,157.8,OK,,,,158.1,OK,,,,37.84,OK,,,,37.41,OK,,,,,,,,,,,,,,,,,
2410120988C,NEW KAPPAEX1.0,CM3P6,2024-10-12 19:25:03,18.694,27.67,OK,28.74,27.97,OK,26.2,25.43,OK,27.38,27.04,OK,25.93,25.23,OK,26.07,25.75,OK,25.95,25.09,OK,25.86,24.71,OK,0,0,,0,0,,0,OK,0,OK,0,OK,0,OK,0,OK,0,OK,0,OK,0,,0,,0,OK,0,OK,0,OK,0,OK,0,OK,0,OK,0,OK,0,,0,,,,52.36,OK,,,,53.52,OK,,,,-292.49,OK,,,,-292.04,OK,,,,172.33,OK,,,,173.46,OK,,,,,,,,,,,,,,,,,
2410120994D,ATKINSON 3.8 OCV,DM4P5,2024-10-12 19:25:40,18.989,23.55,OK,26.54,26.4,OK,24.13,24.01,OK,25.45,24.89,OK,26.26,26.24,OK,25.19,25.1,OK,26,25.89,OK,25.73,25.61,OK,0,0,,0,0,,12.31,OK,12.33,OK,12.26,OK,12.27,OK,12.24,OK,11.73,OK,11.95,OK,0,,0,,12.45,OK,12.47,OK,12.13,OK,12.66,OK,12.43,OK,12.47,OK,12.43,OK,0,,0,,,,82.64,OK,,,,82.47,OK,,,,157.16,OK,,,,157.34,OK,,,,36.87,OK,,,,36.94,OK,,,,,,,,,,,,,,,,,
2410120990C,NEW KAPPAEX1.0,CM4P8,2024-10-12 19:25:51,18.689,26.38,OK,25.73,25.22,OK,22.63,21.86,OK,24.45,23.93,OK,21.9,21.57,OK,24.08,23.88,OK,22.69,21.95,OK,20.91,20.34,OK,0,0,,0,0,,0,OK,0,OK,0,OK,0,OK,0,OK,0,OK,0,OK,0,,0,,0,OK,0,OK,0,OK,0,OK,0,OK,0,OK,0,OK,0,,0,,,,54.07,OK,,,,53.98,OK,,,,-292.8,OK,,,,-291.93,OK,,,,170.57,OK,,,,173.16,OK,,,,,,,,,,,,,,,,,
2410120995D,ATKINSON 3.8 OCV,DM3P5,2024-10-12 19:26:32,18.986,23.56,OK,24.31,24.29,OK,26.82,26.77,OK,25.31,25.05,OK,25.03,24.96,OK,26.07,26.03,OK,25.94,25.82,OK,25.49,25.47,OK,0,0,,0,0,,11.44,OK,11.62,OK,11.34,OK,11.47,OK,11.46,OK,11.71,OK,11.61,OK,0,,0,,12.78,OK,12.91,OK,12.88,OK,12.9,OK,12.81,OK,12.77,OK,12.75,OK,0,,0,,,,82.95,OK,,,,82.4,OK,,,,157.41,OK,,,,157.84,OK,,,,37.1,OK,,,,36.95,OK,,,,,,,,,,,,,,,,,
2410120991C,NEW KAPPAEX1.0,CM1P5,2024-10-12 19:26:37,18.685,26.78,OK,24.02,23.83,OK,22.9,22.57,OK,24.02,23.81,OK,23.55,23.25,OK,23.48,23.46,OK,22.74,22.41,OK,21.99,21.9,OK,0,0,,0,0,,6.06,OK,6.69,OK,6.68,OK,7.35,OK,7.08,OK,6.93,OK,6.89,OK,0,,0,,6.04,OK,6.58,OK,6.92,OK,6.64,OK,6.54,OK,6.73,OK,6.88,OK,0,,0,,,,53.08,OK,,,,52.41,OK,,,,-292.73,OK,,,,-292.82,OK,,,,173.04,OK,,,,173.83,OK,,,,,,,,,,,,,,,,,
2410120996D,ATKINSON 3.8 OCV,DM1P6,2024-10-12 19:27:24,18.99,23.96,OK,27.1,26.86,OK,27.06,26.97,OK,24.65,24.07,OK,26.7,26.54,OK,25.6,25.53,OK,24.54,24.43,OK,26,25.98,OK,0,0,,0,0,,11.44,OK,11.37,OK,11.47,OK,11.34,OK,11.49,OK,11.49,OK,11.51,OK,0,,0,,10.01,OK,10.43,OK,10.18,OK,10.33,OK,10.15,OK,10.21,OK,10.23,OK,0,,0,,,,83.45,OK,,,,83.31,OK,,,,156.6,OK,,,,156.54,OK,,,,36.87,OK,,,,37.32,OK,,,,,,,,,,,,,,,,,
2410120992C,NEW KAPPAEX1.0,CM2P3,2024-10-12 19:27:26,18.687,27.41,OK,24.95,24.69,OK,22.87,22.66,OK,24.22,23.9,OK,23.15,22.92,OK,22.96,22.89,OK,21.7,21.54,OK,22.75,22.45,OK,0,0,,0,0,,15.36,OK,15.36,OK,15.36,OK,15.36,OK,15.36,OK,15.36,OK,15.36,OK,0,,0,,15.36,OK,15.36,OK,15.36,OK,15.36,OK,15.36,OK,15.36,OK,15.36,OK,0,,0,,,,53.34,OK,,,,52.76,OK,,,,-293.36,OK,,,,-292,OK,,,,172.5,OK,,,,170.88,OK,,,,,,,,,,,,,,,,,
2410120993C,NEW KAPPAEX1.0,CM3P7,2024-10-12 19:28:11,18.695,27.16,OK,28.04,27.4,OK,25.07,24.73,OK,27.09,26.66,OK,26.61,26,OK,25.5,25.18,OK,25.5,24.53,OK,25.18,24.21,OK,0,0,,0,0,,0,OK,0,OK,0,OK,0,OK,0,OK,0,OK,0,OK,0,,0,,0,OK,0,OK,0,OK,0,OK,0,OK,0,OK,0,OK,0,,0,,,,52.44,OK,,,,53.08,OK,,,,-291.78,OK,,,,-291.35,OK,,,,170.44,OK,,,,172.2,OK,,,,,,,,,,,,,,,,,
2410120997D,ATKINSON 3.8 OCV,DM2P8,2024-10-12 19:28:19,18.986,24.45,OK,28.87,28.74,OK,24.77,24.68,OK,24.09,23.92,OK,25.6,25.47,OK,25.84,25.79,OK,25.4,25.28,OK,24.29,24.24,OK,0,0,,0,0,,10.78,OK,11.08,OK,10.84,OK,10.82,OK,10.75,OK,10.79,OK,10.81,OK,0,,0,,10.39,OK,10.48,OK,10.48,OK,10.48,OK,10.5,OK,10.46,OK,10.32,OK,0,,0,,,,82.18,OK,,,,82.26,OK,,,,157.67,OK,,,,157.79,OK,,,,37.11,OK,,,,37.61,OK,,,,,,,,,,,,,,,,,
2410120994C,NEW KAPPAEX1.0,CM4P2,2024-10-12 19:29:00,18.692,27.26,OK,26.24,25.55,OK,24.59,24.37,OK,24.61,23.95,OK,23.05,22.8,OK,23.77,23.55,OK,23.86,23.51,OK,22.23,21.64,OK,0,0,,0,0,,0,OK,0,OK,0,OK,0,OK,0,OK,0,OK,0,OK,0,,0,,0,OK,0,OK,0,OK,0,OK,0,OK,0,OK,0,OK,0,,0,,,,53.43,OK,,,,53.65,OK,,,,-293.04,OK,,,,-292.37,OK,,,,172.47,OK,,,,172.93,OK,,,,,,,,,,,,,,,,,
2410120998D,ATKINSON 3.8 OCV,DM4P1,2024-10-12 19:29:14,18.995,23.8,OK,25.26,25.12,OK,22.94,22.85,OK,26.31,25.82,OK,26.21,26.17,OK,25.36,25.29,OK,24.36,24.31,OK,24.2,24.17,OK,0,0,,0,0,,12.13,OK,12.31,OK,12.29,OK,12.31,OK,12.3,OK,12.32,OK,12.27,OK,0,,0,,12.44,OK,12.42,OK,12.48,OK,12.38,OK,12.56,OK,12.65,OK,12.48,OK,0,,0,,,,82.44,OK,,,,82.78,OK,,,,157.45,OK,,,,157.8,OK,,,,37.25,OK,,,,37.2,OK,,,,,,,,,,,,,,,,,
2410120989C,NEW KAPPAEX1.0,CM5P3,2024-10-12 19:29:49,18.686,28.43,OK,25.99,25.78,OK,21.5,21.43,OK,22.53,22.22,OK,22.01,21.74,OK,22.46,22.24,OK,23.2,22.79,OK,23.25,23.06,OK,0,0,,0,0,,2.42,OK,2.47,OK,2.48,OK,2.48,OK,2.5,OK,2.47,OK,2.52,OK,0,,0,,2.7,OK,2.4,OK,2.38,OK,2.44,OK,2.42,OK,2.49,OK,2.52,OK,0,,0,,,,53.05,OK,,,,53.49,OK,,,,-293.01,OK,,,,-292.09,OK,,,,171.47,OK,,,,172.5,OK,,,,,,,,,,,,,,,,,
2410120999D,ATKINSON 3.8 OCV,DM3P7,2024-10-12 19:30:06,18.996,24.82,OK,27.88,27.88,OK,24.68,24.59,OK,25.38,24.98,OK,23.94,23.89,OK,27.07,26.98,OK,25.15,25.12,OK,25.31,25.26,OK,0,0,,0,0,,11.21,OK,11.45,OK,11.61,OK,11.43,OK,11.49,OK,11.61,OK,11.95,OK,0,,0,,12.75,OK,12.79,OK,12.9,OK,12.89,OK,12.75,OK,12.79,OK,12.78,OK,0,,0,,,,82.85,OK,,,,83.14,OK,,,,157.41,OK,,,,157.31,OK,,,,36.97,OK,,,,37.15,OK,,,,,,,,,,,,,,,,,
2410120995C,NEW KAPPAEX1.0,CM1P4,2024-10-12 19:30:34,18.688,26.75,OK,23.88,23.72,OK,22.29,21.9,OK,23.76,23.67,OK,23.72,23.25,OK,22.62,22.57,OK,23.13,22.74,OK,22.5,22.25,OK,0,0,,0,0,,6.03,OK,6.64,OK,6.6,OK,7.24,OK,7.06,OK,7.09,OK,6.88,OK,0,,0,,6.3,OK,6.75,OK,6.95,OK,6.52,OK,6.5,OK,6.62,OK,6.65,OK,0,,0,,,,53.53,OK,,,,51.52,OK,,,,-293.89,OK,,,,-292.27,OK,,,,171.55,OK,,,,171.73,OK,,,,,,,,,,,,,,,,,
2410121000D,ATKINSON 3.8 OCV,DM1P3,2024-10-12 19:31:05,18.996,23.55,OK,24.83,24.76,OK,28.16,27.89,OK,24.22,23.55,OK,27.22,26.95,OK,25.01,24.97,OK,25.37,25.28,OK,26.32,26.23,OK,0,0,,0,0,,11.42,OK,11.4,OK,11.44,OK,11.38,OK,11.46,OK,11.45,OK,11.48,OK,0,,0,,10.06,OK,10.3,OK,10.26,OK,10.04,OK,10.13,OK,10.16,OK,10.15,OK,0,,0,,,,83.39,OK,,,,82.99,OK,,,,157.31,OK,,,,157.46,OK,,,,36.75,OK,,,,36.9,OK,,,,,,,,,,,,,,,,,
2410120996C,NEW KAPPAEX1.0,CM2P1,2024-10-12 19:31:19,18.688,27.41,OK,23.83,23.69,OK,22.29,22.12,OK,23.92,23.59,OK,22.12,21.91,OK,23.17,22.96,OK,22.96,22.61,OK,22.52,22.24,OK,0,0,,0,0,,15.36,OK,15.36,OK,15.36,OK,15.36,OK,15.36,OK,15.36,OK,15.36,OK,0,,0,,15.36,OK,15.36,OK,15.36,OK,15.36,OK,15.36,OK,15.36,OK,15.36,OK,0,,0,,,,53.76,OK,,,,53.03,OK,,,,-292.6,OK,,,,-291.93,OK,,,,172.79,OK,,,,171.24,OK,,,,,,,,,,,,,,,,,
2410121001D,ATKINSON 3.8 OCV,DM2P9,2024-10-12 19:31:57,18.995,23.21,OK,26.61,26.52,OK,24.75,24.68,OK,24.38,24.31,OK,26.78,26.73,OK,28.6,28.55,OK,25.74,25.69,OK,24.12,24.07,OK,0,0,,0,0,,10.8,OK,11.07,OK,10.81,OK,10.83,OK,11.11,OK,10.82,OK,10.8,OK,0,,0,,10.42,OK,10.47,OK,10.51,OK,10.47,OK,10.49,OK,10.47,OK,10.32,OK,0,,0,,,,82.23,OK,,,,82.85,OK,,,,157.49,OK,,,,157.85,OK,,,,37.8,OK,,,,37.35,OK,,,,,,,,,,,,,,,,,
2410120997C,NEW KAPPAEX1.0,CM3P6,2024-10-12 19:32:08,18.694,27.57,OK,29.48,28.67,OK,25.52,25.18,OK,26.38,25.82,OK,26.47,25.68,OK,25.55,25.07,OK,25.75,25.16,OK,26.2,25.41,OK,0,0,,0,0,,0,OK,0,OK,0,OK,0,OK,0,OK,0,OK,0,OK,0,,0,,0,OK,0,OK,0,OK,0,OK,0,OK,0,OK,0,OK,0,,0,,,,52.75,OK,,,,52.65,OK,,,,-292.65,OK,,,,-291.8,OK,,,,172.56,OK,,,,173.07,OK,,,,,,,,,,,,,,,,,
2410121002D,ATKINSON 3.8 OCV,DM4P4,2024-10-12 19:32:49,18.997,25.07,OK,25.26,25.15,OK,26.17,25.89,OK,24.54,23.94,OK,26.05,26,OK,25.54,25.45,OK,25.75,25.7,OK,26.45,26.38,OK,0,0,,0,0,,12.07,OK,12.27,OK,12.19,OK,12.26,OK,12.25,OK,12.07,OK,11.98,OK,0,,0,,12.34,OK,12.42,OK,12.45,OK,12.5,OK,12.53,OK,12.31,OK,12.49,OK,0,,0,,,,82.14,OK,,,,82.19,OK,,,,157.67,OK,,,,157.83,OK,,,,37.01,OK,,,,37.24,OK,,,,,,,,,,,,,,,,,
2410120998C,NEW KAPPAEX1.0,CM4P8,2024-10-12 19:32:57,18.697,27.05,OK,25.18,24.72,OK,24.28,23.95,OK,23.49,23.02,OK,23.51,23.29,OK,25.38,25.31,OK,23.77,23.4,OK,22.39,21.95,OK,0,0,,0,0,,0,OK,0,OK,0,OK,0,OK,0,OK,0,OK,0,OK,0,,0,,0,OK,0,OK,0,OK,0,OK,0,OK,0,OK,0,OK,0,,0,,,,53.99,OK,,,,54.29,OK,,,,-292.49,OK,,,,-291.81,OK,,,,170.21,OK,,,,173.01,OK,,,,,,,,,,,,,,,,,
2410121003D,ATKINSON 3.8 OCV,DM3P5,2024-10-12 19:33:44,18.999,24.05,OK,26.96,26.91,OK,24.47,24.47,OK,24.94,24.47,OK,22.76,22.64,OK,25.7,25.63,OK,26.72,26.63,OK,25.94,25.82,OK,0,0,,0,0,,11.28,OK,11.61,OK,11.53,OK,11.94,OK,11.67,OK,11.54,OK,11.53,OK,0,,0,,12.78,OK,12.83,OK,12.91,OK,12.73,OK,12.91,OK,12.79,OK,12.79,OK,0,,0,,,,82.68,OK,,,,82.36,OK,,,,157.29,OK,,,,157.36,OK,,,,36.93,OK,,,,37.09,OK,,,,,,,,,,,,,,,,,
2410120999C,NEW KAPPAEX1.0,CM5P9,2024-10-12 19:33:46,18.69,26.92,OK,23.27,23.08,OK,22.24,21.79,OK,22.08,21.81,OK,21.77,21.65,OK,21.74,21.6,OK,22.32,22.08,OK,21.58,21.26,OK,0,0,,0,0,,2.45,OK,2.46,OK,2.46,OK,2.46,OK,2.47,OK,2.5,OK,2.49,OK,0,,0,,2.52,OK,2.37,OK,2.43,OK,2.45,OK,2.47,OK,2.44,OK,2.31,OK,0,,0,,,,53.49,OK,,,,52.95,OK,,,,-292.39,OK,,,,-292.43,OK,,,,171.69,OK,,,,172.78,OK,,,,,,,,,,,,,,,,,
2410121000C,,C,2024-10-12 19:34:31,18.69,26.92,OK,,,,,,,,,,,,,,,,,,,,,,,,,,,,,,,,,,,,,,,,,,,,,,,,,,,,,,,,,,,,,,,,,,52.9,OK,,,,52.12,OK,,,,-292.85,OK,,,,-293.03,OK,,,,173.11,OK,,,,173.41,OK,,,,,,,,,,,,,,,,,
2410121004D,ATKINSON 3.8 OCV,DM1P6,2024-10-12 19:34:36,18.999,24.46,OK,25.1,24.94,OK,26.65,26.56,OK,25.6,25.24,OK,26.83,26.74,OK,24.65,24.49,OK,25.73,25.6,OK,26.18,26.18,OK,0,0,,0,0,,11.43,OK,11.4,OK,11.39,OK,11.51,OK,11.61,OK,11.71,OK,11.43,OK,0,,0,,10.08,OK,10.25,OK,10.24,OK,10.41,OK,10.31,OK,10.09,OK,10.12,OK,0,,0,,,,83.51,OK,,,,83.54,OK,,,,157.09,OK,,,,156.91,OK,,,,37.04,OK,,,,37.11,OK,,,,,,,,,,,,,,,,,
2410121001C,NEW KAPPAEX1.0,CM2P3,2024-10-12 19:35:20,18.697,27.46,OK,26.91,26.53,OK,24.01,23.8,OK,24.46,24.08,OK,23.99,23.66,OK,24.06,23.9,OK,22.73,22.52,OK,22.57,22.31,OK,0,0,,0,0,,15.36,OK,15.36,OK,15.36,OK,15.36,OK,15.36,OK,15.36,OK,15.36,OK,0,,0,,15.36,OK,15.36,OK,15.36,OK,15.36,OK,15.36,OK,15.36,OK,15.36,OK,0,,0,,,,52.92,OK,,,,52.92,OK,,,,-291.82,OK,,,,-292.02,OK,,,,171.13,OK,,,,170.83,OK,,,,,,,,,,,,,,,,,
2410121005D,ATKINSON 3.8 OCV,DM2P8,2024-10-12 19:35:32,18.989,23.38,OK,28.28,28.19,OK,24.82,24.7,OK,25.23,24.99,OK,26.1,26.06,OK,25.35,25.33,OK,24.6,24.55,OK,25.06,24.99,OK,0,0,,0,0,,10.82,OK,11.06,OK,10.77,OK,10.8,OK,11.28,OK,11.31,OK,10.82,OK,0,,0,,10.44,OK,10.53,OK,10.38,OK,10.69,OK,10.52,OK,10.49,OK,10.49,OK,0,,0,,,,82.44,OK,,,,82.32,OK,,,,157.54,OK,,,,157.52,OK,,,,36.79,OK,,,,37.19,OK,,,,,,,,,,,,,,,,,
2410121002C,NEW KAPPAEX1.0,CM3P7,2024-10-12 19:36:09,18.679,27.18,OK,29.21,28.65,OK,26.93,26.34,OK,27.7,27.29,OK,25.55,25.03,OK,25.75,25.23,OK,26.5,25.71,OK,27.09,26.25,OK,0,0,,0,0,,0,OK,0,OK,0,OK,0,OK,0,OK,0,OK,0,OK,0,,0,,0,OK,0,OK,0,OK,0,OK,0,OK,0,OK,0,OK,0,,0,,,,52.55,OK,,,,53.05,OK,,,,-292.2,OK,,,,-290.77,OK,,,,170.57,OK,,,,171.26,OK,,,,,,,,,,,,,,,,,
2410121007D,ATKINSON 3.8 OCV,DM3P7,2024-10-12 19:36:27,18.987,23.33,OK,26.68,26.58,OK,26.26,26.21,OK,25.68,25.08,OK,23.22,23.1,OK,26.98,26.91,OK,26.84,26.75,OK,26.72,26.65,OK,0,0,,0,0,,11.47,OK,11.43,OK,11.47,OK,11.59,OK,11.61,OK,11.61,OK,11.64,OK,0,,0,,12.78,OK,12.8,OK,12.87,OK,12.75,OK,12.92,OK,12.78,OK,12.79,OK,0,,0,,,,82.88,OK,,,,83.11,OK,,,,157.56,OK,,,,157.29,OK,,,,37.24,OK,,,,37.27,OK,,,,,,,,,,,,,,,,,
2410121003C,NEW KAPPAEX1.0,CM4P4,2024-10-12 19:36:57,18.698,27.73,OK,26.61,26.04,OK,22.23,21.99,OK,23.2,22.87,OK,21.75,21.44,OK,23.07,22.96,OK,21.88,21.18,OK,20.43,19.79,OK,0,0,,0,0,,0,OK,0,OK,0,OK,0,OK,0,OK,0,OK,0,OK,0,,0,,0,OK,0,OK,0,OK,0,OK,0,OK,0,OK,0,OK,0,,0,,,,53.7,OK,,,,53.4,OK,,,,-293.02,OK,,,,-292.68,OK,,,,172.9,OK,,,,174.01,OK,,,,,,,,,,,,,,,,,
2410121008D,ATKINSON 3.8 OCV,DM1P3,2024-10-12 19:37:25,18.984,25.18,OK,25.84,25.64,OK,27.87,27.78,OK,26.34,25.8,OK,27.98,27.82,OK,26.68,26.56,OK,26.74,26.72,OK,27.87,27.87,OK,0,0,,0,0,,11.53,OK,11.33,OK,11.43,OK,11.53,OK,11.42,OK,11.44,OK,11.47,OK,0,,0,,10.03,OK,10.33,OK,10.39,OK,10.29,OK,10.25,OK,10.24,OK,10.15,OK,0,,0,,,,82.94,OK,,,,82.63,OK,,,,157.46,OK,,,,157.73,OK,,,,36.83,OK,,,,37.24,OK,,,,,,,,,,,,,,,,,
2410121004C,NEW KAPPAEX1.0,CM5P2,2024-10-12 19:37:46,18.685,27.5,OK,25.18,24.94,OK,23.18,23.03,OK,23.51,23.18,OK,20.91,20.76,OK,22.32,22.2,OK,23.8,23.51,OK,22.75,22.39,OK,0,0,,0,0,,2.45,OK,2.47,OK,2.46,OK,2.51,OK,2.46,OK,2.49,OK,2.49,OK,0,,0,,2.57,OK,2.4,OK,2.45,OK,2.47,OK,2.44,OK,2.44,OK,2.38,OK,0,,0,,,,53.7,OK,,,,52.18,OK,,,,-292.06,OK,,,,-292.06,OK,,,,171.86,OK,,,,171.51,OK,,,,,,,,,,,,,,,,,
2410121005C,NEW KAPPAEX1.0,CM1P1,2024-10-12 19:38:35,18.687,26.92,OK,22.78,22.74,OK,22.22,21.85,OK,23.83,23.69,OK,22.06,21.41,OK,24.37,24.3,OK,22.5,22.01,OK,23.39,23.11,OK,0,0,,0,0,,5.82,OK,6.74,OK,6.6,OK,6.69,OK,6.75,OK,6.9,OK,7.16,OK,0,,0,,6.11,OK,6.4,OK,6.57,OK,6.56,OK,6.88,OK,6.45,OK,6.41,OK,0,,0,,,,53.68,OK,,,,53.08,OK,,,,-293.28,OK,,,,-294.02,OK,,,,172.22,OK,,,,172.3,OK,,,,,,,,,,,,,,,,,
2410121006D,ATKINSON 3.8 OCV,DM4P1,2024-10-12 19:39:16,18.993,24.37,OK,26.82,26.75,OK,23.15,23.1,OK,25.49,25.01,OK,25.77,25.77,OK,25.45,25.38,OK,24.59,24.54,OK,24.87,24.84,OK,0,0,,0,0,,11.92,OK,12.21,OK,12.27,OK,12.2,OK,12.29,OK,12.12,OK,12.15,OK,0,,0,,12.41,OK,12.6,OK,12.48,OK,12.24,OK,11.76,OK,12.27,OK,12.65,OK,0,,0,,,,82.45,OK,,,,82.59,OK,,,,157.33,OK,,,,157.62,OK,,,,37.01,OK,,,,37.12,OK,,,,,,,,,,,,,,,,,
2410120982D,ATKINSON 3.8 OCV,DM5P1,2024-10-12 19:40:08,18.996,24.23,OK,24.02,23.93,OK,25.39,25.29,OK,23.81,23.53,OK,25.06,24.97,OK,25.27,25.02,OK,23.65,23.48,OK,23.65,23.55,OK,0,0,,0,0,,2.15,OK,2.65,OK,2.66,OK,2.68,OK,2.7,OK,2.7,OK,2.67,OK,0,,0,,0.78,OK,0.87,OK,0.83,OK,0.84,OK,0.85,OK,0.87,OK,0.85,OK,0,,0,,,,82.32,OK,,,,82.34,OK,,,,157.53,OK,,,,158.28,OK,,,,37.41,OK,,,,37.48,OK,,,,,,,,,,,,,,,,,
2410121006C,NEW KAPPAEX1.0,CM2P6,2024-10-12 19:40:09,18.693,26.6,OK,23.66,23.52,OK,23.27,23.08,OK,24.08,23.66,OK,23.59,23.38,OK,22.64,22.4,OK,23.45,23.17,OK,23.97,23.55,OK,0,0,,0,0,,15.36,OK,15.36,OK,15.36,OK,15.36,OK,15.36,OK,15.36,OK,15.36,OK,0,,0,,15.36,OK,15.36,OK,15.36,OK,15.36,OK,15.36,OK,15.36,OK,15.36,OK,0,,0,,,,53.03,OK,,,,51.63,OK,,,,-292.38,OK,,,,-291.45,OK,,,,172.7,OK,,,,172.7,OK,,,,,,,,,,,,,,,,,
2410121007C,NEW KAPPAEX1.0,CM3P9,2024-10-12 19:40:55,18.694,27.08,OK,28.92,28.1,OK,26.27,25.82,OK,26.86,26.54,OK,26.84,26.16,OK,24.75,24.57,OK,26.32,25.5,OK,26.43,25.68,OK,0,0,,0,0,,0,OK,0,OK,0,OK,0,OK,0,OK,0,OK,0,OK,0,,0,,0,OK,0,OK,0,OK,0,OK,0,OK,0,OK,0,OK,0,,0,,,,51.13,OK,,,,52.24,OK,,,,-292.66,OK,,,,-291.66,OK,,,,172.4,OK,,,,171.56,OK,,,,,,,,,,,,,,,,,
2410121010D,ATKINSON 3.8 OCV,DM3P5,2024-10-12 19:41:03,18.999,23.13,OK,28.3,28.19,OK,25.52,25.4,OK,25.36,24.94,OK,23.82,23.78,OK,24.87,24.82,OK,27.19,27.12,OK,25.4,25.38,OK,0,0,,0,0,,11.24,OK,11.54,OK,11.86,OK,11.58,OK,11.92,OK,11.65,OK,11.43,OK,0,,0,,12.76,OK,12.83,OK,12.79,OK,12.8,OK,12.8,OK,12.77,OK,12.76,OK,0,,0,,,,82.64,OK,,,,82.29,OK,,,,157.34,OK,,,,157.77,OK,,,,37.18,OK,,,,37.14,OK,,,,,,,,,,,,,,,,,
2410121009C,NEW KAPPAEX1.0,CM5P8,2024-10-12 19:41:47,18.698,27.41,OK,24.25,23.96,OK,21.6,21.5,OK,22.05,21.84,OK,21.65,21.53,OK,21.96,21.77,OK,22.29,22.05,OK,22.79,22.6,OK,0,0,,0,0,,2.45,OK,2.48,OK,2.46,OK,2.47,OK,2.48,OK,2.49,OK,2.56,OK,0,,0,,2.69,OK,2.5,OK,2.4,OK,2.44,OK,2.47,OK,2.49,OK,2.44,OK,0,,0,,,,53.68,OK,,,,53.62,OK,,,,-291.69,OK,,,,-292.62,OK,,,,171.12,OK,,,,171.78,OK,,,,,,,,,,,,,,,,,
2410121011D,ATKINSON 3.8 OCV,DM1P6,2024-10-12 19:41:58,18.985,22.85,OK,25.08,24.97,OK,26.77,26.72,OK,25.87,25.48,OK,28.7,28.68,OK,25.37,25.28,OK,26.2,26.09,OK,26.07,26.02,OK,0,0,,0,0,,11.54,OK,11.4,OK,11.43,OK,11.43,OK,11.54,OK,11.47,OK,11.45,OK,0,,0,,10.05,OK,10.19,OK,10.4,OK,10.42,OK,10.25,OK,10.29,OK,10.08,OK,0,,0,,,,83.31,OK,,,,83.22,OK,,,,156.65,OK,,,,156.43,OK,,,,37.36,OK,,,,37.6,OK,,,,,,,,,,,,,,,,,
2410121008C,NEW KAPPAEX1.0,CM4P5,2024-10-12 19:42:35,18.688,27.68,OK,24.85,24.23,OK,23.71,23.35,OK,23.68,23.4,OK,22.41,22.21,OK,23.55,23.51,OK,23.88,23.42,OK,22.96,21.88,OK,0,0,,0,0,,0,OK,0,OK,0,OK,0,OK,0,OK,0,OK,0,OK,0,,0,,0,OK,0,OK,0,OK,0,OK,0,OK,0,OK,0,OK,0,,0,,,,54.28,OK,,,,53.35,OK,,,,-293.31,OK,,,,-291.3,OK,,,,172.75,OK,,,,173.11,OK,,,,,,,,,,,,,,,,,
2410121012D,ATKINSON 3.8 OCV,DM2P8,2024-10-12 19:42:53,18.993,24.01,OK,25.86,25.81,OK,24.12,24,OK,24.22,23.97,OK,26.23,26.18,OK,26.32,26.3,OK,24.77,24.72,OK,23.13,23.08,OK,0,0,,0,0,,11.24,OK,10.78,OK,10.77,OK,10.81,OK,10.81,OK,11.11,OK,10.8,OK,0,,0,,10.39,OK,10.4,OK,10.5,OK,10.42,OK,10.35,OK,10.43,OK,10.34,OK,0,,0,,,,82.25,OK,,,,82.24,OK,,,,157.64,OK,,,,157.83,OK,,,,36.96,OK,,,,37.41,OK,,,,,,,,,,,,,,,,,
2410121010C,NEW KAPPAEX1.0,CM1P3,2024-10-12 19:43:21,18.699,26.98,OK,26.03,25.98,OK,23.04,22.5,OK,24.07,23.83,OK,23.04,22.46,OK,23.06,22.88,OK,23.3,22.99,OK,22.74,22.08,OK,0,0,,0,0,,6.11,OK,6.72,OK,6.62,OK,7.05,OK,6.91,OK,6.95,OK,6.92,OK,0,,0,,6.2,OK,6.65,OK,6.74,OK,6.5,OK,6.66,OK,6.73,OK,6.62,OK,0,,0,,,,53.64,OK,,,,55.05,OK,,,,-294.47,OK,,,,-293.43,OK,,,,172.65,OK,,,,171.43,OK,,,,,,,,,,,,,,,,,
2410121013D,ATKINSON 3.8 OCV,DM4P4,2024-10-12 19:43:49,18.997,23.76,OK,24.8,24.59,OK,24.68,24.66,OK,24.26,23.68,OK,25.54,25.52,OK,25.68,25.63,OK,25.89,25.82,OK,25.36,25.36,OK,0,0,,0,0,,11.99,OK,12.07,OK,12.05,OK,12.21,OK,12.1,OK,12.1,OK,11.95,OK,0,,0,,12.52,OK,12.45,OK,12.39,OK,12.38,OK,12.47,OK,12.52,OK,12.46,OK,0,,0,,,,81.95,OK,,,,82.35,OK,,,,157.31,OK,,,,157.8,OK,,,,37.07,OK,,,,37.32,OK,,,,,,,,,,,,,,,,,
2410121011C,NEW KAPPAEX1.0,CM2P7,2024-10-12 19:44:10,18.69,27.57,OK,25.18,24.99,OK,23.8,23.29,OK,24.01,23.78,OK,22.33,22.22,OK,21.82,21.75,OK,22.78,22.45,OK,23.73,23.38,OK,0,0,,0,0,,15.36,OK,15.36,OK,15.36,OK,15.36,OK,15.36,OK,15.36,OK,15.36,OK,0,,0,,15.36,OK,15.36,OK,15.36,OK,15.36,OK,15.36,OK,15.36,OK,15.36,OK,0,,0,,,,54.21,OK,,,,52.77,OK,,,,-291.66,OK,,,,-292,OK,,,,170.66,OK,,,,172.18,OK,,,,,,,,,,,,,,,,,
2410121014D,ATKINSON 3.8 OCV,DM5P2,2024-10-12 19:44:44,18.986,22.31,OK,24.44,24.39,OK,24.25,24.16,OK,23.83,23.67,OK,23.95,23.9,OK,23.93,23.79,OK,24.83,24.67,OK,24.67,24.62,OK,0,0,,0,0,,2.12,OK,2.79,OK,2.71,OK,2.64,OK,2.65,OK,2.76,OK,2.74,OK,0,,0,,0.79,OK,0.8,OK,0.84,OK,0.82,OK,0.81,OK,0.86,OK,0.85,OK,0,,0,,,,81.61,OK,,,,81.85,OK,,,,157.52,OK,,,,158.15,OK,,,,37.62,OK,,,,37.64,OK,,,,,,,,,,,,,,,,,
2410121012C,NEW KAPPAEX1.0,CM3P2,2024-10-12 19:44:55,18.697,26.65,OK,28.1,27.4,OK,26.72,26.29,OK,28.65,28.26,OK,26.86,26.43,OK,26.47,26.02,OK,27.13,26.72,OK,26.93,26.11,OK,0,0,,0,0,,0,OK,0,OK,0,OK,0,OK,0,OK,0,OK,0,OK,0,,0,,0,OK,0,OK,0,OK,0,OK,0,OK,0,OK,0,OK,0,,0,,,,53.83,OK,,,,53.92,OK,,,,-291.59,OK,,,,-293.69,OK,,,,172.65,OK,,,,171.39,OK,,,,,,,,,,,,,,,,,
2410121015D,ATKINSON 3.8 OCV,DM3P1,2024-10-12 19:45:36,18.986,22.31,OK,26.07,25.91,OK,26.21,26.14,OK,25.98,25.7,OK,24.36,24.29,OK,27.26,27.12,OK,27.12,27.07,OK,26.58,26.56,OK,0,0,,0,0,,11.32,OK,11.51,OK,11.44,OK,11.47,OK,11.47,OK,11.63,OK,11.56,OK,0,,0,,12.83,OK,12.91,OK,12.83,OK,12.8,OK,12.77,OK,12.78,OK,12.8,OK,0,,0,,,,82.01,OK,,,,82.51,OK,,,,157,OK,,,,157.55,OK,,,,36.43,OK,,,,36.73,OK,,,,,,,,,,,,,,,,,
2410121013C,NEW KAPPAEX1.0,CM5P4,2024-10-12 19:45:44,18.695,27.37,OK,27.21,27.17,OK,22.01,21.77,OK,22.79,22.51,OK,20.83,20.76,OK,21.89,21.72,OK,22.53,22.12,OK,22.12,21.74,OK,0,0,,0,0,,2.43,OK,2.47,OK,2.49,OK,2.47,OK,2.49,OK,2.48,OK,2.49,OK,0,,0,,2.63,OK,2.43,OK,2.51,OK,2.42,OK,2.46,OK,2.43,OK,2.39,OK,0,,0,,,,53.6,OK,,,,52.8,OK,,,,-292.35,OK,,,,-292.01,OK,,,,172.39,OK,,,,172.27,OK,,,,,,,,,,,,,,,,,
2410121014C,NEW KAPPAEX1.0,CM4P1,2024-10-12 19:46:30,18.694,26.83,OK,26.15,25.62,OK,25.2,24.74,OK,24.87,24.37,OK,23.18,22.72,OK,25.42,25.4,OK,23.44,22.94,OK,22.76,21.75,OK,0,0,,0,0,,0,OK,0,OK,0,OK,0,OK,0,OK,0,OK,0,OK,0,,0,,0,OK,0,OK,0,OK,0,OK,0,OK,0,OK,0,OK,0,,0,,,,53.46,OK,,,,52.86,OK,,,,-292.29,OK,,,,-291.81,OK,,,,172.01,OK,,,,171.89,OK,,,,,,,,,,,,,,,,,
2410121016D,ATKINSON 3.8 OCV,DM1P7,2024-10-12 19:46:31,18.996,23.45,OK,24.83,24.72,OK,25.53,25.48,OK,24.49,24,OK,27.31,27.19,OK,24.65,24.58,OK,25.12,25.06,OK,25.82,25.78,OK,0,0,,0,0,,11.38,OK,11.44,OK,11.38,OK,11.42,OK,11.52,OK,11.49,OK,11.48,OK,0,,0,,9.92,OK,10.25,OK,10.35,OK,10.36,OK,10.24,OK,10.11,OK,10.21,OK,0,,0,,,,82.75,OK,,,,83.3,OK,,,,157.21,OK,,,,157.27,OK,,,,36.92,OK,,,,37.1,OK,,,,,,,,,,,,,,,,,
2410121015C,NEW KAPPAEX1.0,CM1P6,2024-10-12 19:47:18,18.694,26.83,OK,25.35,25.26,OK,22.25,21.85,OK,24.37,24.25,OK,22.11,21.69,OK,22.27,22.18,OK,22.46,21.97,OK,23.65,23.3,OK,0,0,,0,0,,6.01,OK,6.57,OK,6.99,OK,6.79,OK,6.88,OK,6.86,OK,6.78,OK,0,,0,,6.39,OK,7.33,OK,6.43,OK,6.54,OK,6.62,OK,7.14,OK,6.16,OK,0,,0,,,,51.74,OK,,,,51.96,OK,,,,-292.29,OK,,,,-292.9,OK,,,,174.03,OK,,,,172.88,OK,,,,,,,,,,,,,,,,,
2410121017D,ATKINSON 3.8 OCV,DM2P3,2024-10-12 19:47:26,18.986,25.73,OK,29.83,29.74,OK,26.18,26.13,OK,24.14,23.88,OK,29.06,29.01,OK,26.76,26.73,OK,24.26,24.22,OK,24.53,24.48,OK,0,0,,0,0,,10.75,OK,11.04,OK,10.81,OK,10.97,OK,10.84,OK,10.78,OK,10.81,OK,0,,0,,10.44,OK,10.37,OK,10.38,OK,10.33,OK,10.37,OK,10.32,OK,10.32,OK,0,,0,,,,82.91,OK,,,,82.37,OK,,,,157.45,OK,,,,157.84,OK,,,,37.67,OK,,,,37.84,OK,,,,,,,,,,,,,,,,,
2410121016C,NEW KAPPAEX1.0,CM2P9,2024-10-12 19:48:07,18.696,27.65,OK,23.34,23.17,OK,20.89,20.28,OK,23.5,23.22,OK,22.8,22.22,OK,22.59,22.36,OK,21.98,21.66,OK,21.7,21.31,OK,0,0,,0,0,,15.36,OK,15.36,OK,15.36,OK,15.36,OK,15.36,OK,15.36,OK,15.36,OK,0,,0,,15.36,OK,15.36,OK,15.36,OK,15.36,OK,15.36,OK,15.36,OK,15.36,OK,0,,0,,,,52.83,OK,,,,52.57,OK,,,,-292.15,OK,,,,-291.65,OK,,,,173.39,OK,,,,171.78,OK,,,,,,,,,,,,,,,,,
2410121018D,ATKINSON 3.8 OCV,DM4P9,2024-10-12 19:48:18,18.985,24.26,OK,24.31,24.15,OK,23.27,23.1,OK,24.54,24.31,OK,25.19,25.17,OK,25.47,25.4,OK,25.75,25.63,OK,24.31,24.26,OK,0,0,,0,0,,11.19,OK,11.99,OK,12.16,OK,12.07,OK,11.98,OK,11.9,OK,12.11,OK,0,,0,,12.42,OK,12.41,OK,12.4,OK,12.53,OK,12.47,OK,12.43,OK,12.36,OK,0,,0,,,,82.31,OK,,,,82.23,OK,,,,157.98,OK,,,,158.23,OK,,,,38.35,OK,,,,37.45,OK,,,,,,,,,,,,,,,,,
2410121017C,NEW KAPPAEX1.0,CM3P8,2024-10-12 19:48:56,18.676,27.68,OK,29.6,28.83,OK,27.61,26.97,OK,26.95,26.5,OK,26.34,25.66,OK,25.77,25.57,OK,25.68,25.14,OK,26.75,25.59,OK,0,0,,0,0,,0,OK,0,OK,0,OK,0,OK,0,OK,0,OK,0,OK,0,,0,,0,OK,0,OK,0,OK,0,OK,0,OK,0,OK,0,OK,0,,0,,,,52.45,OK,,,,53.89,OK,,,,-291.65,OK,,,,-292.16,OK,,,,171.37,OK,,,,172.42,OK,,,,,,,,,,,,,,,,,
2410121020D,ATKINSON 3.8 OCV,DM3P6,2024-10-12 19:49:14,18.992,24.66,OK,26.28,26.1,OK,26.19,26.19,OK,25.47,25.1,OK,25.26,25.26,OK,27.65,27.61,OK,26.33,26.28,OK,25.73,25.7,OK,0,0,,0,0,,11.62,OK,11.63,OK,11.52,OK,11.65,OK,11.57,OK,11.62,OK,11.61,OK,0,,0,,12.57,OK,12.56,OK,12.82,OK,12.81,OK,12.8,OK,12.77,OK,12.85,OK,0,,0,,,,83.34,OK,,,,83.33,OK,,,,156.65,OK,,,,156.79,OK,,,,37.15,OK,,,,37.49,OK,,,,,,,,,,,,,,,,,
2410121018C,NEW KAPPAEX1.0,CM5P5,2024-10-12 19:49:41,18.688,27.91,OK,22.53,22.27,OK,20.91,20.74,OK,21.74,21.55,OK,20.48,20.33,OK,22.03,21.65,OK,22.39,22.1,OK,21.58,21.34,OK,0,0,,0,0,,2.41,OK,2.46,OK,2.46,OK,2.46,OK,2.46,OK,2.48,OK,2.57,OK,0,,0,,2.58,OK,2.59,OK,2.39,OK,2.45,OK,2.46,OK,2.51,OK,2.47,OK,0,,0,,,,52,OK,,,,52.19,OK,,,,-291.26,OK,,,,-291.17,OK,,,,169.51,OK,,,,170.59,OK,,,,,,,,,,,,,,,,,
2410121021D,ATKINSON 3.8 OCV,DM1P8,2024-10-12 19:50:09,18.985,21.66,OK,23.21,23.1,OK,27.42,27.33,OK,25.03,24.61,OK,27.53,27.51,OK,26.32,26.23,OK,26.34,26.23,OK,26,25.96,OK,0,0,,0,0,,11.32,OK,11.4,OK,11.45,OK,11.76,OK,11.59,OK,11.6,OK,11.46,OK,0,,0,,9.92,OK,10.31,OK,10.35,OK,10.33,OK,10.31,OK,10.29,OK,10.06,OK,0,,0,,,,81.93,OK,,,,82.4,OK,,,,157.65,OK,,,,157.86,OK,,,,36.89,OK,,,,37.05,OK,,,,,,,,,,,,,,,,,
2410121019C,NEW KAPPAEX1.0,CM4P3,2024-10-12 19:50:27,18.691,27.3,OK,24.34,23.62,OK,21.77,21.04,OK,23.6,23.16,OK,21.84,21.57,OK,23.27,23.09,OK,22.94,22.34,OK,22.12,21.15,OK,0,0,,0,0,,0,OK,0,OK,0,OK,0,OK,0,OK,0,OK,0,OK,0,,0,,0,OK,0,OK,0,OK,0,OK,0,OK,0,OK,0,OK,0,,0,,,,54.29,OK,,,,54.43,OK,,,,-293.69,OK,,,,-291.98,OK,,,,171.24,OK,,,,173.21,OK,,,,,,,,,,,,,,,,,
2410121022D,ATKINSON 3.8 OCV,DM2P4,2024-10-12 19:51:01,18.979,23.3,OK,26.54,26.54,OK,24.12,24.07,OK,23.17,22.91,OK,26.81,26.71,OK,25.96,25.94,OK,23.92,23.8,OK,24.85,24.75,OK,0,0,,0,0,,10.76,OK,10.78,OK,11.1,OK,10.78,OK,10.77,OK,10.77,OK,10.79,OK,0,,0,,10.27,OK,10.19,OK,10.26,OK,10.23,OK,10.22,OK,10.16,OK,10.11,OK,0,,0,,,,82.2,OK,,,,82.6,OK,,,,157.44,OK,,,,158.05,OK,,,,37.36,OK,,,,37.49,OK,,,,,,,,,,,,,,,,,
2410121020C,NEW KAPPAEX1.0,CM1P7,2024-10-12 19:51:16,18.694,26.91,OK,22.88,22.71,OK,21.66,21.08,OK,22.83,22.69,OK,22.67,22.08,OK,21.13,20.87,OK,21.69,21.06,OK,21.85,21.34,OK,0,0,,0,0,,5.74,OK,6.66,OK,6.64,OK,6.62,OK,6.72,OK,6.73,OK,6.9,OK,0,,0,,5.88,OK,6.2,OK,6.43,OK,6.46,OK,6.89,OK,6.19,OK,6.26,OK,0,,0,,,,54.58,OK,,,,54.38,OK,,,,-291.87,OK,,,,-293.62,OK,,,,173.53,OK,,,,172.39,OK,,,,,,,,,,,,,,,,,
2410121023D,ATKINSON 3.8 OCV,DM4P2,2024-10-12 19:51:56,18.998,24.66,OK,25.24,25.1,OK,23.8,23.62,OK,24.17,23.78,OK,25.1,25.08,OK,24.8,24.66,OK,24.8,24.68,OK,24.06,23.96,OK,0,0,,0,0,,11.82,OK,11.99,OK,12.06,OK,11.88,OK,11.98,OK,11.6,OK,11.43,OK,0,,0,,12.39,OK,12.46,OK,12.2,OK,12.65,OK,12.44,OK,12.44,OK,12.49,OK,0,,0,,,,81.95,OK,,,,82.24,OK,,,,157.58,OK,,,,157.93,OK,,,,37.59,OK,,,,37.29,OK,,,,,,,,,,,,,,,,,
2410121021C,NEW KAPPAEX1.0,CM2P2,2024-10-12 19:52:01,18.688,28.08,OK,23.8,23.59,OK,22.05,21.84,OK,24.2,23.73,OK,23.55,23.36,OK,24.22,24.15,OK,22.87,22.47,OK,22.64,21.98,OK,0,0,,0,0,,15.36,OK,15.36,OK,15.36,OK,15.36,OK,15.36,OK,15.36,OK,15.36,OK,0,,0,,15.36,OK,15.36,OK,15.36,OK,15.36,OK,15.36,OK,15.36,OK,15.36,OK,0,,0,,,,53.72,OK,,,,54.4,OK,,,,-292.24,OK,,,,-291.66,OK,,,,172.4,OK,,,,172.93,OK,,,,,,,,,,,,,,,,,
2410121024D,ATKINSON 3.8 OCV,DM3P7,2024-10-12 19:52:48,18.994,23.88,OK,25.47,25.45,OK,26.65,26.56,OK,25.96,25.56,OK,23.96,23.89,OK,24.91,24.87,OK,26.19,26.14,OK,24.78,24.68,OK,0,0,,0,0,,11.23,OK,11.77,OK,11.45,OK,11.51,OK,11.8,OK,11.62,OK,11.86,OK,0,,0,,12.74,OK,12.95,OK,12.92,OK,12.9,OK,12.87,OK,12.79,OK,12.78,OK,0,,0,,,,82.76,OK,,,,82.66,OK,,,,157.1,OK,,,,157.66,OK,,,,37.11,OK,,,,37.38,OK,,,,,,,,,,,,,,,,,
2410121022C,NEW KAPPAEX1.0,CM3P4,2024-10-12 19:52:50,18.69,27.63,OK,26.7,25.82,OK,25.68,25.25,OK,25.8,25.37,OK,26.7,25.98,OK,25.48,25.23,OK,25.41,24.46,OK,25.91,24.87,OK,0,0,,0,0,,0,OK,0,OK,0,OK,0,OK,0,OK,0,OK,0,OK,0,,0,,0,OK,0,OK,0,OK,0,OK,0,OK,0,OK,0,OK,0,,0,,,,53.65,OK,,,,52.27,OK,,,,-292.28,OK,,,,-291.75,OK,,,,172.31,OK,,,,171.64,OK,,,,,,,,,,,,,,,,,
2410121023C,NEW KAPPAEX1.0,CM5P1,2024-10-12 19:53:35,18.69,27.63,OK,23.41,23.3,OK,21.93,21.79,OK,21.62,21.34,OK,20.38,20.29,OK,22.63,22.46,OK,21.96,21.58,OK,22.36,21.96,OK,0,0,,0,0,,2.41,OK,2.45,OK,2.46,OK,2.45,OK,2.49,OK,2.48,OK,2.47,OK,0,,0,,2.57,OK,2.41,OK,2.45,OK,2.44,OK,2.51,OK,2.42,OK,2.32,OK,0,,0,,,,54.02,OK,,,,52.8,OK,,,,-293.18,OK,,,,-292.93,OK,,,,170.91,OK,,,,171.89,OK,,,,,,,,,,,,,,,,,
2410121025D,ATKINSON 3.8 OCV,DM1P3,2024-10-12 19:53:43,18.984,23.9,OK,26.77,26.56,OK,28.93,28.84,OK,25.53,24.94,OK,26.79,26.54,OK,26.32,26.25,OK,25.03,24.94,OK,27.76,27.67,OK,0,0,,0,0,,11.43,OK,11.45,OK,11.42,OK,11.69,OK,11.43,OK,11.44,OK,11.49,OK,0,,0,,10.02,OK,10.3,OK,10.27,OK,10.12,OK,10.22,OK,10.09,OK,10.43,OK,0,,0,,,,82.85,OK,,,,82.6,OK,,,,157.51,OK,,,,157.79,OK,,,,37.21,OK,,,,37.24,OK,,,,,,,,,,,,,,,,,
2410121024C,NEW KAPPAEX1.0,CM4P6,2024-10-12 19:54:21,18.684,26.75,OK,24.39,23.88,OK,24.89,24.56,OK,24.01,23.64,OK,23.53,23.31,OK,23.49,23.35,OK,23.09,22.41,OK,22.85,22.34,OK,0,0,,0,0,,0,OK,0,OK,0,OK,0,OK,0,OK,0,OK,0,OK,0,,0,,0,OK,0,OK,0,OK,0,OK,0,OK,0,OK,0,OK,0,,0,,,,52.54,OK,,,,52.04,OK,,,,-293.9,OK,,,,-292.07,OK,,,,173.49,OK,,,,173.89,OK,,,,,,,,,,,,,,,,,
2410121026D,ATKINSON 3.8 OCV,DM2P9,2024-10-12 19:54:39,18.986,23.53,OK,26.27,26.2,OK,24,23.92,OK,23.17,23.03,OK,25.89,25.86,OK,25.04,24.97,OK,25.31,25.21,OK,26.2,26.18,OK,0,0,,0,0,,10.79,OK,10.77,OK,11.01,OK,11.02,OK,11.42,OK,10.73,OK,10.81,OK,0,,0,,9.83,OK,9.95,OK,9.98,OK,9.96,OK,9.99,OK,10.01,OK,10.06,OK,0,,0,,,,82.16,OK,,,,82.62,OK,,,,158.08,OK,,,,157.61,OK,,,,37.95,OK,,,,37.5,OK,,,,,,,,,,,,,,,,,
2410121025C,NEW KAPPAEX1.0,CM1P9,2024-10-12 19:55:10,18.693,27.3,OK,21.06,21.01,OK,22.97,22.74,OK,24.11,23.93,OK,22.08,21.62,OK,22.55,22.53,OK,22.18,21.87,OK,23.16,22.83,OK,0,0,,0,0,,5.95,OK,6.61,OK,6.89,OK,6.81,OK,6.91,OK,6.91,OK,6.88,OK,0,,0,,6.41,OK,6.38,OK,6.65,OK,6.51,OK,6.76,OK,6.99,OK,6.63,OK,0,,0,,,,54.96,OK,,,,52.95,OK,,,,-294.91,OK,,,,-293.49,OK,,,,171.7,OK,,,,172.69,OK,,,,,,,,,,,,,,,,,
2410121028D,ATKINSON 3.8 OCV,DM3P6,2024-10-12 19:55:31,18.992,22.53,OK,27.98,27.95,OK,26.63,26.56,OK,28.07,27.95,OK,25.33,25.29,OK,26.52,26.49,OK,25.87,25.82,OK,28.79,28.79,OK,0,0,,0,0,,11.05,OK,11.29,OK,11.27,OK,11.8,OK,11.07,OK,11.57,OK,11.53,OK,0,,0,,12.77,OK,12.84,OK,12.83,OK,12.83,OK,12.74,OK,12.79,OK,12.78,OK,0,,0,,,,82.96,OK,,,,82.92,OK,,,,157.01,OK,,,,156.39,OK,,,,37.3,OK,,,,37.5,OK,,,,,,,,,,,,,,,,,
2410121026C,NEW KAPPAEX1.0,CM2P8,2024-10-12 19:55:58,18.692,27.53,OK,22.36,22.22,OK,21.77,21.31,OK,23.01,22.59,OK,22.61,22.4,OK,21.87,21.68,OK,22.1,21.77,OK,22.33,22.15,OK,0,0,,0,0,,15.36,OK,15.36,OK,15.36,OK,15.36,OK,15.36,OK,15.36,OK,15.36,OK,0,,0,,15.36,OK,15.36,OK,15.36,OK,15.36,OK,15.36,OK,15.36,OK,15.36,OK,0,,0,,,,53.37,OK,,,,54.34,OK,,,,-291.2,OK,,,,-291.94,OK,,,,172.07,OK,,,,171.69,OK,,,,,,,,,,,,,,,,,
2410121029D,ATKINSON 3.8 OCV,DM1P8,2024-10-12 19:56:26,18.989,23,OK,25.51,25.46,OK,28.23,28.16,OK,26.09,25.69,OK,26.02,25.96,OK,25.26,25.19,OK,25.51,25.46,OK,25.71,25.64,OK,0,0,,0,0,,11.32,OK,11.45,OK,11.43,OK,11.52,OK,11.66,OK,11.47,OK,11.43,OK,0,,0,,9.97,OK,10.25,OK,10.34,OK,10.3,OK,10.14,OK,10.16,OK,10.09,OK,0,,0,,,,81.8,OK,,,,82.17,OK,,,,157.51,OK,,,,157.79,OK,,,,37.12,OK,,,,37.36,OK,,,,,,,,,,,,,,,,,
2410121027C,NEW KAPPAEX1.0,CM3P5,2024-10-12 19:56:44,18.686,28.3,OK,30.59,29.8,OK,26.81,26.2,OK,26.66,26.34,OK,26.68,26.11,OK,24.12,23.94,OK,26.18,25.46,OK,25.57,24.85,OK,0,0,,0,0,,0,OK,0,OK,0,OK,0,OK,0,OK,0,OK,0,OK,0,,0,,0,OK,0,OK,0,OK,0,OK,0,OK,0,OK,0,OK,0,,0,,,,52.72,OK,,,,53,OK,,,,-292.13,OK,,,,-291.67,OK,,,,172.7,OK,,,,171.73,OK,,,,,,,,,,,,,,,,,
2410121030D,ATKINSON 3.8 OCV,DM2P4,2024-10-12 19:57:18,18.983,23.57,OK,27.15,27.1,OK,26.4,26.32,OK,24,23.73,OK,27.34,27.27,OK,28.74,28.72,OK,25.35,25.28,OK,25.28,25.16,OK,0,0,,0,0,,10.81,OK,11.09,OK,10.75,OK,10.81,OK,11.08,OK,10.78,OK,10.79,OK,0,,0,,9.99,OK,9.94,OK,10.12,OK,9.95,OK,10,OK,10.01,OK,10,OK,0,,0,,,,81.9,OK,,,,82.53,OK,,,,157.14,OK,,,,158.02,OK,,,,37.58,OK,,,,37.79,OK,,,,,,,,,,,,,,,,,
2410121028C,NEW KAPPAEX1.0,CM5P3,2024-10-12 19:57:32,18.685,27.78,OK,23.92,23.73,OK,22.05,21.74,OK,22.72,22.41,OK,22.08,21.86,OK,21.91,21.6,OK,22.96,22.67,OK,23.34,23.01,OK,0,0,,0,0,,2.45,OK,2.52,OK,2.45,OK,2.46,OK,2.46,OK,2.49,OK,2.47,OK,0,,0,,2.63,OK,2.46,OK,2.41,OK,2.41,OK,2.46,OK,2.45,OK,2.44,OK,0,,0,,,,53.49,OK,,,,53.42,OK,,,,-292.18,OK,,,,-292.26,OK,,,,171.94,OK,,,,171.75,OK,,,,,,,,,,,,,,,,,
2410121027D,ATKINSON 3.8 OCV,DM4P5,2024-10-12 19:58:13,18.991,22.25,OK,23.48,23.34,OK,22.78,22.71,OK,24.26,23.96,OK,24.54,24.54,OK,24.2,24.15,OK,24.26,24.22,OK,23.89,23.85,OK,0,0,,0,0,,11.75,OK,12.06,OK,12.12,OK,12.09,OK,12.16,OK,12.17,OK,12.15,OK,0,,0,,12.39,OK,12.57,OK,12.36,OK,12.41,OK,12.52,OK,12.43,OK,11.91,OK,0,,0,,,,82.43,OK,,,,81.97,OK,,,,158,OK,,,,158.04,OK,,,,37.67,OK,,,,37.68,OK,,,,,,,,,,,,,,,,,
2410121029C,NEW KAPPAEX1.0,CM4P7,2024-10-12 19:58:21,18.685,27.78,OK,25.18,24.61,OK,23.84,23.62,OK,24.21,23.88,OK,21.77,21.59,OK,23.64,23.6,OK,23.16,22.36,OK,22.61,21.79,OK,0,0,,0,0,,0,OK,0,OK,0,OK,0,OK,0,OK,0,OK,0,OK,0,,0,,0,OK,0,OK,0,OK,0,OK,0,OK,0,OK,0,OK,0,,0,,,,53.37,OK,,,,53.2,OK,,,,-292.35,OK,,,,-293.01,OK,,,,171.76,OK,,,,173.7,OK,,,,,,,,,,,,,,,,,
2410121030C,NEW KAPPAEX1.0,CM1P2,2024-10-12 19:59:07,18.688,27.12,OK,23.76,23.69,OK,23.46,23.04,OK,23.44,23.2,OK,22.71,22.11,OK,21.8,21.64,OK,24.18,23.6,OK,21.83,21.13,OK,0,0,,0,0,,5.79,OK,7.21,OK,6.72,OK,6.73,OK,6.84,OK,6.92,OK,6.92,OK,0,,0,,6.79,OK,6.42,OK,6.59,OK,6.58,OK,6.61,OK,7.04,OK,6.34,OK,0,,0,,,,53.92,OK,,,,52.02,OK,,,,-292.81,OK,,,,-293.11,OK,,,,173.15,OK,,,,171.84,OK,,,,,,,,,,,,,,,,,
2410121019D,ATKINSON 3.8 OCV,DM5P5,2024-10-12 19:59:08,18.996,23.73,OK,23.79,23.72,OK,24.9,24.81,OK,24.55,24.32,OK,24.67,24.55,OK,23.76,23.67,OK,23.86,23.81,OK,25.09,24.99,OK,0,0,,0,0,,2.15,OK,2.68,OK,2.66,OK,2.68,OK,2.74,OK,2.71,OK,2.69,OK,0,,0,,0.79,OK,0.8,OK,0.85,OK,0.83,OK,0.83,OK,0.84,OK,0.84,OK,0,,0,,,,81.63,OK,,,,81.13,OK,,,,158.08,OK,,,,158.56,OK,,,,37.92,OK,,,,38,OK,,,,,,,,,,,,,,,,,
2410121031C,NEW KAPPAEX1.0,CM2P4,2024-10-12 19:59:52,18.695,27.3,OK,24.39,24.34,OK,21.84,21.68,OK,23.8,23.5,OK,21.31,20.84,OK,23.06,22.96,OK,21.07,20.84,OK,21.45,21.26,OK,0,0,,0,0,,15.36,OK,15.36,OK,15.36,OK,15.36,OK,15.36,OK,15.36,OK,15.36,OK,0,,0,,15.36,OK,15.36,OK,15.36,OK,15.36,OK,15.36,OK,15.36,OK,15.36,OK,0,,0,,,,52.74,OK,,,,52.62,OK,,,,-292.13,OK,,,,-291.1,OK,,,,171.72,OK,,,,171.43,OK,,,,,,,,,,,,,,,,,
2410121032D,ATKINSON 3.8 OCV,DM1P3,2024-10-12 20:00:00,18.985,23.3,OK,26.65,26.5,OK,29.71,29.58,OK,24.9,24.36,OK,25.98,25.48,OK,26.11,26.11,OK,25.84,25.75,OK,26.2,26.18,OK,0,0,,0,0,,11.44,OK,11.43,OK,11.4,OK,11.4,OK,11.49,OK,11.58,OK,11.53,OK,0,,0,,9.89,OK,10.23,OK,10.33,OK,10.3,OK,10.24,OK,10.28,OK,10.18,OK,0,,0,,,,82.55,OK,,,,82.26,OK,,,,157.71,OK,,,,157.98,OK,,,,37.52,OK,,,,37.78,OK,,,,,,,,,,,,,,,,,
2410121032C,NEW KAPPAEX1.0,CM3P1,2024-10-12 20:00:41,18.694,28.46,OK,26.18,25.59,OK,25.3,24.91,OK,27.88,27.47,OK,25.93,25.3,OK,25.73,25.3,OK,25.82,25.03,OK,25.98,25.05,OK,0,0,,0,0,,0,OK,0,OK,0,OK,0,OK,0,OK,0,OK,0,OK,0,,0,,0,OK,0,OK,0,OK,0,OK,0,OK,0,OK,0,OK,0,,0,,,,53.48,OK,,,,52.8,OK,,,,-291.76,OK,,,,-291.53,OK,,,,172.87,OK,,,,171.06,OK,,,,,,,,,,,,,,,,,
2410121033D,ATKINSON 3.8 OCV,DM2P9,2024-10-12 20:00:52,18.994,24,OK,28.28,28.14,OK,24.55,24.43,OK,24.82,24.68,OK,28.6,28.55,OK,27.95,27.92,OK,25.16,25.14,OK,24.34,24.29,OK,0,0,,0,0,,11.08,OK,10.78,OK,10.76,OK,10.85,OK,10.83,OK,10.78,OK,10.83,OK,0,,0,,10.14,OK,9.96,OK,10.01,OK,10.07,OK,10.13,OK,10.05,OK,10.02,OK,0,,0,,,,81.61,OK,,,,82.18,OK,,,,158.02,OK,,,,158.53,OK,,,,38.08,OK,,,,37.85,OK,,,,,,,,,,,,,,,,,
2410121033C,NEW KAPPAEX1.0,CM5P6,2024-10-12 20:01:27,18.698,28.21,OK,24.3,24.08,OK,20.79,20.45,OK,22.12,21.89,OK,20.24,20.02,OK,21.77,21.43,OK,22.46,22.15,OK,22.12,21.86,OK,0,0,,0,0,,2.52,OK,2.48,OK,2.46,OK,2.47,OK,2.47,OK,2.48,OK,2.5,OK,0,,0,,2.77,OK,2.37,OK,2.44,OK,2.4,OK,2.47,OK,2.55,OK,2.58,OK,0,,0,,,,53.65,OK,,,,52.78,OK,,,,-292.65,OK,,,,-293.31,OK,,,,172.5,OK,,,,172.29,OK,,,,,,,,,,,,,,,,,
2410121031D,ATKINSON 3.8 OCV,DM3P7,2024-10-12 20:01:48,18.995,22.42,OK,26.77,26.63,OK,27.49,27.42,OK,25.75,25.22,OK,24.06,23.99,OK,26.33,26.19,OK,25.61,25.54,OK,25.73,25.56,OK,0,0,,0,0,,11.28,OK,11.47,OK,11.5,OK,11.55,OK,11.52,OK,11.55,OK,11.49,OK,0,,0,,12.76,OK,12.78,OK,12.8,OK,12.79,OK,12.77,OK,12.58,OK,12.62,OK,0,,0,,,,82.29,OK,,,,82.29,OK,,,,157.91,OK,,,,158.13,OK,,,,37.77,OK,,,,37.92,OK,,,,,,,,,,,,,,,,,
2410121034C,NEW KAPPAEX1.0,CM4P9,2024-10-12 20:02:15,18.684,27.33,OK,25,24.65,OK,22.89,22.65,OK,23.82,23.4,OK,21.86,21.44,OK,24.15,24.08,OK,22.74,22.1,OK,21.64,21.13,OK,0,0,,0,0,,0,OK,0,OK,0,OK,0,OK,0,OK,0,OK,0,OK,0,,0,,0,OK,0,OK,0,OK,0,OK,0,OK,0,OK,0,OK,0,,0,,,,53.77,OK,,,,53.5,OK,,,,-293.07,OK,,,,-292.17,OK,,,,173.49,OK,,,,173.43,OK,,,,,,,,,,,,,,,,,
2410121034D,ATKINSON 3.8 OCV,DM4P2,2024-10-12 20:02:46,18.986,23.72,OK,23.99,23.92,OK,23.52,23.5,OK,23.87,23.5,OK,25.33,25.26,OK,25.12,25.03,OK,24.61,24.52,OK,23.73,23.68,OK,0,0,,0,0,,11.89,OK,12.12,OK,12.18,OK,12.24,OK,12.26,OK,12.23,OK,12.25,OK,0,,0,,12.49,OK,12.41,OK,12.42,OK,12.4,OK,12.4,OK,12.39,OK,12.42,OK,0,,0,,,,81.62,OK,,,,81.98,OK,,,,158.08,OK,,,,158.26,OK,,,,37.97,OK,,,,37.53,OK,,,,,,,,,,,,,,,,,
2410121035C,NEW KAPPAEX1.0,CM1P8,2024-10-12 20:03:01,18.698,28.42,OK,23.02,23.02,OK,22.85,22.48,OK,23.79,23.65,OK,21.62,21.08,OK,22.48,22.43,OK,23.2,22.9,OK,22.29,21.99,OK,0,0,,0,0,,5.8,OK,6.73,OK,6.61,OK,6.74,OK,6.76,OK,7.48,OK,7.13,OK,0,,0,,6.21,OK,6.63,OK,6.89,OK,7.18,OK,7.68,OK,6.88,OK,6.62,OK,0,,0,,,,53.11,OK,,,,52.67,OK,,,,-293.25,OK,,,,-293.58,OK,,,,172.76,OK,,,,172.93,OK,,,,,,,,,,,,,,,,,
2410121035D,ATKINSON 3.8 OCV,DM5P1,2024-10-12 20:03:41,18.986,23.72,OK,24.23,24.18,OK,24.74,24.64,OK,23.83,23.44,OK,24.16,24,OK,24.97,24.85,OK,24.3,24.13,OK,23.72,23.55,OK,0,0,,0,0,,2.1,OK,2.66,OK,2.66,OK,2.68,OK,2.72,OK,2.71,OK,2.65,OK,0,,0,,0.82,OK,0.8,OK,0.82,OK,0.81,OK,0.81,OK,0.83,OK,0.8,OK,0,,0,,,,81.06,OK,,,,82.48,OK,,,,158.21,OK,,,,158.9,OK,,,,38,OK,,,,38.07,OK,,,,,,,,,,,,,,,,,
2410121036C,NEW KAPPAEX1.0,CM2P5,2024-10-12 20:03:49,18.693,27.21,OK,24.11,23.92,OK,21.77,21.17,OK,24.11,23.9,OK,21.07,20.91,OK,22.24,22.17,OK,22.15,21.77,OK,22.31,21.89,OK,0,0,,0,0,,15.36,OK,15.36,OK,15.36,OK,15.36,OK,15.36,OK,15.36,OK,15.36,OK,0,,0,,15.36,OK,15.36,OK,15.36,OK,15.36,OK,15.36,OK,15.36,OK,15.36,OK,0,,0,,,,52.83,OK,,,,53.05,OK,,,,-291.97,OK,,,,-292.46,OK,,,,172.21,OK,,,,172.31,OK,,,,,,,,,,,,,,,,,
2410121036D,ATKINSON 3.8 OCV,DM1P6,2024-10-12 20:04:33,18.993,24.43,OK,24.04,23.77,OK,27.35,27.33,OK,24.25,23.73,OK,25.66,25.62,OK,24.43,24.38,OK,25.66,25.62,OK,25.69,25.6,OK,0,0,,0,0,,11.44,OK,11.39,OK,11.34,OK,11.47,OK,11.41,OK,11.44,OK,11.41,OK,0,,0,,9.99,OK,10.04,OK,10.28,OK,10.4,OK,10.22,OK,10.16,OK,10.25,OK,0,,0,,,,82.77,OK,,,,82.82,OK,,,,157.55,OK,,,,157.39,OK,,,,37.24,OK,,,,37.34,OK,,,,,,,,,,,,,,,,,
2410121037C,NEW KAPPAEX1.0,CM3P3,2024-10-12 20:04:35,18.689,28.43,OK,27.09,26.68,OK,25.71,24.71,OK,26.95,26.41,OK,26.38,25.8,OK,27.45,27.09,OK,24.91,23.83,OK,26.61,26.16,OK,0,0,,0,0,,0,OK,0,OK,0,OK,0,OK,0,OK,0,OK,0,OK,0,,0,,0,OK,0,OK,0,OK,0,OK,0,OK,0,OK,0,OK,0,,0,,,,52.8,OK,,,,53.05,OK,,,,-291.31,OK,,,,-291.52,OK,,,,172.26,OK,,,,171.91,OK,,,,,,,,,,,,,,,,,
2410121038C,NEW KAPPAEX1.0,CM5P7,2024-10-12 20:05:21,18.693,27.08,OK,24.23,24.01,OK,21.19,20.93,OK,22.15,21.79,OK,21.93,21.86,OK,20.69,20.5,OK,21.55,21.36,OK,21.19,20.93,OK,0,0,,0,0,,2.48,OK,2.46,OK,2.45,OK,2.46,OK,2.47,OK,2.48,OK,2.51,OK,0,,0,,2.8,OK,2.36,OK,2.42,OK,2.44,OK,2.43,OK,2.49,OK,2.53,OK,0,,0,,,,54.25,OK,,,,52.59,OK,,,,-291.45,OK,,,,-292.08,OK,,,,172.51,OK,,,,171.23,OK,,,,,,,,,,,,,,,,,
2410121037D,ATKINSON 3.8 OCV,DM2P8,2024-10-12 20:05:29,18.992,24.01,OK,29.33,29.3,OK,25.67,25.6,OK,24.75,24.6,OK,26.35,26.25,OK,26.49,26.49,OK,23.97,23.95,OK,25.04,24.94,OK,0,0,,0,0,,10.82,OK,10.79,OK,10.8,OK,10.81,OK,10.8,OK,11.26,OK,10.8,OK,0,,0,,10.04,OK,9.99,OK,10.07,OK,9.92,OK,10.18,OK,10.03,OK,10.07,OK,0,,0,,,,81.65,OK,,,,82.2,OK,,,,157.7,OK,,,,158.03,OK,,,,37.33,OK,,,,37.42,OK,,,,,,,,,,,,,,,,,
2410121039C,NEW KAPPAEX1.0,CM4P2,2024-10-12 20:06:06,18.694,27.83,OK,25.49,25.29,OK,22.8,22.61,OK,24.34,23.84,OK,22.41,22.1,OK,24.08,24.01,OK,23.73,23.29,OK,23.11,22.67,OK,0,0,,0,0,,0,OK,0,OK,0,OK,0,OK,0,OK,0,OK,0,OK,0,,0,,0,OK,0,OK,0,OK,0,OK,0,OK,0,OK,0,OK,0,,0,,,,54.17,OK,,,,52.8,OK,,,,-292.47,OK,,,,-291.93,OK,,,,172.44,OK,,,,172.57,OK,,,,,,,,,,,,,,,,,
2410121038D,ATKINSON 3.8 OCV,DM3P5,2024-10-12 20:06:24,18.992,24.28,OK,27.03,27.03,OK,25.94,25.91,OK,26,25.75,OK,23.92,23.89,OK,26.82,26.82,OK,26.79,26.72,OK,25.77,25.66,OK,0,0,,0,0,,11.43,OK,11.47,OK,11.4,OK,11.56,OK,11.62,OK,11.62,OK,11.4,OK,0,,0,,12.84,OK,12.81,OK,12.59,OK,12.58,OK,12.61,OK,12.6,OK,12.78,OK,0,,0,,,,82.33,OK,,,,81.85,OK,,,,157.6,OK,,,,158.09,OK,,,,37.57,OK,,,,37.48,OK,,,,,,,,,,,,,,,,,
2410121040C,NEW KAPPAEX1.0,CM1P4,2024-10-12 20:06:55,18.697,26.8,OK,24.77,24.51,OK,22.13,21.52,OK,22.29,22.15,OK,21.38,21.01,OK,21.92,21.71,OK,21.9,21.71,OK,21.57,21.2,OK,0,0,,0,0,,5.87,OK,6.89,OK,6.7,OK,6.64,OK,6.75,OK,6.8,OK,6.79,OK,0,,0,,6.04,OK,6.27,OK,6.53,OK,6.49,OK,6.8,OK,7.06,OK,6.29,OK,0,,0,,,,52.93,OK,,,,51.6,OK,,,,-292.63,OK,,,,-292.24,OK,,,,172.09,OK,,,,171.27,OK,,,,,,,,,,,,,,,,,
2410121039D,ATKINSON 3.8 OCV,DM4P4,2024-10-12 20:07:19,18.986,24.36,OK,24.13,23.99,OK,24.03,23.96,OK,24.43,24.1,OK,25.73,25.54,OK,25.63,25.61,OK,25.29,25.24,OK,25.4,25.31,OK,0,0,,0,0,,11.95,OK,12.07,OK,11.81,OK,12.12,OK,12.29,OK,12.28,OK,12.31,OK,0,,0,,12.43,OK,12.46,OK,12.48,OK,12.42,OK,12.55,OK,12.45,OK,12.43,OK,0,,0,,,,81.65,OK,,,,81.72,OK,,,,158.03,OK,,,,158.2,OK,,,,37.63,OK,,,,37.75,OK,,,,,,,,,,,,,,,,,
2410121041C,NEW KAPPAEX1.0,CM2P1,2024-10-12 20:07:44,18.691,27.55,OK,24.53,24.32,OK,21.77,21.52,OK,23.48,23.06,OK,22.19,21.96,OK,22.61,22.52,OK,21.73,21.38,OK,21.54,21.38,OK,0,0,,0,0,,15.36,OK,15.36,OK,15.36,OK,15.36,OK,15.36,OK,15.36,OK,15.36,OK,0,,0,,15.36,OK,15.36,OK,15.36,OK,15.36,OK,15.36,OK,15.36,OK,15.36,OK,0,,0,,,,53.6,OK,,,,52.89,OK,,,,-292.23,OK,,,,-291.94,OK,,,,171.71,OK,,,,172,OK,,,,,,,,,,,,,,,,,
2410121040D,ATKINSON 3.8 OCV,DM5P7,2024-10-12 20:08:14,18.989,23.43,OK,23.67,23.62,OK,24.44,24.34,OK,24.11,23.72,OK,24.02,23.83,OK,24.62,24.55,OK,24.55,24.53,OK,24.53,24.32,OK,0,0,,0,0,,2.13,OK,2.65,OK,2.65,OK,2.64,OK,2.68,OK,2.65,OK,2.8,OK,0,,0,,0.78,OK,0.81,OK,0.82,OK,0.86,OK,0.79,OK,0.78,OK,0.84,OK,0,,0,,,,81.67,OK,,,,81.92,OK,,,,158.11,OK,,,,158.46,OK,,,,37.9,OK,,,,38.13,OK,,,,,,,,,,,,,,,,,
2410121042C,NEW KAPPAEX1.0,CM3P6,2024-10-12 20:08:29,18.698,26.5,OK,27.2,26.34,OK,26.29,25.75,OK,27.86,27.43,OK,24.96,24.26,OK,25.95,25.57,OK,25.8,25.34,OK,24.98,24.32,OK,0,0,,0,0,,0,OK,0,OK,0,OK,0,OK,0,OK,0,OK,0,OK,0,,0,,0,OK,0,OK,0,OK,0,OK,0,OK,0,OK,0,OK,0,,0,,,,53.3,OK,,,,53.12,OK,,,,-291.7,OK,,,,-291.46,OK,,,,172.09,OK,,,,173.1,OK,,,,,,,,,,,,,,,,,
2410121041D,ATKINSON 3.8 OCV,DM1P3,2024-10-12 20:09:10,18.988,22.45,OK,25.01,24.92,OK,29.02,28.97,OK,25.44,24.88,OK,28.59,28.48,OK,25.66,25.57,OK,27.15,27.06,OK,26.27,26.27,OK,0,0,,0,0,,11.35,OK,11.38,OK,11.42,OK,11.65,OK,11.43,OK,11.44,OK,11.51,OK,0,,0,,9.94,OK,10.33,OK,10.33,OK,10.18,OK,10.09,OK,10.14,OK,10.13,OK,0,,0,,,,82.55,OK,,,,82.06,OK,,,,157.78,OK,,,,158.09,OK,,,,37.57,OK,,,,37.9,OK,,,,,,,,,,,,,,,,,
2410121043C,NEW KAPPAEX1.0,CM5P9,2024-10-12 20:09:18,18.694,28.5,OK,24.54,24.37,OK,21.03,20.81,OK,21.38,21.15,OK,21,20.79,OK,22.05,21.72,OK,21.98,21.53,OK,20.95,20.72,OK,0,0,,0,0,,2.45,OK,2.47,OK,2.46,OK,2.5,OK,2.48,OK,2.48,OK,2.48,OK,0,,0,,2.57,OK,2.4,OK,2.48,OK,2.53,OK,2.41,OK,2.46,OK,2.36,OK,0,,0,,,,54,OK,,,,53.85,OK,,,,-293.09,OK,,,,-292.35,OK,,,,172.29,OK,,,,173.19,OK,,,,,,,,,,,,,,,,,
2410121042D,ATKINSON 3.8 OCV,DM2P9,2024-10-12 20:10:05,18.982,22.95,OK,26.81,26.73,OK,24.75,24.7,OK,24.41,24.14,OK,27,26.95,OK,26.86,26.83,OK,25.18,25.14,OK,26.47,26.37,OK,0,0,,0,0,,10.81,OK,10.76,OK,11.07,OK,10.94,OK,11.4,OK,11.48,OK,10.84,OK,0,,0,,9.98,OK,10.01,OK,10,OK,9.93,OK,10.13,OK,10.02,OK,10.1,OK,0,,0,,,,81.98,OK,,,,82.21,OK,,,,158.36,OK,,,,158.56,OK,,,,38.46,OK,,,,37.93,OK,,,,,,,,,,,,,,,,,
2410121044C,NEW KAPPAEX1.0,CM4P8,2024-10-12 20:10:07,18.694,27.52,OK,26.74,26.17,OK,21.57,21.2,OK,25.18,24.74,OK,22.94,22.76,OK,23.64,23.57,OK,22.94,22.14,OK,23.2,22.58,OK,0,0,,0,0,,0,OK,0,OK,0,OK,0,OK,0,OK,0,OK,0,OK,0,,0,,0,OK,0,OK,0,OK,0,OK,0,OK,0,OK,0,OK,0,,0,,,,53.98,OK,,,,53.8,OK,,,,-291.53,OK,,,,-291.49,OK,,,,170.56,OK,,,,171.61,OK,,,,,,,,,,,,,,,,,
2410121045C,NEW KAPPAEX1.0,CM1P5,2024-10-12 20:10:55,18.69,28.57,OK,24.74,24.53,OK,21.92,21.41,OK,23.32,23.18,OK,21.62,21.06,OK,22.43,22.11,OK,22.29,21.99,OK,22.81,22.67,OK,0,0,,0,0,,5.86,OK,6.66,OK,6.6,OK,6.67,OK,6.88,OK,7.35,OK,6.93,OK,0,,0,,6.07,OK,6.42,OK,6.57,OK,6.71,OK,7.28,OK,6.41,OK,6.41,OK,0,,0,,,,53.89,OK,,,,52.56,OK,,,,-292.43,OK,,,,-292.02,OK,,,,172.83,OK,,,,173.37,OK,,,,,,,,,,,,,,,,,
2410121043D,ATKINSON 3.8 OCV,DM3P2,2024-10-12 20:10:57,18.988,22.9,OK,27.14,27.07,OK,25.89,25.8,OK,25.22,24.87,OK,23.96,23.92,OK,27.26,27.19,OK,26.52,26.52,OK,25.98,25.96,OK,0,0,,0,0,,11.51,OK,11.61,OK,11.45,OK,11.44,OK,11.47,OK,11.46,OK,11.45,OK,0,,0,,12.8,OK,12.78,OK,12.91,OK,12.75,OK,12.87,OK,12.78,OK,12.9,OK,0,,0,,,,81.83,OK,,,,82.38,OK,,,,157.47,OK,,,,157.78,OK,,,,37.25,OK,,,,36.97,OK,,,,,,,,,,,,,,,,,
2410121046C,NEW KAPPAEX1.0,CM2P3,2024-10-12 20:11:41,18.695,27.31,OK,24.67,24.41,OK,23.87,23.45,OK,24.48,24.11,OK,21.91,21.66,OK,22.45,22.36,OK,22.66,22.43,OK,22.94,22.78,OK,0,0,,0,0,,15.36,OK,15.36,OK,15.36,OK,15.36,OK,15.36,OK,15.36,OK,15.36,OK,0,,0,,15.36,OK,15.36,OK,15.36,OK,15.36,OK,15.36,OK,15.36,OK,15.36,OK,0,,0,,,,52.66,OK,,,,52.98,OK,,,,-291.77,OK,,,,-292.15,OK,,,,172.44,OK,,,,170.73,OK,,,,,,,,,,,,,,,,,
2410121044D,ATKINSON 3.8 OCV,DM4P1,2024-10-12 20:11:52,18.998,23.75,OK,25.15,25.01,OK,23.75,23.73,OK,24.5,24.13,OK,26.14,26.05,OK,25.03,24.89,OK,25.94,25.91,OK,24.06,23.99,OK,0,0,,0,0,,11.95,OK,12.12,OK,12.1,OK,12.1,OK,11.99,OK,12.04,OK,12.32,OK,0,,0,,12.5,OK,12.36,OK,12.51,OK,12.48,OK,12.45,OK,12.44,OK,12.46,OK,0,,0,,,,81.89,OK,,,,81.94,OK,,,,157.95,OK,,,,158.3,OK,,,,37.61,OK,,,,37.76,OK,,,,,,,,,,,,,,,,,
2410121047C,NEW KAPPAEX1.0,CM3P7,2024-10-12 20:12:30,18.697,27.46,OK,28.13,27.4,OK,25.98,25.61,OK,26.57,26.11,OK,25.39,24.51,OK,25.3,25,OK,27.2,26.45,OK,25.82,24.98,OK,0,0,,0,0,,0,OK,0,OK,0,OK,0,OK,0,OK,0,OK,0,OK,0,,0,,0,OK,0,OK,0,OK,0,OK,0,OK,0,OK,0,OK,0,,0,,,,52.11,OK,,,,53.19,OK,,,,-292.3,OK,,,,-291.73,OK,,,,172.37,OK,,,,170.65,OK,,,,,,,,,,,,,,,,,
2410121046D,ATKINSON 3.8 OCV,DM1P8,2024-10-12 20:12:47,18.994,24.11,OK,26.11,25.96,OK,25.91,25.87,OK,24.52,24.2,OK,26.72,26.68,OK,25.93,25.87,OK,25.21,25.08,OK,27.24,27.08,OK,0,0,,0,0,,11.38,OK,11.38,OK,11.51,OK,11.34,OK,11.5,OK,11.51,OK,11.49,OK,0,,0,,9.95,OK,10.35,OK,10.31,OK,10.2,OK,10.22,OK,10.3,OK,10.29,OK,0,,0,,,,81.52,OK,,,,81.85,OK,,,,158.12,OK,,,,158.41,OK,,,,37.36,OK,,,,37.55,OK,,,,,,,,,,,,,,,,,
2410121048C,NEW KAPPAEX1.0,CM5P2,2024-10-12 20:13:18,18.697,28.43,OK,23.08,22.91,OK,20.72,20.52,OK,22.51,22.2,OK,20.17,20,OK,21.69,21.22,OK,22.15,21.6,OK,21.48,21.19,OK,0,0,,0,0,,2.41,OK,2.45,OK,2.45,OK,2.45,OK,2.46,OK,2.48,OK,2.47,OK,0,,0,,2.55,OK,2.34,OK,2.42,OK,2.39,OK,2.43,OK,2.39,OK,2.35,OK,0,,0,,,,53.73,OK,,,,52.25,OK,,,,-292.32,OK,,,,-292.08,OK,,,,172.7,OK,,,,172.85,OK,,,,,,,,,,,,,,,,,
2410121047D,ATKINSON 3.8 OCV,DM2P5,2024-10-12 20:13:43,18.993,22.92,OK,25.21,25.21,OK,23.83,23.71,OK,24,23.88,OK,25.23,25.23,OK,27.27,27.19,OK,24.89,24.87,OK,23.15,23.03,OK,0,0,,0,0,,10.79,OK,11.09,OK,10.82,OK,11.41,OK,10.93,OK,10.93,OK,10.82,OK,0,,0,,10.01,OK,10.02,OK,9.96,OK,10,OK,10.04,OK,10.03,OK,10.01,OK,0,,0,,,,81.55,OK,,,,81.53,OK,,,,157.92,OK,,,,158.21,OK,,,,37.92,OK,,,,38.06,OK,,,,,,,,,,,,,,,,,
2410121049C,NEW KAPPAEX1.0,CM4P4,2024-10-12 20:14:04,18.691,29.47,OK,25.18,24.56,OK,20.21,19.88,OK,23.38,22.94,OK,21.99,21.66,OK,24.34,24.32,OK,23.13,22.76,OK,22.94,22.45,OK,0,0,,0,0,,0,OK,0,OK,0,OK,0,OK,0,OK,0,OK,0,OK,0,,0,,0,OK,0,OK,0,OK,0,OK,0,OK,0,OK,0,OK,0,,0,,,,53.01,OK,,,,53.03,OK,,,,-292.49,OK,,,,-292.55,OK,,,,170.91,OK,,,,172.74,OK,,,,,,,,,,,,,,,,,
2410121048D,ATKINSON 3.8 OCV,DM3P4,2024-10-12 20:14:35,18.986,23.8,OK,26.17,26.14,OK,25.75,25.66,OK,25.52,25.03,OK,25.22,25.15,OK,27.05,27.03,OK,25.84,25.8,OK,28.05,28,OK,0,0,,0,0,,11.47,OK,11.5,OK,11.46,OK,11.42,OK,11.42,OK,11.36,OK,11.45,OK,0,,0,,12.82,OK,12.79,OK,12.8,OK,12.92,OK,12.97,OK,12.86,OK,12.87,OK,0,,0,,,,81.23,OK,,,,81.86,OK,,,,157.52,OK,,,,158.3,OK,,,,37.29,OK,,,,37.23,OK,,,,,,,,,,,,,,,,,
2410121050C,NEW KAPPAEX1.0,CM1P1,2024-10-12 20:14:53,18.695,27.97,OK,23.48,23.34,OK,23.18,22.64,OK,23.11,22.92,OK,23.11,22.6,OK,21.76,21.55,OK,21.85,21.45,OK,22.95,22.53,OK,0,0,,0,0,,5.79,OK,7.19,OK,6.95,OK,6.84,OK,6.91,OK,6.98,OK,6.8,OK,0,,0,,6.97,OK,6.35,OK,6.53,OK,6.57,OK,6.68,OK,6.76,OK,7.47,OK,0,,0,,,,53.93,OK,,,,52.83,OK,,,,-293.28,OK,,,,-293.99,OK,,,,172.66,OK,,,,172.36,OK,,,,,,,,,,,,,,,,,
2410121049D,ATKINSON 3.8 OCV,DM4P7,2024-10-12 20:15:30,18.989,23.37,OK,25.1,24.96,OK,24.57,24.4,OK,24.64,24.08,OK,26.82,26.75,OK,25.12,25.08,OK,26.1,26.03,OK,25.82,25.8,OK,0,0,,0,0,,12.06,OK,12.09,OK,12.13,OK,12.16,OK,12.16,OK,12.11,OK,12.33,OK,0,,0,,12.46,OK,12.54,OK,12.67,OK,12.47,OK,12.52,OK,12.48,OK,12.47,OK,0,,0,,,,82.3,OK,,,,82.76,OK,,,,157.88,OK,,,,157.72,OK,,,,37.46,OK,,,,37.8,OK,,,,,,,,,,,,,,,,,
2410121051C,NEW KAPPAEX1.0,CM2P6,2024-10-12 20:15:38,18.697,27.86,OK,23.69,23.43,OK,23.01,22.71,OK,23.5,23.2,OK,21.42,21.19,OK,22.26,22.12,OK,21.66,21.4,OK,21.7,21.56,OK,0,0,,0,0,,15.36,OK,15.36,OK,15.36,OK,15.36,OK,15.36,OK,15.36,OK,15.36,OK,0,,0,,15.36,OK,15.36,OK,15.36,OK,15.36,OK,15.36,OK,15.36,OK,15.36,OK,0,,0,,,,53.56,OK,,,,52.15,OK,,,,-292.63,OK,,,,-291.46,OK,,,,172.64,OK,,,,173.06,OK,,,,,,,,,,,,,,,,,
2410121050D,ATKINSON 3.8 OCV,DM1P9,2024-10-12 20:16:25,18.992,23.08,OK,24.85,24.65,OK,28.03,27.85,OK,25.19,24.49,OK,26.68,26.59,OK,24.54,24.49,OK,25.3,25.24,OK,26.27,26.2,OK,0,0,,0,0,,11.36,OK,11.44,OK,11.42,OK,11.46,OK,11.5,OK,11.77,OK,11.57,OK,0,,0,,9.98,OK,10.12,OK,10.34,OK,10.36,OK,10.3,OK,10.19,OK,10.24,OK,0,,0,,,,81.85,OK,,,,82.2,OK,,,,157.64,OK,,,,158.27,OK,,,,37.89,OK,,,,37.29,OK,,,,,,,,,,,,,,,,,
2410121052C,NEW KAPPAEX1.0,CM3P9,2024-10-12 20:16:27,18.698,28.62,OK,28.78,27.92,OK,26.75,26.25,OK,27.09,26.72,OK,25.37,24.82,OK,25.18,24.8,OK,26.04,25.25,OK,26.5,25.84,OK,0,0,,0,0,,0,OK,0,OK,0,OK,0,OK,0,OK,0,OK,0,OK,0,,0,,0,OK,0,OK,0,OK,0,OK,0,OK,0,OK,0,OK,0,,0,,,,52.57,OK,,,,51.67,OK,,,,-292.79,OK,,,,-292.32,OK,,,,171.38,OK,,,,172.27,OK,,,,,,,,,,,,,,,,,
2410121053C,NEW KAPPAEX1.0,CM5P8,2024-10-12 20:17:12,18.69,28.53,OK,23.65,23.58,OK,22.27,21.86,OK,21.65,21.43,OK,20.07,19.9,OK,22.29,22.01,OK,21.38,21.15,OK,20.29,20.09,OK,0,0,,0,0,,2.43,OK,2.52,OK,2.46,OK,2.45,OK,2.46,OK,2.45,OK,2.46,OK,0,,0,,2.64,OK,2.44,OK,2.4,OK,2.39,OK,2.42,OK,2.45,OK,2.38,OK,0,,0,,,,52.74,OK,,,,52.77,OK,,,,-291.46,OK,,,,-292.94,OK,,,,171.78,OK,,,,172.76,OK,,,,,,,,,,,,,,,,,
2410121051D,ATKINSON 3.8 OCV,DM2P2,2024-10-12 20:17:17,18.984,23.7,OK,27.7,27.68,OK,23.92,23.8,OK,22.88,22.79,OK,25.96,25.91,OK,26.06,26.01,OK,23.8,23.78,OK,24.55,24.48,OK,0,0,,0,0,,11.3,OK,10.8,OK,10.78,OK,10.82,OK,10.78,OK,10.8,OK,10.82,OK,0,,0,,10.01,OK,10.09,OK,10.11,OK,10.1,OK,10.02,OK,10,OK,10.05,OK,0,,0,,,,81.46,OK,,,,81.89,OK,,,,158.22,OK,,,,158.27,OK,,,,38.2,OK,,,,37.9,OK,,,,,,,,,,,,,,,,,
2410121054C,NEW KAPPAEX1.0,CM4P5,2024-10-12 20:18:01,18.696,28.36,OK,24.23,23.68,OK,23.51,23.24,OK,23.66,23.11,OK,23.07,22.78,OK,23.55,23.49,OK,22.19,21.79,OK,23.29,22.94,OK,0,0,,0,0,,0,OK,0,OK,0,OK,0,OK,0,OK,0,OK,0,OK,0,,0,,0,OK,0,OK,0,OK,0,OK,0,OK,0,OK,0,OK,0,,0,,,,53.17,OK,,,,53.55,OK,,,,-293.3,OK,,,,-292.63,OK,,,,172.47,OK,,,,172.87,OK,,,,,,,,,,,,,,,,,
2410121052D,ATKINSON 3.8 OCV,DM3P1,2024-10-12 20:18:12,18.999,23.7,OK,25.98,25.84,OK,24.98,24.91,OK,25.98,25.59,OK,25.03,24.94,OK,27.07,26.91,OK,26.58,26.49,OK,26.79,26.72,OK,0,0,,0,0,,11.28,OK,11.56,OK,11.49,OK,11.45,OK,11.61,OK,11.44,OK,11.49,OK,0,,0,,12.78,OK,12.8,OK,12.9,OK,12.86,OK,12.9,OK,12.9,OK,12.89,OK,0,,0,,,,81.69,OK,,,,82.08,OK,,,,157.54,OK,,,,158.25,OK,,,,37.24,OK,,,,37.52,OK,,,,,,,,,,,,,,,,,
2410121055C,NEW KAPPAEX1.0,CM1P3,2024-10-12 20:18:46,18.697,28.2,OK,24.42,24.02,OK,21.76,21.59,OK,25.75,25.51,OK,21.87,21.36,OK,22.32,22.29,OK,22.15,21.99,OK,22.32,22.11,OK,0,0,,0,0,,5.95,OK,6.63,OK,7.17,OK,6.9,OK,6.92,OK,6.85,OK,6.86,OK,0,,0,,6.31,OK,6.93,OK,6.46,OK,6.41,OK,6.64,OK,6.96,OK,6.52,OK,0,,0,,,,54.08,OK,,,,53.2,OK,,,,-292.46,OK,,,,-292.34,OK,,,,173.83,OK,,,,171.59,OK,,,,,,,,,,,,,,,,,
2410121053D,ATKINSON 3.8 OCV,DM4P6,2024-10-12 20:19:08,18.984,23.62,OK,25.75,25.66,OK,25.29,25.19,OK,26.28,25.91,OK,27.16,27.1,OK,26.12,26.03,OK,25.03,25.03,OK,25.1,25.03,OK,0,0,,0,0,,11.92,OK,11.98,OK,11.96,OK,12.11,OK,11.93,OK,12.11,OK,12.33,OK,0,,0,,12.46,OK,12.44,OK,12.56,OK,12.44,OK,12.45,OK,12.45,OK,12.43,OK,0,,0,,,,82.62,OK,,,,82.45,OK,,,,157.87,OK,,,,157.47,OK,,,,37.78,OK,,,,37.84,OK,,,,,,,,,,,,,,,,,
2410121056C,NEW KAPPAEX1.0,CM2P7,2024-10-12 20:19:35,18.69,28.6,OK,23.31,23.1,OK,21.96,21.75,OK,23.27,22.92,OK,23.27,23.06,OK,21.82,21.73,OK,21.82,21.49,OK,23.27,23.15,OK,0,0,,0,0,,15.36,OK,15.36,OK,15.36,OK,15.36,OK,15.36,OK,15.36,OK,15.36,OK,0,,0,,15.36,OK,15.36,OK,15.36,OK,15.36,OK,15.36,OK,15.36,OK,15.36,OK,0,,0,,,,54.07,OK,,,,52.82,OK,,,,-292.46,OK,,,,-292.69,OK,,,,172.12,OK,,,,172.55,OK,,,,,,,,,,,,,,,,,
2410121054D,ATKINSON 3.8 OCV,DM1P8,2024-10-12 20:20:00,18.986,23.27,OK,26.07,25.8,OK,28.97,28.93,OK,25.82,25.42,OK,26.18,26.14,OK,25.06,25.01,OK,25.53,25.48,OK,27.19,27.13,OK,0,0,,0,0,,11.4,OK,11.41,OK,11.41,OK,11.54,OK,11.62,OK,11.44,OK,11.44,OK,0,,0,,9.96,OK,10.39,OK,10.29,OK,10.3,OK,10.23,OK,10.01,OK,10.38,OK,0,,0,,,,81.54,OK,,,,81.73,OK,,,,157.77,OK,,,,158.17,OK,,,,37.2,OK,,,,37.63,OK,,,,,,,,,,,,,,,,,
2410121057C,NEW KAPPAEX1.0,CM3P2,2024-10-12 20:20:21,18.682,27.08,OK,27.06,26.27,OK,24.75,24.28,OK,26.75,26.36,OK,25.21,24.48,OK,25.28,25,OK,24.32,23.51,OK,24.44,23.62,OK,0,0,,0,0,,0,OK,0,OK,0,OK,0,OK,0,OK,0,OK,0,OK,0,,0,,0,OK,0,OK,0,OK,0,OK,0,OK,0,OK,0,OK,0,,0,,,,53.03,OK,,,,53.51,OK,,,,-291.38,OK,,,,-293.02,OK,,,,173.55,OK,,,,170.34,OK,,,,,,,,,,,,,,,,,
2410121055D,ATKINSON 3.8 OCV,DM2P5,2024-10-12 20:20:55,18.99,23.72,OK,27.12,27.05,OK,24.53,24.51,OK,24.29,24.14,OK,25.52,25.45,OK,24.99,24.97,OK,25.72,25.62,OK,23.78,23.71,OK,0,0,,0,0,,10.81,OK,11.09,OK,10.75,OK,10.89,OK,10.77,OK,10.78,OK,10.81,OK,0,,0,,10.04,OK,9.95,OK,10.18,OK,10,OK,9.96,OK,10.03,OK,9.99,OK,0,,0,,,,81.99,OK,,,,81.72,OK,,,,158.02,OK,,,,158.3,OK,,,,37.96,OK,,,,38.03,OK,,,,,,,,,,,,,,,,,
2410121058C,NEW KAPPAEX1.0,CM5P4,2024-10-12 20:21:10,18.685,28.38,OK,24.99,24.82,OK,22.36,22.15,OK,22.27,22.1,OK,20.86,20.67,OK,22.27,22.01,OK,21.91,21.72,OK,21.91,21.5,OK,0,0,,0,0,,2.46,OK,2.51,OK,2.48,OK,2.48,OK,2.48,OK,2.51,OK,2.52,OK,0,,0,,2.67,OK,2.54,OK,2.41,OK,2.42,OK,2.46,OK,2.51,OK,2.39,OK,0,,0,,,,54.16,OK,,,,52.32,OK,,,,-292.64,OK,,,,-292.83,OK,,,,172.49,OK,,,,173.33,OK,,,,,,,,,,,,,,,,,
2410121045D,ATKINSON 3.8 OCV,DM5P6,2024-10-12 20:21:50,18.992,23.85,OK,28.36,28.29,OK,27.01,26.87,OK,26.48,26.13,OK,26.22,26.06,OK,26.2,26.08,OK,24.18,24.09,OK,27.48,27.29,OK,0,0,,0,0,,2.13,OK,2.73,OK,2.71,OK,2.7,OK,2.72,OK,2.72,OK,2.81,OK,0,,0,,0.83,OK,0.84,OK,0.83,OK,0.82,OK,0.85,OK,0.82,OK,0.9,OK,0,,0,,,,82.14,OK,,,,82.22,OK,,,,157.75,OK,,,,158,OK,,,,38.14,OK,,,,38.48,OK,,,,,,,,,,,,,,,,,
2410121059C,NEW KAPPAEX1.0,CM4P1,2024-10-12 20:21:55,18.695,27.41,OK,26.15,25.31,OK,24.17,23.75,OK,24.65,24.19,OK,21.53,21.35,OK,22.69,22.63,OK,21.7,21.13,OK,22.54,21.62,OK,0,0,,0,0,,0,OK,0,OK,0,OK,0,OK,0,OK,0,OK,0,OK,0,,0,,0,OK,0,OK,0,OK,0,OK,0,OK,0,OK,0,OK,0,,0,,,,52.48,OK,,,,52.46,OK,,,,-292.02,OK,,,,-292.15,OK,,,,171.27,OK,,,,172.93,OK,,,,,,,,,,,,,,,,,
2410121060C,NEW KAPPAEX1.0,CM1P6,2024-10-12 20:22:44,18.686,27.86,OK,21.24,21.17,OK,22.85,22.43,OK,23.06,22.88,OK,22.36,21.85,OK,21.27,21.03,OK,21.22,20.75,OK,22.29,21.71,OK,0,0,,0,0,,5.76,OK,7.02,OK,6.81,OK,6.65,OK,6.65,OK,6.73,OK,6.85,OK,0,,0,,6.88,OK,6.63,OK,6.47,OK,6.65,OK,6.64,OK,7.59,OK,6.38,OK,0,,0,,,,51.67,OK,,,,53.09,OK,,,,-291.43,OK,,,,-292.2,OK,,,,173.56,OK,,,,172.58,OK,,,,,,,,,,,,,,,,,
2410121056D,ATKINSON 3.8 OCV,DM3P5,2024-10-12 20:22:45,18.986,24.67,OK,26.72,26.63,OK,26.17,26.12,OK,25.4,24.91,OK,24.2,24.13,OK,26.47,26.35,OK,26.89,26.84,OK,25.82,25.68,OK,0,0,,0,0,,11.49,OK,11.48,OK,11.49,OK,11.64,OK,11.47,OK,11.42,OK,11.44,OK,0,,0,,12.78,OK,12.78,OK,12.75,OK,12.59,OK,12.91,OK,12.87,OK,12.91,OK,0,,0,,,,81.9,OK,,,,82.23,OK,,,,157.38,OK,,,,158.18,OK,,,,37.19,OK,,,,37.36,OK,,,,,,,,,,,,,,,,,
2410121061C,NEW KAPPAEX1.0,CM2P9,2024-10-12 20:23:29,18.697,27.75,OK,24.76,24.64,OK,23.48,23.29,OK,25.13,24.76,OK,22.43,21.98,OK,23.43,23.36,OK,21.07,20.82,OK,22.47,22.19,OK,0,0,,0,0,,15.36,OK,15.36,OK,15.36,OK,15.36,OK,15.36,OK,15.36,OK,15.36,OK,0,,0,,15.36,OK,15.36,OK,15.36,OK,15.36,OK,15.36,OK,15.36,OK,15.36,OK,0,,0,,,,51.93,OK,,,,51.77,OK,,,,-292.25,OK,,,,-291.29,OK,,,,172.69,OK,,,,170.84,OK,,,,,,,,,,,,,,,,,
2410121057D,ATKINSON 3.8 OCV,DM4P7,2024-10-12 20:23:41,18.986,23.72,OK,24.87,24.73,OK,24.68,24.54,OK,24.91,24.47,OK,27.14,27.05,OK,25.94,25.84,OK,25.63,25.54,OK,26.72,26.68,OK,0,0,,0,0,,11.97,OK,12.24,OK,12.19,OK,12.17,OK,12.12,OK,12.08,OK,12.41,OK,0,,0,,12.46,OK,12.45,OK,12.53,OK,12.47,OK,12.52,OK,12.44,OK,12.44,OK,0,,0,,,,82.36,OK,,,,82.44,OK,,,,158.09,OK,,,,158.08,OK,,,,37.39,OK,,,,37.49,OK,,,,,,,,,,,,,,,,,
2410121062C,NEW KAPPAEX1.0,CM3P8,2024-10-12 20:24:18,18.672,26.98,OK,27.63,27.11,OK,27.7,27.15,OK,26.77,26.25,OK,25.57,24.73,OK,25.91,25.75,OK,25.95,25.05,OK,25.5,24.94,OK,0,0,,0,0,,0,OK,0,OK,0,OK,0,OK,0,OK,0,OK,0,OK,0,,0,,0,OK,0,OK,0,OK,0,OK,0,OK,0,OK,0,OK,0,,0,,,,51.85,OK,,,,52.41,OK,,,,-292.07,OK,,,,-291.49,OK,,,,172.1,OK,,,,170.91,OK,,,,,,,,,,,,,,,,,
2410121058D,ATKINSON 3.8 OCV,DM1P9,2024-10-12 20:24:33,18.991,25.41,OK,24.94,24.85,OK,27.51,27.42,OK,25.64,24.97,OK,27.17,27.1,OK,25.75,25.69,OK,25.62,25.46,OK,25.28,25.24,OK,0,0,,0,0,,11.45,OK,11.45,OK,11.37,OK,11.41,OK,11.54,OK,11.49,OK,11.43,OK,0,,0,,9.95,OK,10.13,OK,10.31,OK,10.35,OK,10.17,OK,10.23,OK,10.3,OK,0,,0,,,,81.89,OK,,,,82.36,OK,,,,157.89,OK,,,,158.22,OK,,,,37.96,OK,,,,37.67,OK,,,,,,,,,,,,,,,,,
2410121063C,NEW KAPPAEX1.0,CM5P5,2024-10-12 20:25:03,18.699,27.97,OK,23.7,23.34,OK,20.43,20.26,OK,22.01,21.72,OK,20.43,20.33,OK,21.65,21.34,OK,21.93,21.48,OK,21.48,21.12,OK,0,0,,0,0,,2.43,OK,2.45,OK,2.45,OK,2.44,OK,2.45,OK,2.49,OK,2.47,OK,0,,0,,2.52,OK,2.39,OK,2.41,OK,2.4,OK,2.45,OK,2.39,OK,2.37,OK,0,,0,,,,52.31,OK,,,,53.04,OK,,,,-292.37,OK,,,,-292.26,OK,,,,171.54,OK,,,,170.32,OK,,,,,,,,,,,,,,,,,
2410121059D,ATKINSON 3.8 OCV,DM2P2,2024-10-12 20:25:28,18.991,25.41,OK,27.17,27.12,OK,24.29,24.19,OK,23.59,23.39,OK,25.43,25.43,OK,25.79,25.74,OK,25.09,25.09,OK,24.19,24.09,OK,0,0,,0,0,,11.03,OK,11.18,OK,10.77,OK,10.8,OK,10.81,OK,10.81,OK,10.82,OK,0,,0,,10.11,OK,10.07,OK,10.03,OK,10.14,OK,10.01,OK,10.13,OK,10.11,OK,0,,0,,,,81.84,OK,,,,81.9,OK,,,,157.55,OK,,,,158.09,OK,,,,37.82,OK,,,,37.76,OK,,,,,,,,,,,,,,,,,
2410121064C,NEW KAPPAEX1.0,CM4P3,2024-10-12 20:25:52,18.684,27.27,OK,25.97,25.49,OK,21.46,21.04,OK,25.11,24.59,OK,23.2,22.96,OK,24.76,24.7,OK,23.29,22.91,OK,23.31,22.87,OK,0,0,,0,0,,0,OK,0,OK,0,OK,0,OK,0,OK,0,OK,0,OK,0,,0,,0,OK,0,OK,0,OK,0,OK,0,OK,0,OK,0,OK,0,,0,,,,53.77,OK,,,,54.31,OK,,,,-292.47,OK,,,,-291.47,OK,,,,170.85,OK,,,,173.28,OK,,,,,,,,,,,,,,,,,
2410121061D,ATKINSON 3.8 OCV,DM3P1,2024-10-12 20:26:23,18.999,23.36,OK,24.66,24.61,OK,25.61,25.54,OK,24.82,24.57,OK,24.47,24.47,OK,26.86,26.75,OK,25.96,25.94,OK,26.91,26.86,OK,0,0,,0,0,,11.42,OK,11.43,OK,11.29,OK,11.44,OK,11.47,OK,11.41,OK,11.46,OK,0,,0,,12.79,OK,12.8,OK,12.92,OK,12.76,OK,12.88,OK,12.9,OK,12.91,OK,0,,0,,,,81.89,OK,,,,82.34,OK,,,,157.77,OK,,,,158.33,OK,,,,37.21,OK,,,,37.31,OK,,,,,,,,,,,,,,,,,
2410121065C,NEW KAPPAEX1.0,CM1P7,2024-10-12 20:26:38,18.683,28.25,OK,22.53,22.43,OK,21.5,21.06,OK,22.97,22.78,OK,21.87,21.38,OK,21.17,20.82,OK,22.04,21.52,OK,21.85,21.69,OK,0,0,,0,0,,5.84,OK,6.63,OK,6.64,OK,6.54,OK,6.64,OK,7.31,OK,6.86,OK,0,,0,,6.16,OK,6.43,OK,6.67,OK,6.66,OK,6.93,OK,6.62,OK,6.49,OK,0,,0,,,,53.17,OK,,,,53.05,OK,,,,-291.1,OK,,,,-293.19,OK,,,,172.09,OK,,,,172.02,OK,,,,,,,,,,,,,,,,,
2410121062D,ATKINSON 3.8 OCV,DM4P6,2024-10-12 20:27:15,18.992,21.06,OK,23.36,23.22,OK,24.15,24.1,OK,25.12,24.78,OK,25.17,24.96,OK,25.84,25.75,OK,26.98,26.89,OK,25.75,25.75,OK,0,0,,0,0,,12.02,OK,12.23,OK,12.12,OK,12.14,OK,12.17,OK,12.11,OK,12.32,OK,0,,0,,12.5,OK,12.49,OK,12.6,OK,12.41,OK,12.55,OK,12.39,OK,12.45,OK,0,,0,,,,82.48,OK,,,,82.46,OK,,,,157.66,OK,,,,157.35,OK,,,,37.52,OK,,,,37.64,OK,,,,,,,,,,,,,,,,,
2410121066C,NEW KAPPAEX1.0,CM2P2,2024-10-12 20:27:27,18.694,28.02,OK,23.43,23.22,OK,22.01,21.73,OK,24.29,23.99,OK,21.91,21.52,OK,21.33,21.31,OK,21.54,21.17,OK,22.43,22.31,OK,0,0,,0,0,,15.36,OK,15.36,OK,15.36,OK,15.36,OK,15.36,OK,15.36,OK,15.36,OK,0,,0,,15.36,OK,15.36,OK,15.36,OK,15.36,OK,15.36,OK,15.36,OK,15.36,OK,0,,0,,,,53.5,OK,,,,54.05,OK,,,,-291.98,OK,,,,-291.7,OK,,,,172.15,OK,,,,171.13,OK,,,,,,,,,,,,,,,,,
2410121063D,ATKINSON 3.8 OCV,DM1P8,2024-10-12 20:28:10,18.99,24.27,OK,25.96,25.78,OK,27.4,27.37,OK,24.04,23.48,OK,26.65,26.43,OK,27.13,27.01,OK,25.35,25.19,OK,24.38,24.34,OK,0,0,,0,0,,11.36,OK,11.46,OK,11.53,OK,11.39,OK,11.53,OK,11.46,OK,11.51,OK,0,,0,,10.04,OK,10.31,OK,10.2,OK,10.39,OK,10.2,OK,10.25,OK,10.26,OK,0,,0,,,,81.61,OK,,,,81.88,OK,,,,158.01,OK,,,,158.16,OK,,,,37.47,OK,,,,37.64,OK,,,,,,,,,,,,,,,,,
2410121067C,NEW KAPPAEX1.0,CM3P1,2024-10-12 20:28:12,18.693,28.01,OK,28.83,28.17,OK,27.58,26.93,OK,27.13,26.72,OK,26.23,25.73,OK,25.73,25.34,OK,25.66,25.23,OK,26.38,25.61,OK,0,0,,0,0,,0,OK,0,OK,0,OK,0,OK,0,OK,0,OK,0,OK,0,,0,,0,OK,0,OK,0,OK,0,OK,0,OK,0,OK,0,OK,0,,0,,,,53.37,OK,,,,52.12,OK,,,,-292.33,OK,,,,-290.52,OK,,,,171.16,OK,,,,171.95,OK,,,,,,,,,,,,,,,,,
2410121068C,NEW KAPPAEX1.0,CM5P4,2024-10-12 20:29:01,18.685,27.6,OK,24.78,24.63,OK,22.17,21.91,OK,22.91,22.75,OK,21.26,21.19,OK,22.05,21.98,OK,22.32,21.89,OK,20.79,20.55,OK,0,0,,0,0,,2.43,OK,2.48,OK,2.51,OK,2.47,OK,2.47,OK,2.47,OK,2.47,OK,0,,0,,2.56,OK,2.42,OK,2.46,OK,2.58,OK,2.46,OK,2.47,OK,2.35,OK,0,,0,,,,53.05,OK,,,,51.91,OK,,,,-292.55,OK,,,,-291.81,OK,,,,171.61,OK,,,,171.52,OK,,,,,,,,,,,,,,,,,
2410121064D,ATKINSON 3.8 OCV,DM2P5,2024-10-12 20:29:06,18.994,22.72,OK,26.69,26.64,OK,23.8,23.73,OK,24.63,24.46,OK,27.24,27.24,OK,27.27,27.24,OK,26.59,26.54,OK,25.04,24.99,OK,0,0,,0,0,,10.79,OK,11,OK,11.42,OK,11.31,OK,10.93,OK,10.96,OK,10.81,OK,0,,0,,9.97,OK,9.96,OK,10.12,OK,10.15,OK,10.04,OK,10.13,OK,9.99,OK,0,,0,,,,82.49,OK,,,,81.76,OK,,,,158.07,OK,,,,158.38,OK,,,,37.99,OK,,,,38.15,OK,,,,,,,,,,,,,,,,,
2410121069C,NEW KAPPAEX1.0,CM4P6,2024-10-12 20:29:46,18.689,27.5,OK,25.58,25,OK,21.62,21.18,OK,23.4,23.02,OK,23.64,23.4,OK,22.94,22.89,OK,21.97,21.46,OK,21.77,21.18,OK,0,0,,0,0,,0,OK,0,OK,0,OK,0,OK,0,OK,0,OK,0,OK,0,,0,,0,OK,0,OK,0,OK,0,OK,0,OK,0,OK,0,OK,0,,0,,,,52.88,OK,,,,52.2,OK,,,,-293.29,OK,,,,-292.84,OK,,,,173.2,OK,,,,173.03,OK,,,,,,,,,,,,,,,,,
2410121060D,ATKINSON 3.8 OCV,DM5P3,2024-10-12 20:29:58,18.99,24.56,OK,23.9,23.72,OK,25.09,24.95,OK,24,23.58,OK,24.37,24.13,OK,25.02,24.88,OK,24.76,24.55,OK,23.21,23.07,OK,0,0,,0,0,,2.07,OK,2.68,OK,2.64,OK,2.76,OK,2.74,OK,2.7,OK,2.66,OK,0,,0,,0.81,OK,0.81,OK,0.8,OK,0.79,OK,0.83,OK,0.83,OK,0.79,OK,0,,0,,,,82.64,OK,,,,81.24,OK,,,,158.16,OK,,,,158.78,OK,,,,37.95,OK,,,,38.1,OK,,,,,,,,,,,,,,,,,
2410121070C,NEW KAPPAEX1.0,CM1P9,2024-10-12 20:30:35,18.669,26.21,OK,21.57,21.52,OK,22.22,21.5,OK,24.21,24.02,OK,21.69,21.22,OK,22.43,22.36,OK,22.08,21.59,OK,22.69,22.48,OK,0,0,,0,0,,5.78,OK,6.82,OK,6.95,OK,6.72,OK,6.76,OK,6.7,OK,6.99,OK,0,,0,,6.5,OK,6.35,OK,6.53,OK,6.59,OK,6.73,OK,6.83,OK,6.49,OK,0,,0,,,,53.94,OK,,,,52.35,OK,,,,-293.94,OK,,,,-293.11,OK,,,,170.79,OK,,,,171.56,OK,,,,,,,,,,,,,,,,,
2410121065D,ATKINSON 3.8 OCV,DM3P7,2024-10-12 20:30:53,18.988,24.28,OK,26.98,26.93,OK,26.24,26.14,OK,25.22,24.75,OK,24.31,24.29,OK,26.63,26.56,OK,26.98,26.89,OK,26.35,26.21,OK,0,0,,0,0,,11.46,OK,11.5,OK,11.46,OK,11.5,OK,11.57,OK,11.59,OK,11.65,OK,0,,0,,12.84,OK,12.78,OK,12.62,OK,12.59,OK,12.75,OK,12.59,OK,12.6,OK,0,,0,,,,82.62,OK,,,,82.45,OK,,,,157.49,OK,,,,157.97,OK,,,,37.41,OK,,,,37.83,OK,,,,,,,,,,,,,,,,,
2410121071C,NEW KAPPAEX1.0,CM2P5,2024-10-12 20:31:24,18.687,26.86,OK,24.15,23.85,OK,22.75,22.36,OK,24.71,24.32,OK,22.47,22.22,OK,22.24,22.24,OK,21.7,21.26,OK,23.36,23.03,OK,0,0,,0,0,,15.36,OK,15.36,OK,15.36,OK,15.36,OK,15.36,OK,15.36,OK,15.36,OK,0,,0,,15.36,OK,15.36,OK,15.36,OK,15.36,OK,15.36,OK,15.36,OK,15.36,OK,0,,0,,,,51.78,OK,,,,53.13,OK,,,,-292.13,OK,,,,-291.9,OK,,,,171.8,OK,,,,172.13,OK,,,,,,,,,,,,,,,,,
2410121066D,ATKINSON 3.8 OCV,DM4P9,2024-10-12 20:31:45,18.99,24.26,OK,24.22,24.1,OK,23.89,23.8,OK,25.01,24.71,OK,25.05,24.91,OK,26.05,25.82,OK,25.42,25.36,OK,25.31,25.22,OK,0,0,,0,0,,12,OK,12.17,OK,12.11,OK,12.28,OK,12.12,OK,12.16,OK,12.3,OK,0,,0,,12.44,OK,12.43,OK,12.49,OK,12.47,OK,12.45,OK,12.42,OK,12.41,OK,0,,0,,,,81.75,OK,,,,81.69,OK,,,,158.35,OK,,,,158.33,OK,,,,38.13,OK,,,,37.44,OK,,,,,,,,,,,,,,,,,
2410121072C,NEW KAPPAEX1.0,CM3P3,2024-10-12 20:32:09,18.687,27.3,OK,26.07,25.43,OK,26.16,25.48,OK,26.43,26,OK,26.77,25.98,OK,25.23,24.8,OK,26.43,25.66,OK,25.8,24.91,OK,0,0,,0,0,,0,OK,0,OK,0,OK,0,OK,0,OK,0,OK,0,OK,0,,0,,0,OK,0,OK,0,OK,0,OK,0,OK,0,OK,0,OK,0,,0,,,,52.29,OK,,,,52.32,OK,,,,-291.37,OK,,,,-292,OK,,,,171.96,OK,,,,173.01,OK,,,,,,,,,,,,,,,,,
2410121067D,ATKINSON 3.8 OCV,DM1P2,2024-10-12 20:32:40,18.984,22.57,OK,23.08,22.83,OK,26.88,26.86,OK,25.89,25.64,OK,26.83,26.81,OK,25.21,25.08,OK,25.78,25.75,OK,24.88,24.81,OK,0,0,,0,0,,11.43,OK,11.41,OK,11.42,OK,11.42,OK,11.48,OK,11.55,OK,11.44,OK,0,,0,,9.96,OK,10.2,OK,10.37,OK,10.41,OK,10.29,OK,10.3,OK,10.27,OK,0,,0,,,,82,OK,,,,82.44,OK,,,,157.3,OK,,,,157.45,OK,,,,37.33,OK,,,,37.28,OK,,,,,,,,,,,,,,,,,
2410121073C,NEW KAPPAEX1.0,CM5P8,2024-10-12 20:32:55,18.688,27.7,OK,26.14,25.99,OK,21.22,21.12,OK,22.24,22.15,OK,20.5,20.38,OK,21.5,21.31,OK,22.34,22.08,OK,22.15,21.93,OK,0,0,,0,0,,2.4,OK,2.5,OK,2.45,OK,2.45,OK,2.46,OK,2.45,OK,2.45,OK,0,,0,,2.69,OK,2.45,OK,2.41,OK,2.42,OK,2.46,OK,2.47,OK,2.4,OK,0,,0,,,,52.13,OK,,,,52.61,OK,,,,-290.87,OK,,,,-292.67,OK,,,,170.61,OK,,,,172.22,OK,,,,,,,,,,,,,,,,,
2410121068D,ATKINSON 3.8 OCV,DM2P3,2024-10-12 20:33:35,18.997,24.1,OK,28.58,28.53,OK,26.23,26.13,OK,25.35,25.06,OK,28.07,28.02,OK,27.51,27.46,OK,26.1,26.03,OK,26.37,26.27,OK,0,0,,0,0,,11.06,OK,10.78,OK,10.75,OK,10.79,OK,10.81,OK,10.8,OK,10.8,OK,0,,0,,10.14,OK,10.13,OK,10.03,OK,10.12,OK,10.17,OK,10.08,OK,10.16,OK,0,,0,,,,82.46,OK,,,,82.28,OK,,,,158.09,OK,,,,158.32,OK,,,,37.82,OK,,,,38.06,OK,,,,,,,,,,,,,,,,,
2410121074C,NEW KAPPAEX1.0,CM4P7,2024-10-12 20:33:44,18.688,26.8,OK,26.02,25.47,OK,23.55,23.29,OK,25.16,24.74,OK,23.29,23,OK,23.93,23.88,OK,23.75,23,OK,20.67,20.19,OK,0,0,,0,0,,0,OK,0,OK,0,OK,0,OK,0,OK,0,OK,0,OK,0,,0,,0,OK,0,OK,0,OK,0,OK,0,OK,0,OK,0,OK,0,,0,,,,52.68,OK,,,,52.62,OK,,,,-292.38,OK,,,,-292.3,OK,,,,171.6,OK,,,,171.59,OK,,,,,,,,,,,,,,,,,
2410121070D,ATKINSON 3.8 OCV,DM3P1,2024-10-12 20:34:31,18.992,25.12,OK,29.88,29.81,OK,28.49,28.49,OK,27.23,26.79,OK,25.08,25.03,OK,27.86,27.72,OK,26.33,26.24,OK,25.38,25.31,OK,0,0,,0,0,,11.46,OK,11.5,OK,11.46,OK,11.38,OK,11.47,OK,11.46,OK,11.81,OK,0,,0,,12.81,OK,12.8,OK,12.95,OK,12.76,OK,12.98,OK,12.86,OK,12.75,OK,0,,0,,,,81.99,OK,,,,82.24,OK,,,,157.5,OK,,,,158.16,OK,,,,37.17,OK,,,,37.51,OK,,,,,,,,,,,,,,,,,
2410121075C,NEW KAPPAEX1.0,CM1P2,2024-10-12 20:34:32,18.692,27.68,OK,24.91,24.67,OK,22.9,22.46,OK,22.5,22.29,OK,21.97,21.55,OK,22.71,22.57,OK,22.25,21.83,OK,22.81,22.08,OK,0,0,,0,0,,6.12,OK,6.66,OK,6.6,OK,6.55,OK,7.27,OK,7.11,OK,6.85,OK,0,,0,,6.03,OK,6.44,OK,6.68,OK,6.88,OK,6.54,OK,6.53,OK,6.61,OK,0,,0,,,,53.53,OK,,,,52.7,OK,,,,-292.15,OK,,,,-293,OK,,,,172.8,OK,,,,171.83,OK,,,,,,,,,,,,,,,,,
2410121076C,NEW KAPPAEX1.0,CM2P4,2024-10-12 20:35:18,18.688,26.93,OK,23.45,23.22,OK,23.94,23.52,OK,24.85,24.39,OK,23.31,23.2,OK,22.52,22.43,OK,22.73,22.36,OK,23.13,22.92,OK,0,0,,0,0,,15.36,OK,15.36,OK,15.36,OK,15.36,OK,15.36,OK,15.36,OK,15.36,OK,0,,0,,15.36,OK,15.36,OK,15.36,OK,15.36,OK,15.36,OK,15.36,OK,15.36,OK,0,,0,,,,52.34,OK,,,,52.18,OK,,,,-291.22,OK,,,,-290.86,OK,,,,170.86,OK,,,,172.12,OK,,,,,,,,,,,,,,,,,
2410121071D,ATKINSON 3.8 OCV,DM4P6,2024-10-12 20:35:23,18.997,23.51,OK,23.71,23.55,OK,22.76,22.64,OK,24.22,23.73,OK,26.45,26.35,OK,27.42,27.42,OK,25.01,24.94,OK,24.94,24.82,OK,0,0,,0,0,,12.13,OK,12.14,OK,12.14,OK,12.27,OK,11.98,OK,12.24,OK,12.32,OK,0,,0,,12.66,OK,12.5,OK,12.63,OK,12.59,OK,12.33,OK,12.43,OK,12.64,OK,0,,0,,,,82.78,OK,,,,82.5,OK,,,,157.83,OK,,,,157.45,OK,,,,37.77,OK,,,,38.03,OK,,,,,,,,,,,,,,,,,
2410121077C,NEW KAPPAEX1.0,CM3P6,2024-10-12 20:36:06,18.67,26.92,OK,26.93,26.18,OK,24.89,24.12,OK,25.77,25.32,OK,25.12,24.32,OK,25.39,24.94,OK,25.91,25.41,OK,25.5,24.85,OK,0,0,,0,0,,0,OK,0,OK,0,OK,0,OK,0,OK,0,OK,0,OK,0,,0,,0,OK,0,OK,0,OK,0,OK,0,OK,0,OK,0,OK,0,,0,,,,51.81,OK,,,,52.97,OK,,,,-292.06,OK,,,,-290.75,OK,,,,172.4,OK,,,,170.98,OK,,,,,,,,,,,,,,,,,
2410121072D,ATKINSON 3.8 OCV,DM1P8,2024-10-12 20:36:21,18.992,23.91,OK,26.2,26,OK,27.26,27.22,OK,24.94,24.38,OK,26.23,26.11,OK,26.2,26.11,OK,24.7,24.49,OK,24.72,24.67,OK,0,0,,0,0,,11.37,OK,11.4,OK,11.42,OK,11.36,OK,11.48,OK,11.43,OK,11.44,OK,0,,0,,9.99,OK,10.29,OK,10.39,OK,10.13,OK,10.15,OK,10.12,OK,10.12,OK,0,,0,,,,81.62,OK,,,,81.91,OK,,,,157.86,OK,,,,158.08,OK,,,,37.24,OK,,,,37.42,OK,,,,,,,,,,,,,,,,,
2410121078C,NEW KAPPAEX1.0,CM5P1,2024-10-12 20:36:55,18.67,26.92,OK,24.66,24.54,OK,22.15,21.81,OK,24.18,23.87,OK,20.6,20.48,OK,21.81,21.6,OK,21.77,21.34,OK,21.89,21.53,OK,0,0,,0,0,,2.41,OK,2.46,OK,2.44,OK,2.44,OK,2.44,OK,2.43,OK,2.5,OK,0,,0,,2.65,OK,2.39,OK,2.39,OK,2.39,OK,2.45,OK,2.41,OK,2.51,OK,0,,0,,,,54.28,OK,,,,51.95,OK,,,,-292.13,OK,,,,-291.61,OK,,,,170.82,OK,,,,171.62,OK,,,,,,,,,,,,,,,,,
2410121073D,ATKINSON 3.8 OCV,DM2P5,2024-10-12 20:37:16,18.99,23.76,OK,26.1,26.1,OK,24.19,24.12,OK,23.37,23.37,OK,26.69,26.64,OK,25.21,25.21,OK,25.67,25.6,OK,24.02,24,OK,0,0,,0,0,,10.79,OK,10.7,OK,11.05,OK,11.06,OK,11.28,OK,11.42,OK,10.8,OK,0,,0,,10.14,OK,10,OK,9.97,OK,10.13,OK,10.04,OK,10,OK,10.02,OK,0,,0,,,,82.76,OK,,,,82.48,OK,,,,157.23,OK,,,,157.52,OK,,,,37.08,OK,,,,37.32,OK,,,,,,,,,,,,,,,,,
2410121079C,NEW KAPPAEX1.0,CM4P9,2024-10-12 20:37:41,18.691,27.31,OK,23.88,23.29,OK,22.69,22.47,OK,24.01,23.55,OK,23,22.65,OK,24.17,24.12,OK,22.12,21.51,OK,21.4,20.69,OK,0,0,,0,0,,0,OK,0,OK,0,OK,0,OK,0,OK,0,OK,0,OK,0,,0,,0,OK,0,OK,0,OK,0,OK,0,OK,0,OK,0,OK,0,,0,,,,53.26,OK,,,,52.75,OK,,,,-291.71,OK,,,,-291.66,OK,,,,172.8,OK,,,,171.73,OK,,,,,,,,,,,,,,,,,
2410121074D,ATKINSON 3.8 OCV,DM3P9,2024-10-12 20:38:12,18.992,23.35,OK,28.23,28.19,OK,26.05,26,OK,25.61,25.17,OK,24.5,24.45,OK,27.3,27.21,OK,26.17,26.14,OK,26,25.94,OK,0,0,,0,0,,11.27,OK,11.47,OK,11.55,OK,11.49,OK,11.55,OK,11.45,OK,11.47,OK,0,,0,,12.77,OK,12.8,OK,12.8,OK,12.79,OK,12.91,OK,12.91,OK,12.75,OK,0,,0,,,,82.86,OK,,,,82.94,OK,,,,157.58,OK,,,,157.79,OK,,,,37.21,OK,,,,36.79,OK,,,,,,,,,,,,,,,,,
2410121080C,NEW KAPPAEX1.0,CM1P5,2024-10-12 20:38:30,18.692,26.7,OK,23.76,23.6,OK,22.9,22.46,OK,23.44,23.27,OK,21.03,20.31,OK,22.67,22.43,OK,21.9,21.64,OK,23.16,22.95,OK,0,0,,0,0,,5.7,OK,6.6,OK,6.57,OK,6.59,OK,7.51,OK,6.94,OK,6.78,OK,0,,0,,6.13,OK,6.47,OK,6.59,OK,7.09,OK,6.34,OK,6.53,OK,6.53,OK,0,,0,,,,53.27,OK,,,,52.66,OK,,,,-292.05,OK,,,,-292.26,OK,,,,173.18,OK,,,,173.8,OK,,,,,,,,,,,,,,,,,
2410121069D,ATKINSON 3.8 OCV,DM5P4,2024-10-12 20:39:07,18.984,22.8,OK,23.23,23.09,OK,24.11,23.97,OK,22.81,22.35,OK,24.88,24.76,OK,24.92,24.74,OK,23.72,23.53,OK,23.79,23.65,OK,0,0,,0,0,,2.1,OK,2.68,OK,2.66,OK,2.67,OK,2.68,OK,2.74,OK,2.7,OK,0,,0,,0.79,OK,0.81,OK,0.77,OK,0.79,OK,0.79,OK,0.81,OK,0.86,OK,0,,0,,,,81.97,OK,,,,82.29,OK,,,,157.13,OK,,,,157.84,OK,,,,37.35,OK,,,,37.52,OK,,,,,,,,,,,,,,,,,
2410121081C,NEW KAPPAEX1.0,CM2P8,2024-10-12 20:39:18,18.685,26.83,OK,23.31,23.1,OK,21.89,21.63,OK,23.03,22.75,OK,21.96,21.73,OK,21.73,21.61,OK,21.33,21.03,OK,22.66,22.47,OK,0,0,,0,0,,15.36,OK,15.36,OK,15.36,OK,15.36,OK,15.36,OK,15.36,OK,15.36,OK,0,,0,,15.36,OK,15.36,OK,15.36,OK,15.36,OK,15.36,OK,15.36,OK,15.36,OK,0,,0,,,,52.77,OK,,,,53.98,OK,,,,-292.12,OK,,,,-291.82,OK,,,,171.41,OK,,,,172.69,OK,,,,,,,,,,,,,,,,,
2410121076D,ATKINSON 3.8 OCV,DM1P3,2024-10-12 20:40:02,18.984,22.67,OK,25.62,25.48,OK,28.9,28.59,OK,26.74,26.27,OK,27.28,27.04,OK,29.15,29.04,OK,26.95,26.88,OK,27.15,27.1,OK,0,0,,0,0,,11.4,OK,11.41,OK,11.36,OK,11.51,OK,11.46,OK,11.54,OK,11.74,OK,0,,0,,10.01,OK,10.35,OK,10.34,OK,10.38,OK,10.22,OK,10.18,OK,10.23,OK,0,,0,,,,82.94,OK,,,,82.83,OK,,,,157,OK,,,,157.43,OK,,,,36.96,OK,,,,36.91,OK,,,,,,,,,,,,,,,,,
2410121082C,NEW KAPPAEX1.0,CM3P7,2024-10-12 20:40:04,18.693,26.56,OK,27.81,27.11,OK,25.68,24.98,OK,26.29,25.71,OK,26.47,25.73,OK,26.29,25.91,OK,24.94,23.99,OK,24.39,23.49,OK,0,0,,0,0,,0,OK,0,OK,0,OK,0,OK,0,OK,0,OK,0,OK,0,,0,,0,OK,0,OK,0,OK,0,OK,0,OK,0,OK,0,OK,0,,0,,,,52.6,OK,,,,53,OK,,,,-291.28,OK,,,,-291.05,OK,,,,172.56,OK,,,,170.79,OK,,,,,,,,,,,,,,,,,
2410121083C,NEW KAPPAEX1.0,CM5P3,2024-10-12 20:40:52,18.692,27.82,OK,25.54,25.18,OK,21.15,20.81,OK,22.6,22.27,OK,22.03,21.93,OK,22.1,21.72,OK,22.79,22.34,OK,22.55,21.98,OK,0,0,,0,0,,2.46,OK,2.46,OK,2.45,OK,2.46,OK,2.46,OK,2.48,OK,2.46,OK,0,,0,,2.55,OK,2.43,OK,2.44,OK,2.41,OK,2.58,OK,2.41,OK,2.31,OK,0,,0,,,,53.62,OK,,,,53.89,OK,,,,-292.19,OK,,,,-292.16,OK,,,,172.33,OK,,,,172.36,OK,,,,,,,,,,,,,,,,,
2410121077D,ATKINSON 3.8 OCV,DM2P4,2024-10-12 20:40:57,18.99,23.9,OK,29.28,29.21,OK,25.5,25.38,OK,24.36,24.22,OK,25.47,25.43,OK,26.66,26.64,OK,25.23,25.21,OK,25.55,25.52,OK,0,0,,0,0,,10.8,OK,10.71,OK,11.23,OK,11.12,OK,10.79,OK,10.82,OK,10.82,OK,0,,0,,10.08,OK,10.01,OK,10.01,OK,10.25,OK,9.95,OK,10.17,OK,10.05,OK,0,,0,,,,82.08,OK,,,,82.5,OK,,,,157.11,OK,,,,157.5,OK,,,,36.92,OK,,,,37.14,OK,,,,,,,,,,,,,,,,,
2410121084C,NEW KAPPAEX1.0,CM4P2,2024-10-12 20:41:38,18.688,26.96,OK,27.09,26.37,OK,22.36,21.97,OK,24.85,24.32,OK,22.12,21.53,OK,24.59,24.54,OK,23.24,22.91,OK,23.38,22.91,OK,0,0,,0,0,,0,OK,0,OK,0,OK,0,OK,0,OK,0,OK,0,OK,0,,0,,0,OK,0,OK,0,OK,0,OK,0,OK,0,OK,0,OK,0,,0,,,,54.32,OK,,,,53.63,OK,,,,-291.76,OK,,,,-291.81,OK,,,,172.44,OK,,,,172.83,OK,,,,,,,,,,,,,,,,,
2410121078D,ATKINSON 3.8 OCV,DM3P1,2024-10-12 20:41:49,18.986,24.01,OK,27.54,27.47,OK,26.14,26.1,OK,24.84,24.47,OK,24.52,24.52,OK,27.16,27.07,OK,27.19,27.14,OK,25.89,25.8,OK,0,0,,0,0,,11.34,OK,11.49,OK,11.59,OK,11.52,OK,11.58,OK,11.53,OK,11.57,OK,0,,0,,12.55,OK,12.56,OK,12.83,OK,12.79,OK,12.79,OK,12.78,OK,12.77,OK,0,,0,,,,82.98,OK,,,,83.06,OK,,,,156.77,OK,,,,157.81,OK,,,,36.46,OK,,,,36.5,OK,,,,,,,,,,,,,,,,,
2410121085C,NEW KAPPAEX1.0,CM1P4,2024-10-12 20:42:24,18.69,27.06,OK,22.43,22.25,OK,21.73,21.31,OK,23.16,23.02,OK,21.83,21.34,OK,22.5,22.39,OK,21.1,20.8,OK,23.55,23.18,OK,0,0,,0,0,,5.85,OK,6.59,OK,6.6,OK,6.64,OK,6.74,OK,7.09,OK,6.87,OK,0,,0,,6.24,OK,6.49,OK,6.87,OK,6.86,OK,6.75,OK,6.55,OK,6.52,OK,0,,0,,,,53.26,OK,,,,51.55,OK,,,,-292.24,OK,,,,-292.91,OK,,,,171.73,OK,,,,172.41,OK,,,,,,,,,,,,,,,,,
2410121075D,ATKINSON 3.8 OCV,DM4P2,2024-10-12 20:42:41,18.993,23.9,OK,25.75,25.75,OK,23.85,23.82,OK,24.78,24.2,OK,25.17,25.12,OK,25.38,25.31,OK,26.07,25.91,OK,24.78,24.66,OK,0,0,,0,0,,11.96,OK,12.2,OK,12.14,OK,12.2,OK,12.29,OK,12.12,OK,12.12,OK,0,,0,,12.52,OK,12.43,OK,12.33,OK,12.44,OK,12.47,OK,12.49,OK,12.49,OK,0,,0,,,,82.6,OK,,,,82.71,OK,,,,157.09,OK,,,,157.32,OK,,,,36.98,OK,,,,36.88,OK,,,,,,,,,,,,,,,,,
2410121086C,NEW KAPPAEX1.0,CM2P1,2024-10-12 20:43:12,18.696,27.06,OK,23.99,23.85,OK,23.22,22.8,OK,24.18,23.85,OK,22.54,22.05,OK,22.4,22.33,OK,21.63,21.35,OK,22.68,22.52,OK,0,0,,0,0,,15.36,OK,15.36,OK,15.36,OK,15.36,OK,15.36,OK,15.36,OK,15.36,OK,0,,0,,15.36,OK,15.36,OK,15.36,OK,15.36,OK,15.36,OK,15.36,OK,15.36,OK,0,,0,,,,52.76,OK,,,,53.1,OK,,,,-292.48,OK,,,,-291.07,OK,,,,170.92,OK,,,,170.89,OK,,,,,,,,,,,,,,,,,
2410121080D,ATKINSON 3.8 OCV,DM1P6,2024-10-12 20:43:37,18.986,23.88,OK,24.61,24.49,OK,26.59,26.5,OK,25.35,24.94,OK,25.98,25.89,OK,26.09,26.05,OK,26.41,26.34,OK,27.46,27.46,OK,0,0,,0,0,,11.41,OK,11.45,OK,11.41,OK,11.46,OK,11.47,OK,11.51,OK,11.64,OK,0,,0,,10.02,OK,10.29,OK,10.12,OK,10.31,OK,10.32,OK,10.16,OK,10.22,OK,0,,0,,,,83.6,OK,,,,83.58,OK,,,,156.52,OK,,,,156.45,OK,,,,36.69,OK,,,,37.01,OK,,,,,,,,,,,,,,,,,
2410121087C,NEW KAPPAEX1.0,CM3P9,2024-10-12 20:44:01,18.692,27.03,OK,27.74,27,OK,25.34,24.62,OK,26.5,26.04,OK,25.18,24.19,OK,25.32,24.94,OK,24.75,23.87,OK,25.41,24.8,OK,0,0,,0,0,,0,OK,0,OK,0,OK,0,OK,0,OK,0,OK,0,OK,0,,0,,0,OK,0,OK,0,OK,0,OK,0,OK,0,OK,0,OK,0,,0,,,,51.92,OK,,,,51.64,OK,,,,-293.39,OK,,,,-291.24,OK,,,,171.59,OK,,,,172.29,OK,,,,,,,,,,,,,,,,,
2410121081D,ATKINSON 3.8 OCV,DM2P5,2024-10-12 20:44:32,18.988,23.62,OK,26.44,26.4,OK,24.68,24.63,OK,23.85,23.49,OK,24.77,24.72,OK,26.81,26.81,OK,23.63,23.54,OK,24.65,24.63,OK,0,0,,0,0,,11.41,OK,10.86,OK,10.83,OK,10.84,OK,10.83,OK,10.83,OK,10.79,OK,0,,0,,10.17,OK,10.16,OK,10.16,OK,10.19,OK,10.18,OK,10.17,OK,10.18,OK,0,,0,,,,82.4,OK,,,,82.15,OK,,,,157.4,OK,,,,157.57,OK,,,,37.57,OK,,,,37.49,OK,,,,,,,,,,,,,,,,,
2410121088C,NEW KAPPAEX1.0,CM5P6,2024-10-12 20:44:47,18.686,27.12,OK,23.99,23.77,OK,21.29,20.98,OK,22.29,21.96,OK,21.48,21.24,OK,21.86,21.74,OK,21.86,21.46,OK,21.17,21,OK,0,0,,0,0,,2.45,OK,2.46,OK,2.45,OK,2.43,OK,2.46,OK,2.49,OK,2.46,OK,0,,0,,2.56,OK,2.42,OK,2.43,OK,2.44,OK,2.66,OK,2.38,OK,2.36,OK,0,,0,,,,54.67,OK,,,,52.75,OK,,,,-293.03,OK,,,,-293.21,OK,,,,171.67,OK,,,,172.03,OK,,,,,,,,,,,,,,,,,
2410121079D,ATKINSON 3.8 OCV,DM5P7,2024-10-12 20:45:27,18.99,24.43,OK,25.34,25.27,OK,24.44,24.37,OK,24.46,24.13,OK,25.04,24.92,OK,24.3,24.18,OK,24.88,24.74,OK,24.69,24.51,OK,0,0,,0,0,,2.11,OK,2.68,OK,2.7,OK,2.63,OK,2.72,OK,2.72,OK,2.71,OK,0,,0,,0.8,OK,0.78,OK,0.79,OK,0.81,OK,0.8,OK,0.85,OK,0.84,OK,0,,0,,,,82.98,OK,,,,82.91,OK,,,,157.7,OK,,,,157.83,OK,,,,37.42,OK,,,,37.6,OK,,,,,,,,,,,,,,,,,
2410121089C,NEW KAPPAEX1.0,CM4P5,2024-10-12 20:45:35,18.683,26.58,OK,27.56,26.87,OK,23.55,23.2,OK,23.71,23.38,OK,22.72,22.5,OK,23.84,23.77,OK,23.33,22.67,OK,22.69,22.06,OK,0,0,,0,0,,0,OK,0,OK,0,OK,0,OK,0,OK,0,OK,0,OK,0,,0,,0,OK,0,OK,0,OK,0,OK,0,OK,0,OK,0,OK,0,,0,,,,52.97,OK,,,,53.48,OK,,,,-293.44,OK,,,,-292.03,OK,,,,172.56,OK,,,,172.43,OK,,,,,,,,,,,,,,,,,
2410121090C,NEW KAPPAEX1.0,CM1P8,2024-10-12 20:46:21,18.691,26.73,OK,22.74,22.55,OK,22.53,21.9,OK,23.74,23.6,OK,20.36,19.82,OK,22.34,22.25,OK,21.45,20.94,OK,22.43,21.97,OK,0,0,,0,0,,5.87,OK,6.73,OK,6.66,OK,6.61,OK,6.75,OK,6.93,OK,6.9,OK,0,,0,,6.31,OK,6.65,OK,6.73,OK,6.62,OK,6.53,OK,6.59,OK,6.56,OK,0,,0,,,,53.13,OK,,,,52.09,OK,,,,-293.15,OK,,,,-293.4,OK,,,,172.87,OK,,,,172.58,OK,,,,,,,,,,,,,,,,,
2410121082D,ATKINSON 3.8 OCV,DM3P9,2024-10-12 20:46:22,18.99,23.11,OK,26.93,26.89,OK,24.71,24.64,OK,26.54,26.21,OK,24.94,24.89,OK,27.4,27.33,OK,26.89,26.82,OK,26.72,26.7,OK,0,0,,0,0,,11.22,OK,11.62,OK,11.47,OK,11.22,OK,11.55,OK,11.31,OK,11.39,OK,0,,0,,12.77,OK,12.79,OK,12.81,OK,12.83,OK,12.78,OK,12.8,OK,12.82,OK,0,,0,,,,82.59,OK,,,,83.05,OK,,,,157.53,OK,,,,157.63,OK,,,,37.19,OK,,,,36.68,OK,,,,,,,,,,,,,,,,,
2410121091C,NEW KAPPAEX1.0,CM2P3,2024-10-12 20:47:09,18.684,27.12,OK,27.19,27.02,OK,22.54,22.03,OK,23.62,23.24,OK,22.73,22.5,OK,22.66,22.59,OK,21.91,21.54,OK,23.34,22.87,OK,0,0,,0,0,,15.36,OK,15.36,OK,15.36,OK,15.36,OK,15.36,OK,15.36,OK,15.36,OK,0,,0,,15.36,OK,15.36,OK,15.36,OK,15.36,OK,15.36,OK,15.36,OK,15.36,OK,0,,0,,,,53.29,OK,,,,53.33,OK,,,,-291.86,OK,,,,-291.54,OK,,,,170.54,OK,,,,171.18,OK,,,,,,,,,,,,,,,,,
2410121083D,ATKINSON 3.8 OCV,DM4P8,2024-10-12 20:47:14,18.994,22.7,OK,24.33,24.22,OK,23.57,23.48,OK,26.31,25.82,OK,26.21,26.14,OK,27.16,27.05,OK,25.61,25.52,OK,25.45,25.36,OK,0,0,,0,0,,12.12,OK,12.29,OK,12.27,OK,12.3,OK,12.27,OK,12.28,OK,12.35,OK,0,,0,,12.36,OK,12.5,OK,12.36,OK,12.52,OK,12.34,OK,12.43,OK,12.43,OK,0,,0,,,,82.35,OK,,,,82.71,OK,,,,157.97,OK,,,,157.52,OK,,,,36.88,OK,,,,37.27,OK,,,,,,,,,,,,,,,,,
2410121092C,NEW KAPPAEX1.0,CM3P2,2024-10-12 20:47:58,18.687,28.03,OK,31.79,30.89,OK,26.61,26.23,OK,27.38,27.09,OK,25.37,24.6,OK,26.07,25.64,OK,26.04,25.32,OK,25.86,25.07,OK,0,0,,0,0,,0,OK,0,OK,0,OK,0,OK,0,OK,0,OK,0,OK,0,,0,,0,OK,0,OK,0,OK,0,OK,0,OK,0,OK,0,OK,0,,0,,,,53.03,OK,,,,52.23,OK,,,,-291.82,OK,,,,-293.41,OK,,,,172.41,OK,,,,170.29,OK,,,,,,,,,,,,,,,,,
2410121084D,ATKINSON 3.8 OCV,DM1P2,2024-10-12 20:48:10,18.988,21.5,OK,25.26,25.03,OK,28.16,28.09,OK,25.75,25.39,OK,27.44,27.4,OK,25.48,25.48,OK,25.55,25.35,OK,25.1,24.85,OK,0,0,,0,0,,11.46,OK,11.43,OK,11.44,OK,11.66,OK,11.65,OK,11.45,OK,11.68,OK,0,,0,,9.94,OK,10.48,OK,10.34,OK,10.37,OK,10.28,OK,10.26,OK,10.25,OK,0,,0,,,,82.59,OK,,,,82.8,OK,,,,156.92,OK,,,,157.2,OK,,,,36.92,OK,,,,36.68,OK,,,,,,,,,,,,,,,,,
2410121094C,NEW KAPPAEX1.0,CM4P4,2024-10-12 20:48:44,18.691,27.02,OK,24.78,24.43,OK,22.32,21.86,OK,24.7,24.23,OK,21.97,21.46,OK,22.8,22.67,OK,23.55,22.72,OK,21.26,20.58,OK,0,0,,0,0,,0,OK,0,OK,0,OK,0,OK,0,OK,0,OK,0,OK,0,,0,,0,OK,0,OK,0,OK,0,OK,0,OK,0,OK,0,OK,0,,0,,,,52.87,OK,,,,53.34,OK,,,,-294.03,OK,,,,-293.24,OK,,,,172.8,OK,,,,173.03,OK,,,,,,,,,,,,,,,,,
2410121085D,ATKINSON 3.8 OCV,DM2P4,2024-10-12 20:49:05,18.992,22.95,OK,28.6,28.58,OK,25.01,24.92,OK,24.48,24.17,OK,26.78,26.78,OK,26.61,26.52,OK,26.52,26.47,OK,25.69,25.67,OK,0,0,,0,0,,10.81,OK,10.79,OK,10.76,OK,10.79,OK,10.82,OK,10.83,OK,10.81,OK,0,,0,,10.18,OK,10.17,OK,10.18,OK,10.19,OK,10.16,OK,10.13,OK,10.17,OK,0,,0,,,,82.52,OK,,,,82.73,OK,,,,157.25,OK,,,,157.45,OK,,,,37.05,OK,,,,37.26,OK,,,,,,,,,,,,,,,,,
2410121093C,NEW KAPPAEX1.0,CM5P7,2024-10-12 20:49:33,18.686,26.6,OK,24.01,23.94,OK,21.67,21.5,OK,22.63,22.32,OK,21.19,21.17,OK,22.1,21.84,OK,21.38,21.03,OK,21.65,21.58,OK,0,0,,0,0,,2.45,OK,2.5,OK,2.49,OK,2.48,OK,2.47,OK,2.47,OK,2.47,OK,0,,0,,2.62,OK,2.48,OK,2.41,OK,2.41,OK,2.44,OK,2.42,OK,2.36,OK,0,,0,,,,54.06,OK,,,,53.95,OK,,,,-291.71,OK,,,,-292.05,OK,,,,170.83,OK,,,,171.61,OK,,,,,,,,,,,,,,,,,
2410121086D,ATKINSON 3.8 OCV,DM5P3,2024-10-12 20:49:57,18.995,23.78,OK,25.9,25.78,OK,26.13,26.04,OK,26.11,25.76,OK,25.06,24.9,OK,24.48,24.37,OK,24.76,24.69,OK,24.34,24.23,OK,0,0,,0,0,,2.1,OK,2.6,OK,2.71,OK,2.6,OK,2.66,OK,2.63,OK,2.61,OK,0,,0,,0.79,OK,0.79,OK,0.83,OK,0.78,OK,0.81,OK,0.79,OK,0.81,OK,0,,0,,,,83.01,OK,,,,81.73,OK,,,,157.71,OK,,,,158.33,OK,,,,37.51,OK,,,,37.66,OK,,,,,,,,,,,,,,,,,
2410121095C,NEW KAPPAEX1.0,CM1P1,2024-10-12 20:50:18,18.697,26.85,OK,24.44,24.21,OK,21.66,21.22,OK,23.93,23.79,OK,22.15,21.59,OK,23.04,22.81,OK,22.22,21.69,OK,22.27,21.92,OK,0,0,,0,0,,5.82,OK,6.96,OK,6.78,OK,6.71,OK,6.86,OK,6.84,OK,7.16,OK,0,,0,,6.86,OK,6.49,OK,6.53,OK,6.75,OK,6.88,OK,6.84,OK,6.46,OK,0,,0,,,,54.16,OK,,,,52.39,OK,,,,-292.59,OK,,,,-293.95,OK,,,,172.93,OK,,,,171.63,OK,,,,,,,,,,,,,,,,,
2410121087D,ATKINSON 3.8 OCV,DM3P1,2024-10-12 20:50:49,18.992,22.88,OK,29.21,29.21,OK,27.03,26.96,OK,25.36,25.05,OK,24.54,24.5,OK,26.98,26.86,OK,28.58,28.56,OK,26.21,26.14,OK,0,0,,0,0,,11.43,OK,11.47,OK,11.5,OK,11.43,OK,11.34,OK,11.46,OK,11.46,OK,0,,0,,12.8,OK,12.79,OK,12.92,OK,12.85,OK,12.91,OK,12.86,OK,12.77,OK,0,,0,,,,82.68,OK,,,,83.09,OK,,,,156.87,OK,,,,157.63,OK,,,,36.64,OK,,,,36.84,OK,,,,,,,,,,,,,,,,,
2410121096C,NEW KAPPAEX1.0,CM2P6,2024-10-12 20:51:07,18.692,27.36,OK,24.99,24.74,OK,23.71,23.24,OK,24.32,24.01,OK,21.8,21.1,OK,22.12,21.98,OK,21.87,21.52,OK,22.71,22.5,OK,0,0,,0,0,,15.36,OK,15.36,OK,15.36,OK,15.36,OK,15.36,OK,15.36,OK,15.36,OK,0,,0,,15.36,OK,15.36,OK,15.36,OK,15.36,OK,15.36,OK,15.36,OK,15.36,OK,0,,0,,,,53.77,OK,,,,52.25,OK,,,,-292.65,OK,,,,-291.46,OK,,,,171.55,OK,,,,172.05,OK,,,,,,,,,,,,,,,,,
2410121089D,ATKINSON 3.8 OCV,DM1P6,2024-10-12 20:51:44,18.996,23.17,OK,25.8,25.51,OK,27.1,27.06,OK,26.45,26.09,OK,27.62,27.44,OK,25.6,25.53,OK,25.12,24.99,OK,25.01,24.9,OK,0,0,,0,0,,11.39,OK,11.43,OK,11.41,OK,11.37,OK,11.49,OK,11.44,OK,11.5,OK,0,,0,,9.98,OK,10.2,OK,10.5,OK,10.24,OK,10.33,OK,10.09,OK,10.09,OK,0,,0,,,,83.3,OK,,,,83.42,OK,,,,156.58,OK,,,,156.51,OK,,,,36.61,OK,,,,36.93,OK,,,,,,,,,,,,,,,,,
2410121097C,NEW KAPPAEX1.0,CM3P5,2024-10-12 20:51:55,18.699,26.58,OK,28.76,28.1,OK,26.11,25.21,OK,26.72,26.32,OK,26.75,25.77,OK,24.53,24.19,OK,25.05,23.87,OK,26.66,25.48,OK,0,0,,0,0,,0,OK,0,OK,0,OK,0,OK,0,OK,0,OK,0,OK,0,,0,,0,OK,0,OK,0,OK,0,OK,0,OK,0,OK,0,OK,0,,0,,,,52.78,OK,,,,52.76,OK,,,,-292.58,OK,,,,-292.05,OK,,,,171.65,OK,,,,172.1,OK,,,,,,,,,,,,,,,,,
2410121090D,ATKINSON 3.8 OCV,DM2P5,2024-10-12 20:52:39,18.988,22.9,OK,27.19,27.07,OK,25.47,25.43,OK,26.01,25.86,OK,25.98,25.94,OK,27.41,27.36,OK,25.6,25.55,OK,24.63,24.55,OK,0,0,,0,0,,10.8,OK,10.73,OK,11.04,OK,10.76,OK,11.39,OK,11.46,OK,10.81,OK,0,,0,,10.14,OK,10.16,OK,10.17,OK,10.03,OK,10.16,OK,10.14,OK,10.16,OK,0,,0,,,,82.57,OK,,,,82.53,OK,,,,157.35,OK,,,,157.67,OK,,,,37.24,OK,,,,37.5,OK,,,,,,,,,,,,,,,,,
2410121098C,NEW KAPPAEX1.0,CM4P8,2024-10-12 20:52:44,18.684,27.73,OK,26.52,25.86,OK,21.86,21.09,OK,24.7,24.32,OK,23.05,22.69,OK,22.98,22.94,OK,22.47,21.88,OK,22.52,21.84,OK,0,0,,0,0,,0,OK,0,OK,0,OK,0,OK,0,OK,0,OK,0,OK,0,,0,,0,OK,0,OK,0,OK,0,OK,0,OK,0,OK,0,OK,0,,0,,,,54.35,OK,,,,53.2,OK,,,,-292.44,OK,,,,-291.8,OK,,,,170.25,OK,,,,170.98,OK,,,,,,,,,,,,,,,,,
2410121099C,NEW KAPPAEX1.0,CM5P9,2024-10-12 20:53:30,18.687,27.03,OK,23.53,23.46,OK,20.48,20.31,OK,21.6,21.5,OK,20.74,20.64,OK,21,20.67,OK,22.79,22.34,OK,20.95,20.79,OK,0,0,,0,0,,2.41,OK,2.46,OK,2.43,OK,2.45,OK,2.45,OK,2.46,OK,2.46,OK,0,,0,,2.75,OK,2.36,OK,2.41,OK,2.43,OK,2.48,OK,2.48,OK,2.36,OK,0,,0,,,,54.35,OK,,,,53.76,OK,,,,-292.79,OK,,,,-292.08,OK,,,,171.37,OK,,,,172.33,OK,,,,,,,,,,,,,,,,,
2410121088D,ATKINSON 3.8 OCV,DM4P7,2024-10-12 20:53:35,18.986,24.42,OK,24.8,24.73,OK,24.82,24.73,OK,25.59,25.26,OK,25.82,25.75,OK,27.68,27.58,OK,25.96,25.94,OK,26.68,26.58,OK,0,0,,0,0,,11.83,OK,11.93,OK,11.75,OK,12.13,OK,12.06,OK,12,OK,12.29,OK,0,,0,,12.42,OK,12.45,OK,12.5,OK,12.47,OK,12.44,OK,12.45,OK,12.45,OK,0,,0,,,,82.64,OK,,,,83.12,OK,,,,157.7,OK,,,,157.45,OK,,,,37.08,OK,,,,37.14,OK,,,,,,,,,,,,,,,,,
2410121100C,NEW KAPPAEX1.0,CM1P3,2024-10-12 20:54:19,18.687,27.38,OK,25.21,25.07,OK,24.11,23.53,OK,24.51,24.39,OK,23.69,23.23,OK,23.34,23.3,OK,23.48,23.06,OK,22.43,22.06,OK,0,0,,0,0,,6.19,OK,6.58,OK,6.67,OK,7.14,OK,7.02,OK,6.99,OK,6.82,OK,0,,0,,6.03,OK,6.57,OK,7.34,OK,6.45,OK,6.6,OK,6.86,OK,7.11,OK,0,,0,,,,54.52,OK,,,,54.44,OK,,,,-293.4,OK,,,,-293.41,OK,,,,172.46,OK,,,,171.62,OK,,,,,,,,,,,,,,,,,
2410121092D,ATKINSON 3.8 OCV,DM3P8,2024-10-12 20:54:27,18.992,24.15,OK,27.37,27.33,OK,27.63,27.58,OK,27.72,27.3,OK,26.24,26.19,OK,27.58,27.51,OK,26.89,26.84,OK,26.42,26.38,OK,0,0,,0,0,,11.49,OK,11.47,OK,11.56,OK,11.59,OK,11.59,OK,11.52,OK,11.43,OK,0,,0,,12.82,OK,12.8,OK,12.82,OK,12.79,OK,12.77,OK,12.78,OK,12.75,OK,0,,0,,,,82.35,OK,,,,82.39,OK,,,,157.06,OK,,,,157.61,OK,,,,36.84,OK,,,,37.07,OK,,,,,,,,,,,,,,,,,
2410121101C,NEW KAPPAEX1.0,CM2P7,2024-10-12 20:55:07,18.684,26.67,OK,23.57,23.36,OK,24.48,24.22,OK,24.62,24.2,OK,22.94,22.57,OK,23.2,23.17,OK,22.54,22.31,OK,23.97,23.62,OK,0,0,,0,0,,15.36,OK,15.36,OK,15.36,OK,15.36,OK,15.36,OK,15.36,OK,15.36,OK,0,,0,,15.36,OK,15.36,OK,15.36,OK,15.36,OK,15.36,OK,15.36,OK,15.36,OK,0,,0,,,,53.76,OK,,,,53.63,OK,,,,-292.5,OK,,,,-292.25,OK,,,,171.97,OK,,,,173.09,OK,,,,,,,,,,,,,,,,,
2410121093D,ATKINSON 3.8 OCV,DM1P4,2024-10-12 20:55:22,18.991,23.35,OK,23.53,23.3,OK,26.07,26.07,OK,25.24,24.7,OK,26.56,26.47,OK,26.72,26.72,OK,24.49,24.38,OK,25.26,25.21,OK,0,0,,0,0,,11.48,OK,11.41,OK,11.63,OK,11.35,OK,11.5,OK,11.48,OK,11.56,OK,0,,0,,9.88,OK,10.31,OK,10.18,OK,9.91,OK,10.1,OK,10.3,OK,10.17,OK,0,,0,,,,82.1,OK,,,,82.35,OK,,,,156.22,OK,,,,157.4,OK,,,,37.05,OK,,,,37.24,OK,,,,,,,,,,,,,,,,,
2410121102C,NEW KAPPAEX1.0,CM3P2,2024-10-12 20:55:56,18.686,27.47,OK,29.15,28.4,OK,27.24,26.68,OK,27.99,27.54,OK,27.02,26.45,OK,26.84,26.45,OK,26.54,25.46,OK,25.84,24.89,OK,0,0,,0,0,,0,OK,0,OK,0,OK,0,OK,0,OK,0,OK,0,OK,0,,0,,0,OK,0,OK,0,OK,0,OK,0,OK,0,OK,0,OK,0,,0,,,,53.23,OK,,,,52.84,OK,,,,-292.58,OK,,,,-293.54,OK,,,,171.03,OK,,,,169.86,OK,,,,,,,,,,,,,,,,,
2410121094D,ATKINSON 3.8 OCV,DM2P3,2024-10-12 20:56:17,18.985,23.22,OK,29.18,29.11,OK,25.43,25.33,OK,24.89,24.6,OK,27.19,27.17,OK,27.53,27.49,OK,25.69,25.6,OK,24.26,24.22,OK,0,0,,0,0,,10.99,OK,11.02,OK,10.8,OK,11.33,OK,10.79,OK,10.91,OK,10.81,OK,0,,0,,10.27,OK,10.23,OK,10.33,OK,10.2,OK,10.23,OK,10.18,OK,10.1,OK,0,,0,,,,82.69,OK,,,,82.81,OK,,,,157.58,OK,,,,157.85,OK,,,,37.34,OK,,,,37.38,OK,,,,,,,,,,,,,,,,,
2410121104C,NEW KAPPAEX1.0,CM5P4,2024-10-12 20:56:41,18.694,28.6,OK,23.65,23.51,OK,21.96,21.79,OK,22.03,21.74,OK,20.83,20.72,OK,21.05,20.76,OK,21.98,21.81,OK,21.62,21.41,OK,0,0,,0,0,,2.43,OK,2.45,OK,2.49,OK,2.45,OK,2.45,OK,2.45,OK,2.46,OK,0,,0,,2.61,OK,2.43,OK,2.45,OK,2.56,OK,2.46,OK,2.47,OK,2.4,OK,0,,0,,,,53.31,OK,,,,52.87,OK,,,,-293.1,OK,,,,-292.33,OK,,,,172.51,OK,,,,172.99,OK,,,,,,,,,,,,,,,,,
2410121095D,ATKINSON 3.8 OCV,DM4P2,2024-10-12 20:57:12,18.987,23.93,OK,25.77,25.7,OK,26,25.87,OK,26.7,26.26,OK,26.17,26.14,OK,25.87,25.82,OK,25.82,25.73,OK,24.91,24.84,OK,0,0,,0,0,,11.96,OK,12.16,OK,12.2,OK,12.14,OK,11.94,OK,12.1,OK,12.03,OK,0,,0,,12.31,OK,12.43,OK,11.77,OK,12.23,OK,12.35,OK,12.48,OK,12.5,OK,0,,0,,,,82.08,OK,,,,82.38,OK,,,,157.81,OK,,,,157.77,OK,,,,37.67,OK,,,,37.19,OK,,,,,,,,,,,,,,,,,
2410121103C,NEW KAPPAEX1.0,CM4P1,2024-10-12 20:57:30,18.689,28.05,OK,26.02,25.33,OK,24.74,24.23,OK,25.16,24.72,OK,23.38,22.98,OK,25.66,25.58,OK,23.51,22.61,OK,22.65,21.57,OK,0,0,,0,0,,0,OK,0,OK,0,OK,0,OK,0,OK,0,OK,0,OK,0,,0,,0,OK,0,OK,0,OK,0,OK,0,OK,0,OK,0,OK,0,,0,,,,52.98,OK,,,,53.45,OK,,,,-292.86,OK,,,,-293.05,OK,,,,173.3,OK,,,,172.35,OK,,,,,,,,,,,,,,,,,
2410121096D,ATKINSON 3.8 OCV,DM3P7,2024-10-12 20:58:08,18.998,23.38,OK,28.67,28.6,OK,26.03,25.98,OK,26.17,25.84,OK,24.91,24.87,OK,27.21,27.14,OK,27.98,27.95,OK,25.49,25.42,OK,0,0,,0,0,,11.46,OK,11.51,OK,11.56,OK,11.42,OK,11.49,OK,11.61,OK,11.56,OK,0,,0,,12.63,OK,12.75,OK,12.76,OK,12.77,OK,12.89,OK,12.78,OK,12.59,OK,0,,0,,,,82.87,OK,,,,82.82,OK,,,,156.87,OK,,,,157.7,OK,,,,37.4,OK,,,,37.34,OK,,,,,,,,,,,,,,,,,
2410121105C,NEW KAPPAEX1.0,CM1P6,2024-10-12 20:58:16,18.688,27.85,OK,25.12,24.95,OK,21.87,21.41,OK,23.25,23.02,OK,21.71,21.29,OK,22.25,22.04,OK,21.45,21.03,OK,21.94,21.31,OK,0,0,,0,0,,6.27,OK,6.57,OK,6.52,OK,6.47,OK,7.01,OK,6.79,OK,6.76,OK,0,,0,,6.13,OK,6.86,OK,6.86,OK,6.86,OK,6.47,OK,6.77,OK,6.74,OK,0,,0,,,,51.97,OK,,,,53.19,OK,,,,-292.38,OK,,,,-292.45,OK,,,,173.62,OK,,,,172.66,OK,,,,,,,,,,,,,,,,,
2410121097D,ATKINSON 3.8 OCV,DM1P6,2024-10-12 20:59:00,18.999,24.6,OK,26.05,25.75,OK,27.42,27.33,OK,25.39,25.1,OK,27.04,26.95,OK,28.61,28.5,OK,25.98,25.91,OK,24.97,24.94,OK,0,0,,0,0,,11.44,OK,11.4,OK,11.61,OK,11.38,OK,11.51,OK,11.43,OK,11.45,OK,0,,0,,10.06,OK,10.31,OK,10.28,OK,10.27,OK,10.29,OK,10.25,OK,10.16,OK,0,,0,,,,83.14,OK,,,,83.44,OK,,,,157.32,OK,,,,157.16,OK,,,,36.97,OK,,,,37.22,OK,,,,,,,,,,,,,,,,,
2410121106C,NEW KAPPAEX1.0,CM2P5,2024-10-12 20:59:05,18.686,27.41,OK,22.85,22.66,OK,22.03,21.82,OK,23.22,22.87,OK,21.38,21.07,OK,22.01,21.94,OK,22.64,22.26,OK,22.19,21.91,OK,0,0,,0,0,,15.36,OK,15.36,OK,15.36,OK,15.36,OK,15.36,OK,15.36,OK,15.36,OK,0,,0,,15.36,OK,15.36,OK,15.36,OK,15.36,OK,15.36,OK,15.36,OK,15.36,OK,0,,0,,,,52.18,OK,,,,53.39,OK,,,,-292.82,OK,,,,-291.89,OK,,,,171.54,OK,,,,173,OK,,,,,,,,,,,,,,,,,
2410121107C,NEW KAPPAEX1.0,CM3P9,2024-10-12 20:59:50,18.698,27.97,OK,26.97,26.25,OK,25.07,24.64,OK,27.11,26.72,OK,25.82,25.23,OK,25.07,24.69,OK,25.16,24.64,OK,26.27,25.52,OK,0,0,,0,0,,0,OK,0,OK,0,OK,0,OK,0,OK,0,OK,0,OK,0,,0,,0,OK,0,OK,0,OK,0,OK,0,OK,0,OK,0,OK,0,,0,,,,53.13,OK,,,,52.39,OK,,,,-292.51,OK,,,,-290.89,OK,,,,172.28,OK,,,,172.42,OK,,,,,,,,,,,,,,,,,
2410121098D,ATKINSON 3.8 OCV,DM2P5,2024-10-12 20:59:55,18.999,22.66,OK,28.09,28.04,OK,25.72,25.64,OK,25.55,25.33,OK,26.83,26.78,OK,27.49,27.49,OK,26.35,26.3,OK,25.23,25.21,OK,0,0,,0,0,,10.71,OK,11.04,OK,10.8,OK,10.98,OK,10.73,OK,10.73,OK,10.81,OK,0,,0,,10.21,OK,10.19,OK,10.2,OK,10.19,OK,10.24,OK,10.25,OK,10.29,OK,0,,0,,,,82.58,OK,,,,82.25,OK,,,,157.42,OK,,,,157.82,OK,,,,37.59,OK,,,,37.78,OK,,,,,,,,,,,,,,,,,
2410121108C,NEW KAPPAEX1.0,CM5P8,2024-10-12 21:00:39,18.696,26.97,OK,22.12,22.08,OK,21.55,21.48,OK,21.48,21.29,OK,20.36,20.26,OK,20.72,20.4,OK,21.43,21.1,OK,21.22,21.03,OK,0,0,,0,0,,2.38,OK,2.44,OK,2.41,OK,2.41,OK,2.45,OK,2.44,OK,2.45,OK,0,,0,,2.56,OK,2.39,OK,2.39,OK,2.4,OK,2.38,OK,2.44,OK,2.36,OK,0,,0,,,,52.74,OK,,,,54.39,OK,,,,-291.27,OK,,,,-292.87,OK,,,,171.85,OK,,,,171.7,OK,,,,,,,,,,,,,,,,,
2410121099D,ATKINSON 3.8 OCV,DM4P9,2024-10-12 21:00:50,18.996,24.8,OK,26.91,26.82,OK,24.03,24.03,OK,24.54,24.24,OK,28.12,28,OK,26,25.98,OK,27.77,27.72,OK,24.91,24.87,OK,0,0,,0,0,,11.96,OK,12.22,OK,12.12,OK,12.24,OK,12.01,OK,12.11,OK,11.96,OK,0,,0,,12.43,OK,11.62,OK,12.38,OK,12.52,OK,12.33,OK,12.31,OK,12.47,OK,0,,0,,,,82.27,OK,,,,82.37,OK,,,,158,OK,,,,158,OK,,,,37.88,OK,,,,37.38,OK,,,,,,,,,,,,,,,,,
2410121109C,NEW KAPPAEX1.0,CM4P3,2024-10-12 21:01:28,18.688,28.42,OK,24.74,24.01,OK,22.94,22.69,OK,24.08,23.49,OK,22.98,22.67,OK,23.64,23.6,OK,22.83,22.28,OK,23.62,23.27,OK,0,0,,0,0,,0,OK,0,OK,0,OK,0,OK,0,OK,0,OK,0,OK,0,,0,,0,OK,0,OK,0,OK,0,OK,0,OK,0,OK,0,OK,0,,0,,,,53.5,OK,,,,53.37,OK,,,,-293.18,OK,,,,-291.48,OK,,,,170.98,OK,,,,172.43,OK,,,,,,,,,,,,,,,,,
2410121100D,ATKINSON 3.8 OCV,DM3P8,2024-10-12 21:01:45,18.983,23.25,OK,29.35,29.3,OK,25.77,25.7,OK,25.96,25.68,OK,23.8,23.71,OK,27.28,27.23,OK,26.63,26.56,OK,25.36,25.31,OK,0,0,,0,0,,11.31,OK,11.21,OK,11.07,OK,11.63,OK,11.76,OK,11.61,OK,11.36,OK,0,,0,,12.8,OK,12.84,OK,12.76,OK,12.74,OK,12.93,OK,12.78,OK,12.74,OK,0,,0,,,,82.14,OK,,,,82.66,OK,,,,157.64,OK,,,,157.82,OK,,,,36.6,OK,,,,37.02,OK,,,,,,,,,,,,,,,,,
2410121110C,NEW KAPPAEX1.0,CM1P7,2024-10-12 21:02:13,18.691,27.93,OK,22.9,22.69,OK,21.9,21.52,OK,23.72,23.55,OK,22.55,22.2,OK,22.39,22.25,OK,22.46,22.18,OK,23.06,22.5,OK,0,0,,0,0,,5.71,OK,6.58,OK,7.14,OK,6.75,OK,6.76,OK,6.72,OK,6.7,OK,0,,0,,6.31,OK,6.93,OK,6.49,OK,6.69,OK,6.88,OK,6.88,OK,6.51,OK,0,,0,,,,54.49,OK,,,,54.06,OK,,,,-291.74,OK,,,,-293.17,OK,,,,172.71,OK,,,,172.78,OK,,,,,,,,,,,,,,,,,
2410121101D,ATKINSON 3.8 OCV,DM1P4,2024-10-12 21:02:37,18.99,23.05,OK,26.72,26.54,OK,27.24,27.08,OK,26.79,26.18,OK,26.25,26.14,OK,26.43,26.38,OK,25.75,25.71,OK,25.53,25.46,OK,0,0,,0,0,,11.74,OK,11.46,OK,11.43,OK,11.46,OK,11.45,OK,11.46,OK,11.49,OK,0,,0,,10.03,OK,10.33,OK,10.3,OK,10.37,OK,10.09,OK,10.28,OK,10.32,OK,0,,0,,,,82.08,OK,,,,82.55,OK,,,,157.09,OK,,,,157.72,OK,,,,37.19,OK,,,,37.25,OK,,,,,,,,,,,,,,,,,
2410121111C,NEW KAPPAEX1.0,CM2P2,2024-10-12 21:03:02,18.687,26.77,OK,26.09,25.9,OK,23.01,22.8,OK,24.32,23.9,OK,22.92,22.31,OK,22.78,22.78,OK,21.05,20.68,OK,21.75,21.66,OK,0,0,,0,0,,15.36,OK,15.36,OK,15.36,OK,15.36,OK,15.36,OK,15.36,OK,15.36,OK,0,,0,,15.36,OK,15.36,OK,15.36,OK,15.36,OK,15.36,OK,15.36,OK,15.36,OK,0,,0,,,,53.32,OK,,,,54.46,OK,,,,-291.79,OK,,,,-290.93,OK,,,,171.92,OK,,,,172.04,OK,,,,,,,,,,,,,,,,,
2410121102D,ATKINSON 3.8 OCV,DM2P3,2024-10-12 21:03:33,18.994,23.15,OK,28.21,28.09,OK,26.88,26.81,OK,25.62,25.4,OK,28.38,28.36,OK,27.58,27.58,OK,26.73,26.69,OK,25.98,25.96,OK,0,0,,0,0,,11.13,OK,10.8,OK,11.09,OK,10.82,OK,11,OK,11.09,OK,10.83,OK,0,,0,,10.25,OK,10.31,OK,10.19,OK,10.24,OK,10.28,OK,10.27,OK,10.26,OK,0,,0,,,,82.87,OK,,,,82.83,OK,,,,157.56,OK,,,,157.97,OK,,,,37.37,OK,,,,37.26,OK,,,,,,,,,,,,,,,,,
2410121112C,NEW KAPPAEX1.0,CM3P4,2024-10-12 21:03:47,18.691,27.91,OK,28.22,27.56,OK,26.47,26.16,OK,26.47,26.04,OK,26.41,25.39,OK,25.39,25,OK,25.61,24.96,OK,26.02,25.48,OK,0,0,,0,0,,0,OK,0,OK,0,OK,0,OK,0,OK,0,OK,0,OK,0,,0,,0,OK,0,OK,0,OK,0,OK,0,OK,0,OK,0,OK,0,,0,,,,52.94,OK,,,,51.81,OK,,,,-292.43,OK,,,,-291.41,OK,,,,170.48,OK,,,,171.25,OK,,,,,,,,,,,,,,,,,
2410121103D,ATKINSON 3.8 OCV,DM4P2,2024-10-12 21:04:28,18.983,24.51,OK,25.68,25.56,OK,24.73,24.61,OK,24.98,24.61,OK,26.52,26.42,OK,26.4,26.31,OK,26.47,26.47,OK,25.59,25.56,OK,0,0,,0,0,,11.93,OK,12.12,OK,12.23,OK,11.93,OK,11.95,OK,12.1,OK,12.22,OK,0,,0,,12.27,OK,12.43,OK,12.48,OK,12.5,OK,12.53,OK,12.49,OK,12.42,OK,0,,0,,,,82.09,OK,,,,82.38,OK,,,,157.64,OK,,,,157.72,OK,,,,37.68,OK,,,,37.26,OK,,,,,,,,,,,,,,,,,
2410121113C,NEW KAPPAEX1.0,CM5P3,2024-10-12 21:04:36,18.684,27.1,OK,22.27,22.08,OK,20.6,20.33,OK,21.98,21.77,OK,19.47,19.26,OK,21.98,21.72,OK,21.46,21.07,OK,21.41,21.24,OK,0,0,,0,0,,2.37,OK,2.43,OK,2.45,OK,2.42,OK,2.42,OK,2.43,OK,2.41,OK,0,,0,,2.57,OK,2.35,OK,2.47,OK,2.34,OK,2.4,OK,2.4,OK,2.37,OK,0,,0,,,,52.79,OK,,,,53.58,OK,,,,-292.25,OK,,,,-291.77,OK,,,,170.84,OK,,,,172.67,OK,,,,,,,,,,,,,,,,,
2410121114C,NEW KAPPAEX1.0,CM4P6,2024-10-12 21:05:22,18.69,27.66,OK,24.89,24.37,OK,23.79,23.22,OK,22.65,22.32,OK,22.1,21.66,OK,24.15,24.1,OK,23.16,22.45,OK,22.67,22.06,OK,0,0,,0,0,,0,OK,0,OK,0,OK,0,OK,0,OK,0,OK,0,OK,0,,0,,0,OK,0,OK,0,OK,0,OK,0,OK,0,OK,0,OK,0,,0,,,,53.14,OK,,,,52.13,OK,,,,-293.7,OK,,,,-291.87,OK,,,,173.89,OK,,,,173.86,OK,,,,,,,,,,,,,,,,,
2410121104D,ATKINSON 3.8 OCV,DM3P7,2024-10-12 21:05:23,18.988,24.58,OK,28.44,28.42,OK,25.63,25.61,OK,27.33,26.86,OK,25.94,25.87,OK,27.51,27.44,OK,26.17,26.14,OK,27.44,27.35,OK,0,0,,0,0,,11.3,OK,11.58,OK,11.54,OK,11.61,OK,11.33,OK,11.59,OK,11.28,OK,0,,0,,12.88,OK,12.83,OK,12.53,OK,12.67,OK,12.8,OK,12.8,OK,12.76,OK,0,,0,,,,82.53,OK,,,,83.01,OK,,,,157.13,OK,,,,158.01,OK,,,,36.82,OK,,,,37,OK,,,,,,,,,,,,,,,,,
2410121115C,NEW KAPPAEX1.0,CM1P5,2024-10-12 21:06:10,18.668,27.25,OK,22.9,22.76,OK,22.53,22.18,OK,22.29,22.13,OK,22.2,21.52,OK,21.66,21.45,OK,22.46,22.18,OK,21.66,21.45,OK,0,0,,0,0,,5.93,OK,6.56,OK,6.44,OK,7.08,OK,6.79,OK,6.74,OK,6.67,OK,0,,0,,5.94,OK,6.48,OK,6.97,OK,6.44,OK,6.41,OK,6.66,OK,6.25,OK,0,,0,,,,53.68,OK,,,,53.34,OK,,,,-292.75,OK,,,,-291.95,OK,,,,173.17,OK,,,,173.08,OK,,,,,,,,,,,,,,,,,
2410121105D,ATKINSON 3.8 OCV,DM1P6,2024-10-12 21:06:15,18.994,22.93,OK,25.15,25.03,OK,27.46,27.42,OK,25.48,24.7,OK,26.09,26.02,OK,24.9,24.81,OK,26.34,26.29,OK,25.96,25.91,OK,0,0,,0,0,,11.35,OK,11.39,OK,11.34,OK,11.35,OK,11.52,OK,11.44,OK,11.45,OK,0,,0,,9.94,OK,10.06,OK,10.31,OK,10.39,OK,10.24,OK,10.26,OK,10.15,OK,0,,0,,,,83.29,OK,,,,83.28,OK,,,,156.8,OK,,,,156.81,OK,,,,37.21,OK,,,,37.49,OK,,,,,,,,,,,,,,,,,
2410121116C,NEW KAPPAEX1.0,CM2P9,2024-10-12 21:06:56,18.688,27.31,OK,22.36,22.12,OK,21.12,20.77,OK,22.66,22.36,OK,22.99,22.61,OK,21.98,21.89,OK,23.8,23.41,OK,21.89,21.35,OK,0,0,,0,0,,15.36,OK,15.36,OK,15.36,OK,15.36,OK,15.36,OK,15.36,OK,15.36,OK,0,,0,,15.36,OK,15.36,OK,15.36,OK,15.36,OK,15.36,OK,15.36,OK,15.36,OK,0,,0,,,,52.07,OK,,,,52.82,OK,,,,-292.48,OK,,,,-291.8,OK,,,,172.1,OK,,,,170.36,OK,,,,,,,,,,,,,,,,,
2410121106D,ATKINSON 3.8 OCV,DM2P5,2024-10-12 21:07:07,18.996,22.52,OK,28.19,28.16,OK,25.16,25.06,OK,25.31,25.18,OK,26.23,26.15,OK,26.98,26.93,OK,25.84,25.79,OK,26.73,26.69,OK,0,0,,0,0,,11.13,OK,10.81,OK,10.82,OK,10.84,OK,10.83,OK,10.81,OK,10.8,OK,0,,0,,10.29,OK,10.32,OK,10.36,OK,10.31,OK,10.37,OK,10.34,OK,10.16,OK,0,,0,,,,82.54,OK,,,,82.23,OK,,,,157.62,OK,,,,157.99,OK,,,,38.04,OK,,,,37.9,OK,,,,,,,,,,,,,,,,,
2410121117C,NEW KAPPAEX1.0,CM3P8,2024-10-12 21:07:44,18.695,26.83,OK,27.29,26.61,OK,25.07,24.69,OK,25.84,25.46,OK,25.91,25,OK,24.44,24.03,OK,24.66,24.08,OK,25.86,25,OK,0,0,,0,0,,0,OK,0,OK,0,OK,0,OK,0,OK,0,OK,0,OK,0,,0,,0,OK,0,OK,0,OK,0,OK,0,OK,0,OK,0,OK,0,,0,,,,51.39,OK,,,,52.09,OK,,,,-291.96,OK,,,,-291.66,OK,,,,171.84,OK,,,,171.53,OK,,,,,,,,,,,,,,,,,
2410121107D,ATKINSON 3.8 OCV,DM4P9,2024-10-12 21:08:02,18.998,22.9,OK,24.64,24.43,OK,23.73,23.73,OK,24.75,24.22,OK,25.19,25.05,OK,25.17,25.12,OK,25.96,25.89,OK,24.78,24.71,OK,0,0,,0,0,,11.95,OK,12.12,OK,12.23,OK,11.86,OK,11.94,OK,12.11,OK,12.12,OK,0,,0,,12.28,OK,12.44,OK,12.46,OK,12.43,OK,12.52,OK,12.45,OK,12.56,OK,0,,0,,,,82.14,OK,,,,82.41,OK,,,,157.72,OK,,,,158.06,OK,,,,37.95,OK,,,,37.52,OK,,,,,,,,,,,,,,,,,
2410121118C,NEW KAPPAEX1.0,CM5P3,2024-10-12 21:08:30,18.698,26.61,OK,22.89,22.75,OK,20.88,20.55,OK,22.58,22.24,OK,21.36,21.12,OK,21.81,21.48,OK,22.34,21.65,OK,20.76,20.48,OK,0,0,,0,0,,2.38,OK,2.42,OK,2.43,OK,2.41,OK,2.42,OK,2.42,OK,2.43,OK,0,,0,,2.56,OK,2.39,OK,2.46,OK,2.35,OK,2.4,OK,2.4,OK,2.37,OK,0,,0,,,,52.76,OK,,,,53.29,OK,,,,-291.85,OK,,,,-292.42,OK,,,,171.85,OK,,,,172.1,OK,,,,,,,,,,,,,,,,,
2410121091D,ATKINSON 3.8 OCV,DM5P9,2024-10-12 21:08:58,18.995,23.11,OK,24.2,23.97,OK,24.44,24.32,OK,23.53,23.14,OK,24.37,24.2,OK,24.99,24.92,OK,24.32,24.25,OK,24.23,24.16,OK,0,0,,0,0,,2.13,OK,2.64,OK,2.62,OK,2.67,OK,2.69,OK,2.66,OK,2.65,OK,0,,0,,0.81,OK,0.84,OK,0.84,OK,0.85,OK,0.85,OK,0.87,OK,0.85,OK,0,,0,,,,82.02,OK,,,,81.5,OK,,,,158.41,OK,,,,158.77,OK,,,,38.57,OK,,,,37.97,OK,,,,,,,,,,,,,,,,,
2410121119C,NEW KAPPAEX1.0,CM4P7,2024-10-12 21:09:19,18.692,26.93,OK,25.25,24.59,OK,22.91,22.65,OK,25.64,25.25,OK,23.79,23.42,OK,23.51,23.49,OK,23.57,22.89,OK,22.17,21.15,OK,0,0,,0,0,,0,OK,0,OK,0,OK,0,OK,0,OK,0,OK,0,OK,0,,0,,0,OK,0,OK,0,OK,0,OK,0,OK,0,OK,0,OK,0,,0,,,,53.47,OK,,,,52.87,OK,,,,-292.44,OK,,,,-292.34,OK,,,,173.37,OK,,,,173.28,OK,,,,,,,,,,,,,,,,,
2410121108D,ATKINSON 3.8 OCV,DM3P8,2024-10-12 21:09:50,18.998,22.01,OK,27.1,27,OK,26.12,26.07,OK,26.07,25.77,OK,24.08,24.08,OK,27.72,27.65,OK,27.07,27.05,OK,25.63,25.63,OK,0,0,,0,0,,11.37,OK,11.78,OK,11.45,OK,11.49,OK,11.57,OK,11.57,OK,11.63,OK,0,,0,,12.79,OK,12.78,OK,12.58,OK,12.59,OK,12.81,OK,12.83,OK,12.72,OK,0,,0,,,,81.69,OK,,,,82.28,OK,,,,157.77,OK,,,,158.1,OK,,,,36.82,OK,,,,37.18,OK,,,,,,,,,,,,,,,,,
2410121126C,NEW KAPPAEX1.0,CM2P8,2024-10-12 21:10:04,18.694,28.12,OK,22.8,22.68,OK,22.17,21.84,OK,23.57,23.2,OK,21.91,21.56,OK,21.4,21.31,OK,19.93,19.6,OK,22.01,21.66,OK,0,0,,0,0,,15.36,OK,15.36,OK,15.36,OK,15.36,OK,15.36,OK,15.36,OK,15.36,OK,0,,0,,15.36,OK,15.36,OK,15.36,OK,15.36,OK,15.36,OK,15.36,OK,15.36,OK,0,,0,,,,53.29,OK,,,,53.97,OK,,,,-291.86,OK,,,,-291.01,OK,,,,171.19,OK,,,,171.14,OK,,,,,,,,,,,,,,,,,
2410121109D,ATKINSON 3.8 OCV,DM1P4,2024-10-12 21:10:45,18.987,24.43,OK,26.45,26.14,OK,29.98,29.85,OK,25.46,24.94,OK,28.66,28.5,OK,26.27,26.2,OK,26.5,26.45,OK,26.18,26.11,OK,0,0,,0,0,,11.4,OK,11.43,OK,11.47,OK,11.56,OK,11.45,OK,11.49,OK,11.45,OK,0,,0,,10.08,OK,10.42,OK,10.28,OK,10.34,OK,10.23,OK,10.29,OK,10.29,OK,0,,0,,,,81.76,OK,,,,81.97,OK,,,,157.05,OK,,,,157.68,OK,,,,37.33,OK,,,,37.42,OK,,,,,,,,,,,,,,,,,
2410121127C,NEW KAPPAEX1.0,CM3P3,2024-10-12 21:10:53,18.699,27.56,OK,25.93,24.89,OK,25.84,25.34,OK,26.9,26.54,OK,25.61,24.94,OK,26.04,25.64,OK,25.66,24.71,OK,25.57,25,OK,0,0,,0,0,,0,OK,0,OK,0,OK,0,OK,0,OK,0,OK,0,OK,0,,0,,0,OK,0,OK,0,OK,0,OK,0,OK,0,OK,0,OK,0,,0,,,,52.94,OK,,,,51.88,OK,,,,-291.51,OK,,,,-291.83,OK,,,,171.67,OK,,,,172.59,OK,,,,,,,,,,,,,,,,,
2410121110D,ATKINSON 3.8 OCV,DM2P3,2024-10-12 21:11:40,18.988,25.02,OK,29.45,29.45,OK,26.83,26.78,OK,25.47,25.23,OK,28.12,28.04,OK,26.66,26.59,OK,26.66,26.64,OK,27.49,27.41,OK,0,0,,0,0,,10.82,OK,10.8,OK,10.78,OK,11.07,OK,10.75,OK,10.81,OK,10.8,OK,0,,0,,10.35,OK,10.32,OK,10.27,OK,10.4,OK,10.54,OK,10.32,OK,10.3,OK,0,,0,,,,82.71,OK,,,,82.77,OK,,,,157.55,OK,,,,157.83,OK,,,,37.47,OK,,,,37.51,OK,,,,,,,,,,,,,,,,,
2410121120C,NEW KAPPAEX1.0,CM1P2,2024-10-12 21:11:42,18.687,27.43,OK,23.69,23.46,OK,22.76,22.46,OK,23.13,22.92,OK,21.92,21.38,OK,22.15,21.99,OK,22.34,21.97,OK,22.83,22.67,OK,0,0,,0,0,,6.01,OK,6.63,OK,6.66,OK,6.56,OK,7.09,OK,6.83,OK,6.85,OK,0,,0,,6.08,OK,6.64,OK,6.84,OK,6.54,OK,6.63,OK,6.74,OK,6.85,OK,0,,0,,,,53.07,OK,,,,51.57,OK,,,,-293.06,OK,,,,-292.45,OK,,,,173.02,OK,,,,172.3,OK,,,,,,,,,,,,,,,,,
2410121121C,NEW KAPPAEX1.0,CM2P4,2024-10-12 21:12:31,18.687,27.43,OK,23.15,22.89,OK,22.45,22.24,OK,24.18,23.83,OK,23.22,22.8,OK,23.36,23.24,OK,20.89,20.56,OK,22.38,22.22,OK,0,0,,0,0,,15.36,OK,15.36,OK,15.36,OK,15.36,OK,15.36,OK,15.36,OK,15.36,OK,0,,0,,15.36,OK,15.36,OK,15.36,OK,15.36,OK,15.36,OK,15.36,OK,15.36,OK,0,,0,,,,52.66,OK,,,,52.26,OK,,,,-292.13,OK,,,,-291.48,OK,,,,170.39,OK,,,,172.58,OK,,,,,,,,,,,,,,,,,
2410121111D,ATKINSON 3.8 OCV,DM4P2,2024-10-12 21:12:36,18.992,22.98,OK,25.1,24.96,OK,24.8,24.75,OK,24.36,23.89,OK,26.1,26.1,OK,26.03,25.98,OK,25.56,25.52,OK,25.49,25.45,OK,0,0,,0,0,,11.72,OK,12.13,OK,12.27,OK,12.29,OK,12.29,OK,12.14,OK,12.19,OK,0,,0,,12.43,OK,12.43,OK,12.41,OK,12.51,OK,12.5,OK,11.77,OK,12.38,OK,0,,0,,,,82.35,OK,,,,82.63,OK,,,,157.48,OK,,,,157.54,OK,,,,37.47,OK,,,,37.05,OK,,,,,,,,,,,,,,,,,
2410121122C,NEW KAPPAEX1.0,CM3P1,2024-10-12 21:13:16,18.693,28.05,OK,26.63,25.93,OK,25.77,25.12,OK,26.2,25.91,OK,25.77,25.18,OK,26,25.66,OK,25.32,24.78,OK,24.87,24.19,OK,0,0,,0,0,,0,OK,0,OK,0,OK,0,OK,0,OK,0,OK,0,OK,0,,0,,0,OK,0,OK,0,OK,0,OK,0,OK,0,OK,0,OK,0,,0,,,,53.32,OK,,,,52.17,OK,,,,-292.67,OK,,,,-290.51,OK,,,,172.32,OK,,,,172.23,OK,,,,,,,,,,,,,,,,,
2410121113D,ATKINSON 3.8 OCV,DM3P7,2024-10-12 21:13:27,18.986,22.68,OK,27.33,27.3,OK,25.42,25.4,OK,25.82,25.38,OK,24.54,24.52,OK,26.54,26.42,OK,27.16,27.12,OK,25.56,25.49,OK,0,0,,0,0,,11.49,OK,11.59,OK,11.62,OK,11.46,OK,11.54,OK,11.52,OK,11.55,OK,0,,0,,12.8,OK,12.71,OK,12.75,OK,12.78,OK,12.77,OK,12.77,OK,12.76,OK,0,,0,,,,82.7,OK,,,,83.19,OK,,,,157.12,OK,,,,157.39,OK,,,,36.95,OK,,,,37.42,OK,,,,,,,,,,,,,,,,,
2410121123C,NEW KAPPAEX1.0,CM5P6,2024-10-12 21:14:05,18.695,27.76,OK,22.77,22.55,OK,21.93,21.67,OK,22.46,22.22,OK,20.83,20.67,OK,21.62,21.26,OK,22.46,21.93,OK,21.65,21.26,OK,0,0,,0,0,,2.39,OK,2.43,OK,2.39,OK,2.49,OK,2.43,OK,2.44,OK,2.45,OK,0,,0,,2.57,OK,2.36,OK,2.43,OK,2.42,OK,2.4,OK,2.44,OK,2.38,OK,0,,0,,,,53.97,OK,,,,52.39,OK,,,,-292.72,OK,,,,-292.59,OK,,,,172.11,OK,,,,173.49,OK,,,,,,,,,,,,,,,,,
2410121114D,ATKINSON 3.8 OCV,DM1P6,2024-10-12 21:14:23,18.984,23.96,OK,24.45,24.29,OK,27.1,27.1,OK,26.36,25.98,OK,26.05,25.98,OK,26.14,26.07,OK,25.91,25.82,OK,26.18,26.09,OK,0,0,,0,0,,11.35,OK,11.42,OK,11.35,OK,11.42,OK,11.5,OK,11.39,OK,11.42,OK,0,,0,,9.89,OK,10.15,OK,10.48,OK,10.4,OK,10.28,OK,10.22,OK,10.25,OK,0,,0,,,,83.42,OK,,,,83.42,OK,,,,157.08,OK,,,,157.2,OK,,,,36.93,OK,,,,37.09,OK,,,,,,,,,,,,,,,,,
2410121124C,NEW KAPPAEX1.0,CM4P5,2024-10-12 21:14:50,18.694,27.36,OK,24.37,23.93,OK,23.2,22.96,OK,24.15,23.84,OK,22.45,22.1,OK,23.93,23.84,OK,22.91,22.65,OK,21.97,21.53,OK,0,0,,0,0,,0,OK,0,OK,0,OK,0,OK,0,OK,0,OK,0,OK,0,,0,,0,OK,0,OK,0,OK,0,OK,0,OK,0,OK,0,OK,0,,0,,,,53.39,OK,,,,52.91,OK,,,,-293.09,OK,,,,-291.79,OK,,,,172.6,OK,,,,172.42,OK,,,,,,,,,,,,,,,,,
2410121115D,ATKINSON 3.8 OCV,DM2P5,2024-10-12 21:15:18,18.985,23.32,OK,27.92,27.87,OK,26.56,26.4,OK,25.91,25.74,OK,26.66,26.52,OK,27.03,27,OK,26.44,26.42,OK,24.72,24.63,OK,0,0,,0,0,,11.03,OK,10.87,OK,10.79,OK,10.8,OK,10.8,OK,10.81,OK,10.79,OK,0,,0,,10.35,OK,10.33,OK,10.33,OK,10.36,OK,10.32,OK,10.37,OK,10.31,OK,0,,0,,,,82.02,OK,,,,81.39,OK,,,,158.08,OK,,,,158.44,OK,,,,37.93,OK,,,,38.06,OK,,,,,,,,,,,,,,,,,
2410121125C,NEW KAPPAEX1.0,CM1P9,2024-10-12 21:15:39,18.688,27.8,OK,23.51,23.39,OK,22.57,21.87,OK,23.2,23.02,OK,21.29,20.82,OK,22.25,21.92,OK,22.53,21.99,OK,21.43,21.13,OK,0,0,,0,0,,5.7,OK,6.52,OK,6.9,OK,6.71,OK,6.85,OK,6.82,OK,6.8,OK,0,,0,,6.21,OK,7.01,OK,6.41,OK,6.63,OK,6.64,OK,6.8,OK,6.43,OK,0,,0,,,,53.83,OK,,,,52.2,OK,,,,-294.48,OK,,,,-293.17,OK,,,,171.54,OK,,,,171.51,OK,,,,,,,,,,,,,,,,,
2410121116D,ATKINSON 3.8 OCV,DM4P9,2024-10-12 21:16:10,18.986,23.52,OK,26,25.82,OK,25.03,24.96,OK,25.12,24.8,OK,26.56,26.47,OK,26.33,26.28,OK,25.54,25.52,OK,26.26,26.21,OK,0,0,,0,0,,12.07,OK,12.17,OK,12.33,OK,12.28,OK,12.27,OK,12.18,OK,12.14,OK,0,,0,,12.42,OK,12.45,OK,12.37,OK,11.8,OK,12.52,OK,12.58,OK,12.44,OK,0,,0,,,,82.28,OK,,,,82.19,OK,,,,157.75,OK,,,,157.99,OK,,,,37.74,OK,,,,37.09,OK,,,,,,,,,,,,,,,,,
2410121132C,NEW KAPPAEX1.0,CM3P6,2024-10-12 21:16:28,18.697,28.17,OK,27.56,26.95,OK,26.63,25.86,OK,26.34,25.91,OK,25.61,25.03,OK,25.5,25.07,OK,25.66,24.8,OK,25.73,24.98,OK,0,0,,0,0,,0,OK,0,OK,0,OK,0,OK,0,OK,0,OK,0,OK,0,,0,,0,OK,0,OK,0,OK,0,OK,0,OK,0,OK,0,OK,0,,0,,,,52.28,OK,,,,54.2,OK,,,,-292.71,OK,,,,-290.84,OK,,,,170.2,OK,,,,171.89,OK,,,,,,,,,,,,,,,,,
2410121112D,ATKINSON 3.8 OCV,DM5P1,2024-10-12 21:17:05,18.989,24.06,OK,23.58,23.48,OK,26.27,26.22,OK,24.06,23.79,OK,24.55,24.37,OK,24.37,24.3,OK,24.41,24.3,OK,23.65,23.44,OK,0,0,,0,0,,2.09,OK,2.62,OK,2.67,OK,2.6,OK,2.6,OK,2.72,OK,2.66,OK,0,,0,,0.81,OK,0.8,OK,0.8,OK,0.8,OK,0.82,OK,0.82,OK,0.8,OK,0,,0,,,,81.98,OK,,,,81.66,OK,,,,157.9,OK,,,,158.75,OK,,,,37.63,OK,,,,37.83,OK,,,,,,,,,,,,,,,,,
2410121128C,NEW KAPPAEX1.0,CM5P7,2024-10-12 21:17:13,18.696,29.01,OK,24.11,23.89,OK,21.05,20.79,OK,21.48,21.19,OK,21.41,21.36,OK,21.58,21.43,OK,22.12,21.91,OK,21.17,20.95,OK,0,0,,0,0,,2.39,OK,2.44,OK,2.42,OK,2.42,OK,2.45,OK,2.45,OK,2.46,OK,0,,0,,2.73,OK,2.37,OK,2.39,OK,2.41,OK,2.46,OK,2.48,OK,2.4,OK,0,,0,,,,53.91,OK,,,,53.42,OK,,,,-292.2,OK,,,,-292.32,OK,,,,172.52,OK,,,,172.05,OK,,,,,,,,,,,,,,,,,
2410121118D,ATKINSON 3.8 OCV,DM1P3,2024-10-12 21:17:57,18.995,22.91,OK,26.52,26.29,OK,27.26,27.15,OK,24.47,23.91,OK,26.81,26.47,OK,26.45,26.43,OK,25.64,25.53,OK,24.88,24.88,OK,0,0,,0,0,,11.42,OK,11.36,OK,11.41,OK,11.5,OK,11.39,OK,11.53,OK,11.6,OK,0,,0,,9.95,OK,10.22,OK,10.27,OK,10.31,OK,10.14,OK,10.21,OK,9.93,OK,0,,0,,,,82.82,OK,,,,82.48,OK,,,,157.32,OK,,,,157.49,OK,,,,36.92,OK,,,,37.38,OK,,,,,,,,,,,,,,,,,
2410121129C,NEW KAPPAEX1.0,CM4P2,2024-10-12 21:17:59,18.688,28.02,OK,26.87,26.28,OK,24.26,24.04,OK,24.28,23.79,OK,22.83,22.43,OK,23.11,23.02,OK,23.4,22.61,OK,22.28,21.77,OK,0,0,,0,0,,0,OK,0,OK,0,OK,0,OK,0,OK,0,OK,0,OK,0,,0,,0,OK,0,OK,0,OK,0,OK,0,OK,0,OK,0,OK,0,,0,,,,54.54,OK,,,,53.55,OK,,,,-293.07,OK,,,,-292.5,OK,,,,172.35,OK,,,,172.74,OK,,,,,,,,,,,,,,,,,
2410121130C,NEW KAPPAEX1.0,CM1P4,2024-10-12 21:18:48,18.684,27.97,OK,22.9,22.76,OK,22.67,22.27,OK,23.62,23.55,OK,21.45,21.03,OK,21.71,21.62,OK,22.18,21.92,OK,23.11,22.92,OK,0,0,,0,0,,5.87,OK,6.78,OK,6.8,OK,6.63,OK,6.79,OK,6.98,OK,7.09,OK,0,,0,,6.17,OK,6.61,OK,6.65,OK,6.8,OK,6.97,OK,6.81,OK,6.5,OK,0,,0,,,,53.25,OK,,,,51.42,OK,,,,-291.97,OK,,,,-292.11,OK,,,,172.18,OK,,,,172.39,OK,,,,,,,,,,,,,,,,,
2410121119D,ATKINSON 3.8 OCV,DM2P2,2024-10-12 21:18:49,18.998,22.47,OK,28.24,28.14,OK,25.06,24.97,OK,23.54,23.34,OK,28.14,28.09,OK,28.24,28.21,OK,25.86,25.79,OK,25.11,25.06,OK,0,0,,0,0,,10.8,OK,10.7,OK,11.25,OK,11.12,OK,10.74,OK,10.8,OK,10.8,OK,0,,0,,10.27,OK,10.31,OK,10.21,OK,10.36,OK,10.36,OK,10.29,OK,10.33,OK,0,,0,,,,81.51,OK,,,,82.2,OK,,,,157.7,OK,,,,158.14,OK,,,,37.87,OK,,,,37.75,OK,,,,,,,,,,,,,,,,,
2410121131C,NEW KAPPAEX1.0,CM2P1,2024-10-12 21:19:33,18.695,28.23,OK,25.58,25.44,OK,23.03,22.64,OK,24.41,24.15,OK,23.45,23.27,OK,23.17,23.13,OK,22.73,22.38,OK,23.41,23.01,OK,0,0,,0,0,,15.36,OK,15.36,OK,15.36,OK,15.36,OK,15.36,OK,15.36,OK,15.36,OK,0,,0,,15.36,OK,15.36,OK,15.36,OK,15.36,OK,15.36,OK,15.36,OK,15.36,OK,0,,0,,,,52.98,OK,,,,53.06,OK,,,,-292.63,OK,,,,-291.98,OK,,,,172.3,OK,,,,170.95,OK,,,,,,,,,,,,,,,,,
2410121117D,ATKINSON 3.8 OCV,DM3P4,2024-10-12 21:19:48,18.995,22.23,OK,26.26,26.17,OK,26.82,26.75,OK,25.31,24.94,OK,24.4,24.36,OK,26.54,26.45,OK,26.61,26.52,OK,27.56,27.4,OK,0,0,,0,0,,11.42,OK,11.58,OK,11.56,OK,11.44,OK,11.44,OK,11.51,OK,11.37,OK,0,,0,,12.76,OK,12.71,OK,12.89,OK,12.9,OK,12.83,OK,12.79,OK,12.9,OK,0,,0,,,,81.73,OK,,,,82.03,OK,,,,157.68,OK,,,,157.84,OK,,,,37.58,OK,,,,37.68,OK,,,,,,,,,,,,,,,,,
2410121133C,NEW KAPPAEX1.0,CM5P5,2024-10-12 21:20:22,18.697,28.17,OK,23.51,23.37,OK,20.45,20.19,OK,22.77,22.36,OK,19.19,19.14,OK,22.01,21.77,OK,22.67,22.27,OK,21.93,21.58,OK,0,0,,0,0,,2.4,OK,2.42,OK,2.42,OK,2.41,OK,2.43,OK,2.45,OK,2.45,OK,0,,0,,2.5,OK,2.3,OK,2.38,OK,2.39,OK,2.55,OK,2.41,OK,2.32,OK,0,,0,,,,53.26,OK,,,,52.97,OK,,,,-292.41,OK,,,,-292.53,OK,,,,172.98,OK,,,,172.48,OK,,,,,,,,,,,,,,,,,
2410121120D,ATKINSON 3.8 OCV,DM4P1,2024-10-12 21:20:40,18.986,22.16,OK,23.59,23.48,OK,24.2,24.1,OK,25.66,25.15,OK,25.73,25.52,OK,25.38,25.24,OK,25.56,25.47,OK,25.12,25.03,OK,0,0,,0,0,,11.93,OK,11.97,OK,12.29,OK,12.3,OK,12.3,OK,12.29,OK,12.3,OK,0,,0,,12.39,OK,12.44,OK,12.39,OK,12.43,OK,12.46,OK,12.39,OK,12.41,OK,0,,0,,,,81.53,OK,,,,81.82,OK,,,,157.83,OK,,,,158.2,OK,,,,37.51,OK,,,,37.64,OK,,,,,,,,,,,,,,,,,
2410121134C,NEW KAPPAEX1.0,CM4P9,2024-10-12 21:21:07,18.693,26.9,OK,25.27,24.83,OK,23,22.32,OK,25,24.52,OK,23.27,22.78,OK,23.84,23.77,OK,24.06,23.33,OK,23.97,22.98,OK,0,0,,0,0,,0,OK,0,OK,0,OK,0,OK,0,OK,0,OK,0,OK,0,,0,,0,OK,0,OK,0,OK,0,OK,0,OK,0,OK,0,OK,0,,0,,,,53.56,OK,,,,53.26,OK,,,,-293.39,OK,,,,-292.19,OK,,,,172.27,OK,,,,171.93,OK,,,,,,,,,,,,,,,,,
2410121122D,ATKINSON 3.8 OCV,DM1P6,2024-10-12 21:21:32,18.983,23.78,OK,25.6,24.99,OK,26.81,26.79,OK,25.75,25.51,OK,26.77,26.63,OK,25.87,25.66,OK,26.41,26.32,OK,25.8,25.73,OK,0,0,,0,0,,11.58,OK,11.35,OK,11.34,OK,11.36,OK,11.46,OK,11.46,OK,11.43,OK,0,,0,,9.92,OK,10.17,OK,10.34,OK,10.33,OK,10.29,OK,10.22,OK,10.28,OK,0,,0,,,,82.94,OK,,,,82.86,OK,,,,156.78,OK,,,,156.44,OK,,,,37.33,OK,,,,37.54,OK,,,,,,,,,,,,,,,,,
2410121135C,NEW KAPPAEX1.0,CM1P8,2024-10-12 21:21:56,18.699,27.22,OK,22.11,22.06,OK,22.36,22.01,OK,23.67,23.44,OK,21.87,21.48,OK,22.57,22.48,OK,22.27,21.97,OK,22.41,22.11,OK,0,0,,0,0,,5.97,OK,6.67,OK,6.53,OK,6.62,OK,7.03,OK,6.9,OK,6.82,OK,0,,0,,6.35,OK,6.66,OK,7.02,OK,6.6,OK,6.64,OK,6.78,OK,7.22,OK,0,,0,,,,53.1,OK,,,,52.39,OK,,,,-292.79,OK,,,,-293.8,OK,,,,172.55,OK,,,,172.89,OK,,,,,,,,,,,,,,,,,
2410121123D,ATKINSON 3.8 OCV,DM2P5,2024-10-12 21:22:27,18.987,22.88,OK,28.04,28.02,OK,26.86,26.81,OK,24.7,24.43,OK,27.53,27.46,OK,27.22,27.15,OK,26.93,26.9,OK,26.37,26.32,OK,0,0,,0,0,,10.98,OK,10.94,OK,10.76,OK,10.78,OK,10.81,OK,10.8,OK,10.8,OK,0,,0,,10.34,OK,10.35,OK,10.3,OK,10.32,OK,10.46,OK,10.33,OK,10.33,OK,0,,0,,,,81.8,OK,,,,81.81,OK,,,,158.23,OK,,,,158.19,OK,,,,38.21,OK,,,,38.1,OK,,,,,,,,,,,,,,,,,
2410121136C,NEW KAPPAEX1.0,CM2P3,2024-10-12 21:22:45,18.692,27.25,OK,24.71,24.43,OK,23.15,22.89,OK,25.18,24.81,OK,22.66,22.5,OK,22.73,22.66,OK,22.29,21.87,OK,23.48,23.17,OK,0,0,,0,0,,15.36,OK,15.36,OK,15.36,OK,15.36,OK,15.36,OK,15.36,OK,15.36,OK,0,,0,,15.36,OK,15.36,OK,15.36,OK,15.36,OK,15.36,OK,15.36,OK,15.36,OK,0,,0,,,,53.07,OK,,,,52.31,OK,,,,-292.77,OK,,,,-291.69,OK,,,,171.56,OK,,,,170.5,OK,,,,,,,,,,,,,,,,,
2410121124D,ATKINSON 3.8 OCV,DM3P7,2024-10-12 21:23:19,18.989,23.48,OK,27.84,27.72,OK,27.37,27.28,OK,27.44,26.98,OK,26.56,26.52,OK,27.93,27.91,OK,29.25,29.21,OK,27.68,27.63,OK,0,0,,0,0,,11.51,OK,11.49,OK,11.52,OK,11.6,OK,11.48,OK,11.64,OK,11.47,OK,0,,0,,12.82,OK,12.8,OK,12.9,OK,12.94,OK,12.75,OK,12.89,OK,12.9,OK,0,,0,,,,82.13,OK,,,,82.75,OK,,,,157.43,OK,,,,157.84,OK,,,,37.05,OK,,,,37.39,OK,,,,,,,,,,,,,,,,,
2410121137C,NEW KAPPAEX1.0,CM3P7,2024-10-12 21:23:33,18.692,27.25,OK,25.89,25.46,OK,26.18,25.61,OK,26.77,26.43,OK,25.39,24.82,OK,25.73,25.25,OK,25.39,24.57,OK,25.21,24.32,OK,0,0,,0,0,,0,OK,0,OK,0,OK,0,OK,0,OK,0,OK,0,OK,0,,0,,0,OK,0,OK,0,OK,0,OK,0,OK,0,OK,0,OK,0,,0,,,,52.62,OK,,,,52.69,OK,,,,-291.67,OK,,,,-291.1,OK,,,,170.97,OK,,,,171.07,OK,,,,,,,,,,,,,,,,,
2410121125D,ATKINSON 3.8 OCV,DM4P9,2024-10-12 21:24:14,18.998,23.47,OK,26.1,26,OK,25.08,25.01,OK,25.42,25.12,OK,25.73,25.68,OK,25.77,25.66,OK,25.29,25.24,OK,25.36,25.26,OK,0,0,,0,0,,12.12,OK,12.1,OK,12.29,OK,12.33,OK,12.14,OK,12.13,OK,12.35,OK,0,,0,,12.64,OK,12.67,OK,12.26,OK,12.61,OK,12.53,OK,12.42,OK,12.46,OK,0,,0,,,,81.61,OK,,,,81.74,OK,,,,158.1,OK,,,,158.4,OK,,,,38.04,OK,,,,37.59,OK,,,,,,,,,,,,,,,,,
2410121138C,NEW KAPPAEX1.0,CM5P2,2024-10-12 21:24:22,18.686,27.51,OK,24.78,24.75,OK,21.91,21.55,OK,23.63,23.22,OK,21.36,21.22,OK,21.96,21.77,OK,22.94,22.53,OK,21.07,20.72,OK,0,0,,0,0,,2.42,OK,2.42,OK,2.41,OK,2.43,OK,2.43,OK,2.46,OK,2.44,OK,0,,0,,2.55,OK,2.33,OK,2.43,OK,2.45,OK,2.46,OK,2.44,OK,2.3,OK,0,,0,,,,54.05,OK,,,,52.75,OK,,,,-291.97,OK,,,,-292.09,OK,,,,171.95,OK,,,,171.2,OK,,,,,,,,,,,,,,,,,
2410121139C,NEW KAPPAEX1.0,CM4P4,2024-10-12 21:25:08,18.684,27.23,OK,27.25,26.76,OK,24.17,23.68,OK,24.54,24.04,OK,23.11,22.96,OK,25,24.94,OK,23.24,22.47,OK,23,22.63,OK,0,0,,0,0,,0,OK,0,OK,0,OK,0,OK,0,OK,0,OK,0,OK,0,,0,,0,OK,0,OK,0,OK,0,OK,0,OK,0,OK,0,OK,0,,0,,,,52.91,OK,,,,52.9,OK,,,,-292.71,OK,,,,-292.5,OK,,,,172.35,OK,,,,172.92,OK,,,,,,,,,,,,,,,,,
2410121126D,ATKINSON 3.8 OCV,DM1P3,2024-10-12 21:25:09,18.991,22.72,OK,25.75,25.64,OK,28,27.89,OK,26.34,25.69,OK,28.27,28.21,OK,25.84,25.8,OK,26.59,26.52,OK,27.76,27.71,OK,0,0,,0,0,,11.4,OK,11.39,OK,11.72,OK,11.38,OK,11.45,OK,11.53,OK,11.76,OK,0,,0,,10.03,OK,10.4,OK,10.38,OK,10.34,OK,10.24,OK,10.16,OK,10.36,OK,0,,0,,,,82.69,OK,,,,82.33,OK,,,,157.56,OK,,,,158.08,OK,,,,37.51,OK,,,,37.68,OK,,,,,,,,,,,,,,,,,
2410121140C,NEW KAPPAEX1.0,CM1P1,2024-10-12 21:25:57,18.686,27.72,OK,24.88,24.77,OK,23.39,22.85,OK,24.79,24.67,OK,22.74,22.18,OK,22.34,22.25,OK,22.69,22.06,OK,23.25,22.92,OK,0,0,,0,0,,6.01,OK,6.7,OK,6.75,OK,6.65,OK,6.82,OK,7.13,OK,7.02,OK,0,,0,,6.04,OK,6.76,OK,7.11,OK,7.11,OK,6.64,OK,6.62,OK,6.45,OK,0,,0,,,,52.51,OK,,,,52.47,OK,,,,-293.02,OK,,,,-293.48,OK,,,,171.61,OK,,,,171.77,OK,,,,,,,,,,,,,,,,,
2410121127D,ATKINSON 3.8 OCV,DM2P2,2024-10-12 21:26:01,18.996,23.71,OK,27.85,27.8,OK,26.78,26.69,OK,24.34,24.14,OK,26.83,26.73,OK,27.49,27.46,OK,25.94,25.84,OK,25.45,25.35,OK,0,0,,0,0,,10.79,OK,10.76,OK,10.92,OK,10.98,OK,10.8,OK,10.79,OK,10.8,OK,0,,0,,10.31,OK,10.32,OK,10.33,OK,10.23,OK,10.34,OK,10.28,OK,10.18,OK,0,,0,,,,82.08,OK,,,,82.47,OK,,,,157.52,OK,,,,157.98,OK,,,,37.93,OK,,,,37.58,OK,,,,,,,,,,,,,,,,,
2410121141C,NEW KAPPAEX1.0,CM2P6,2024-10-12 21:26:42,18.683,28.88,OK,23.94,23.8,OK,22.38,22.05,OK,23.48,23.24,OK,23.22,23.01,OK,21.26,21,OK,21.87,21.56,OK,21.03,20.84,OK,0,0,,0,0,,15.36,OK,15.36,OK,15.36,OK,15.36,OK,15.36,OK,15.36,OK,15.36,OK,0,,0,,15.36,OK,15.36,OK,15.36,OK,15.36,OK,15.36,OK,15.36,OK,15.36,OK,0,,0,,,,53.15,OK,,,,53.44,OK,,,,-292.36,OK,,,,-291.17,OK,,,,172.48,OK,,,,172.59,OK,,,,,,,,,,,,,,,,,
2410121121D,ATKINSON 3.8 OCV,DM5P8,2024-10-12 21:26:57,18.985,22.01,OK,23.11,22.95,OK,23.58,23.55,OK,23.07,22.72,OK,22.81,22.74,OK,23.39,23.25,OK,23.65,23.51,OK,22.65,22.6,OK,0,0,,0,0,,2.1,OK,2.62,OK,2.59,OK,2.64,OK,2.66,OK,2.64,OK,2.63,OK,0,,0,,0.74,OK,0.79,OK,0.79,OK,0.78,OK,0.78,OK,0.79,OK,0.78,OK,0,,0,,,,81.26,OK,,,,82.14,OK,,,,158.29,OK,,,,158.82,OK,,,,37.81,OK,,,,38.07,OK,,,,,,,,,,,,,,,,,
2410121142C,NEW KAPPAEX1.0,CM3P5,2024-10-12 21:27:28,18.693,27.4,OK,27.11,26.66,OK,25.77,25.18,OK,28.38,27.92,OK,26.5,25.84,OK,25.91,25.48,OK,26.14,25.25,OK,26.29,25.77,OK,0,0,,0,0,,0,OK,0,OK,0,OK,0,OK,0,OK,0,OK,0,OK,0,,0,,0,OK,0,OK,0,OK,0,OK,0,OK,0,OK,0,OK,0,,0,,,,52.52,OK,,,,52.81,OK,,,,-292.27,OK,,,,-291.66,OK,,,,172.26,OK,,,,171.72,OK,,,,,,,,,,,,,,,,,
2410121128D,ATKINSON 3.8 OCV,DM3P1,2024-10-12 21:27:52,18.985,23.91,OK,27.33,27.28,OK,26.82,26.75,OK,25.89,25.47,OK,25.7,25.7,OK,27.56,27.44,OK,27.56,27.47,OK,26.38,26.35,OK,0,0,,0,0,,11.32,OK,11.53,OK,11.32,OK,11.54,OK,11.6,OK,11.62,OK,11.65,OK,0,,0,,12.78,OK,12.8,OK,12.85,OK,12.73,OK,12.86,OK,12.61,OK,12.59,OK,0,,0,,,,82.21,OK,,,,82.64,OK,,,,157.43,OK,,,,157.98,OK,,,,37.05,OK,,,,37.43,OK,,,,,,,,,,,,,,,,,
2410121144C,NEW KAPPAEX1.0,CM4P8,2024-10-12 21:28:16,18.691,27.23,OK,27.82,27.49,OK,25.16,24.34,OK,25.29,24.7,OK,23.35,22.94,OK,25.25,25.14,OK,22.8,22.3,OK,23,22.28,OK,0,0,,0,0,,0,OK,0,OK,0,OK,0,OK,0,OK,0,OK,0,OK,0,,0,,0,OK,0,OK,0,OK,0,OK,0,OK,0,OK,0,OK,0,,0,,,,53.65,OK,,,,52.94,OK,,,,-292.06,OK,,,,-292.06,OK,,,,170.9,OK,,,,172.88,OK,,,,,,,,,,,,,,,,,
2410121130D,ATKINSON 3.8 OCV,DM1P6,2024-10-12 21:28:47,18.991,23.83,OK,24.72,24.47,OK,28.12,28.07,OK,25.12,24.63,OK,27.73,27.69,OK,27.98,27.87,OK,26.09,25.98,OK,26.36,26.11,OK,0,0,,0,0,,11.32,OK,11.45,OK,11.42,OK,11.53,OK,11.48,OK,11.59,OK,11.48,OK,0,,0,,10.03,OK,10.32,OK,10.38,OK,10.36,OK,10.35,OK,10.22,OK,10.15,OK,0,,0,,,,82.8,OK,,,,82.6,OK,,,,157.55,OK,,,,157.29,OK,,,,37.49,OK,,,,37.9,OK,,,,,,,,,,,,,,,,,
2410121145C,NEW KAPPAEX1.0,CM1P3,2024-10-12 21:29:02,18.692,27.45,OK,24.93,24.79,OK,23.55,23.18,OK,24.91,24.7,OK,22.27,21.85,OK,23.2,23.06,OK,23.16,22.67,OK,23.37,23.13,OK,0,0,,0,0,,5.8,OK,6.69,OK,6.72,OK,6.68,OK,7.42,OK,7,OK,6.87,OK,0,,0,,6.22,OK,6.5,OK,6.74,OK,7.04,OK,6.63,OK,6.58,OK,6.58,OK,0,,0,,,,53.31,OK,,,,54.41,OK,,,,-292.96,OK,,,,-292.73,OK,,,,172.29,OK,,,,171.42,OK,,,,,,,,,,,,,,,,,
2410121131D,ATKINSON 3.8 OCV,DM2P5,2024-10-12 21:29:39,18.993,23.16,OK,30.46,30.42,OK,24.17,24.14,OK,24.48,24.31,OK,26.81,26.76,OK,26.78,26.73,OK,26.83,26.76,OK,25.43,25.35,OK,0,0,,0,0,,10.81,OK,10.71,OK,11.24,OK,10.87,OK,10.9,OK,10.79,OK,10.8,OK,0,,0,,10.31,OK,10.45,OK,10.3,OK,10.36,OK,10.22,OK,10.27,OK,10.24,OK,0,,0,,,,81.8,OK,,,,81.7,OK,,,,158.06,OK,,,,158.44,OK,,,,37.99,OK,,,,38.24,OK,,,,,,,,,,,,,,,,,
2410121146C,NEW KAPPAEX1.0,CM2P7,2024-10-12 21:29:51,18.692,27.68,OK,23.73,23.5,OK,23.71,23.5,OK,24.34,24.15,OK,21.75,21.47,OK,22.64,22.45,OK,21.56,21.26,OK,23.22,22.99,OK,0,0,,0,0,,15.36,OK,15.36,OK,15.36,OK,15.36,OK,15.36,OK,15.36,OK,15.36,OK,0,,0,,15.36,OK,15.36,OK,15.36,OK,15.36,OK,15.36,OK,15.36,OK,15.36,OK,0,,0,,,,53.86,OK,,,,53.51,OK,,,,-292.26,OK,,,,-292.44,OK,,,,172.03,OK,,,,171.37,OK,,,,,,,,,,,,,,,,,
2410121133D,ATKINSON 3.8 OCV,DM3P7,2024-10-12 21:30:34,18.99,23.88,OK,27.61,27.51,OK,27.19,27.12,OK,27.63,27.21,OK,26.93,26.84,OK,26.75,26.72,OK,27.33,27.3,OK,26.61,26.47,OK,0,0,,0,0,,11.45,OK,11.5,OK,11.51,OK,11.49,OK,11.54,OK,11.55,OK,11.52,OK,0,,0,,12.84,OK,12.78,OK,12.83,OK,12.78,OK,12.79,OK,12.78,OK,12.8,OK,0,,0,,,,82.45,OK,,,,82.72,OK,,,,157.29,OK,,,,157.82,OK,,,,37.4,OK,,,,37.75,OK,,,,,,,,,,,,,,,,,
2410121147C,NEW KAPPAEX1.0,CM3P2,2024-10-12 21:30:39,18.698,27.88,OK,29.28,28.53,OK,26.14,25.43,OK,26.5,25.93,OK,26.32,25.61,OK,24.96,24.62,OK,25.86,25.12,OK,25.71,24.66,OK,0,0,,0,0,,0,OK,0,OK,0,OK,0,OK,0,OK,0,OK,0,OK,0,,0,,0,OK,0,OK,0,OK,0,OK,0,OK,0,OK,0,OK,0,,0,,,,53.34,OK,,,,53.86,OK,,,,-291.86,OK,,,,-293.46,OK,,,,171.66,OK,,,,169.82,OK,,,,,,,,,,,,,,,,,
2410121148C,NEW KAPPAEX1.0,CM4P4,2024-10-12 21:31:25,18.692,27.03,OK,25.88,25.36,OK,22.65,22.41,OK,24.39,23.88,OK,22.32,21.95,OK,22.89,22.72,OK,21.73,20.96,OK,23.02,22.61,OK,0,0,,0,0,,0,OK,0,OK,0,OK,0,OK,0,OK,0,OK,0,OK,0,,0,,0,OK,0,OK,0,OK,0,OK,0,OK,0,OK,0,OK,0,,0,,,,53.6,OK,,,,52.22,OK,,,,-293.19,OK,,,,-292.59,OK,,,,170.6,OK,,,,173,OK,,,,,,,,,,,,,,,,,
2410121134D,ATKINSON 3.8 OCV,DM1P3,2024-10-12 21:31:30,18.985,24.52,OK,26.72,26.47,OK,27.62,27.51,OK,26,25.71,OK,27.08,26.92,OK,27.4,27.37,OK,26.45,26.36,OK,27.37,27.24,OK,0,0,,0,0,,11.43,OK,11.41,OK,11.42,OK,11.48,OK,11.63,OK,11.49,OK,11.6,OK,0,,0,,9.91,OK,10.31,OK,10.31,OK,10.29,OK,10.07,OK,9.96,OK,10.22,OK,0,,0,,,,82.5,OK,,,,82.07,OK,,,,157.53,OK,,,,157.98,OK,,,,37.43,OK,,,,37.83,OK,,,,,,,,,,,,,,,,,
2410121149C,NEW KAPPAEX1.0,CM1P1,2024-10-12 21:32:14,18.697,27.56,OK,23.32,23.2,OK,21.01,20.45,OK,22.88,22.71,OK,21.29,20.68,OK,22.13,21.94,OK,22.55,22.27,OK,22.25,21.78,OK,0,0,,0,0,,6.06,OK,6.54,OK,6.57,OK,6.6,OK,7.37,OK,6.99,OK,6.75,OK,0,,0,,6.05,OK,6.27,OK,6.65,OK,6.76,OK,6.55,OK,6.47,OK,6.57,OK,0,,0,,,,54.46,OK,,,,52.53,OK,,,,-292.87,OK,,,,-293.49,OK,,,,173.19,OK,,,,172.39,OK,,,,,,,,,,,,,,,,,
2410121129D,ATKINSON 3.8 OCV,DM4P8,2024-10-12 21:32:25,18.996,24.48,OK,27.68,27.54,OK,25.52,25.42,OK,26.1,25.68,OK,26.79,26.75,OK,26.63,26.61,OK,25.91,25.82,OK,24.64,24.47,OK,0,0,,0,0,,11.95,OK,12.13,OK,12.29,OK,12.16,OK,12.31,OK,12.14,OK,12.41,OK,0,,0,,12.49,OK,12.46,OK,12.47,OK,12.47,OK,12.46,OK,12.48,OK,12.47,OK,0,,0,,,,81.56,OK,,,,81.79,OK,,,,158.24,OK,,,,158.3,OK,,,,37.56,OK,,,,37.67,OK,,,,,,,,,,,,,,,,,
2410121150C,NEW KAPPAEX1.0,CM2P6,2024-10-12 21:33:02,18.697,27.5,OK,24.01,23.83,OK,22.31,21.87,OK,23.45,23.22,OK,21.61,21.28,OK,21.98,21.91,OK,21.8,21.35,OK,21.96,21.66,OK,0,0,,0,0,,15.36,OK,15.36,OK,15.36,OK,15.36,OK,15.36,OK,15.36,OK,15.36,OK,0,,0,,15.36,OK,15.36,OK,15.36,OK,15.36,OK,15.36,OK,15.36,OK,15.36,OK,0,,0,,,,54.02,OK,,,,53.36,OK,,,,-292.17,OK,,,,-291.18,OK,,,,172.64,OK,,,,172.66,OK,,,,,,,,,,,,,,,,,
2410121135D,ATKINSON 3.8 OCV,DM2P2,2024-10-12 21:33:17,18.987,21.3,OK,26.1,26.03,OK,24.75,24.63,OK,24.26,24.17,OK,26.93,26.86,OK,26.52,26.49,OK,25.79,25.72,OK,23.71,23.66,OK,0,0,,0,0,,10.83,OK,10.79,OK,11.12,OK,10.85,OK,10.82,OK,10.99,OK,10.76,OK,0,,0,,10.36,OK,10.24,OK,10.28,OK,10.37,OK,10.26,OK,10.04,OK,10.26,OK,0,,0,,,,81.52,OK,,,,82.4,OK,,,,157.95,OK,,,,158.41,OK,,,,38.03,OK,,,,37.8,OK,,,,,,,,,,,,,,,,,
2410121151C,NEW KAPPAEX1.0,CM3P5,2024-10-12 21:33:48,18.691,27.7,OK,26.88,25.91,OK,26.86,26.2,OK,26.47,26.14,OK,25.75,24.91,OK,25.37,24.98,OK,25.16,24.69,OK,24.51,24.01,OK,0,0,,0,0,,0,OK,0,OK,0,OK,0,OK,0,OK,0,OK,0,OK,0,,0,,0,OK,0,OK,0,OK,0,OK,0,OK,0,OK,0,OK,0,,0,,,,53.38,OK,,,,52.22,OK,,,,-291.92,OK,,,,-291.35,OK,,,,171.29,OK,,,,170.77,OK,,,,,,,,,,,,,,,,,
2410121136D,ATKINSON 3.8 OCV,DM3P8,2024-10-12 21:34:12,18.993,24.47,OK,27.28,27.16,OK,26.7,26.63,OK,26.38,26.21,OK,26.72,26.7,OK,27.68,27.58,OK,28.6,28.6,OK,26.89,26.77,OK,0,0,,0,0,,11.29,OK,11.47,OK,11.47,OK,11.47,OK,11.3,OK,11.71,OK,11.46,OK,0,,0,,12.77,OK,12.78,OK,12.78,OK,12.78,OK,12.83,OK,12.99,OK,12.8,OK,0,,0,,,,81.95,OK,,,,82.02,OK,,,,157.73,OK,,,,158.23,OK,,,,37.17,OK,,,,37.24,OK,,,,,,,,,,,,,,,,,
2410121153C,NEW KAPPAEX1.0,CM1P3,2024-10-12 21:34:37,18.696,27.7,OK,26.84,26.59,OK,22.62,22.04,OK,23.93,23.67,OK,22.6,22.01,OK,22.85,22.71,OK,23.58,23.48,OK,22.11,21.94,OK,0,0,,0,0,,6.22,OK,6.56,OK,6.48,OK,6.56,OK,7.19,OK,6.86,OK,6.79,OK,0,,0,,6.18,OK,6.28,OK,6.56,OK,7.24,OK,6.37,OK,6.52,OK,6.31,OK,0,,0,,,,53.5,OK,,,,53.87,OK,,,,-293.48,OK,,,,-293.15,OK,,,,173.07,OK,,,,171.95,OK,,,,,,,,,,,,,,,,,
2410121132D,ATKINSON 3.8 OCV,DM5P4,2024-10-12 21:35:04,18.989,24.58,OK,24.9,24.83,OK,26.11,26.01,OK,25.2,24.85,OK,25.78,25.57,OK,26.87,26.8,OK,25.43,25.32,OK,25.48,25.25,OK,0,0,,0,0,,2.1,OK,2.7,OK,2.68,OK,2.68,OK,2.77,OK,2.71,OK,2.67,OK,0,,0,,0.8,OK,0.81,OK,0.8,OK,0.83,OK,0.84,OK,0.85,OK,0.84,OK,0,,0,,,,81.81,OK,,,,82.75,OK,,,,158.15,OK,,,,158.6,OK,,,,37.9,OK,,,,38.02,OK,,,,,,,,,,,,,,,,,
2410121154C,NEW KAPPAEX1.0,CM2P7,2024-10-12 21:35:22,18.694,28.03,OK,22.29,22.17,OK,22.59,22.17,OK,23.78,23.41,OK,22.87,22.64,OK,22.43,22.38,OK,21.63,21.31,OK,21.91,21.47,OK,0,0,,0,0,,15.36,OK,15.36,OK,15.36,OK,15.36,OK,15.36,OK,15.36,OK,15.36,OK,0,,0,,15.36,OK,15.36,OK,15.36,OK,15.36,OK,15.36,OK,15.36,OK,15.36,OK,0,,0,,,,54.05,OK,,,,53.58,OK,,,,-291.97,OK,,,,-292.63,OK,,,,170.41,OK,,,,173.11,OK,,,,,,,,,,,,,,,,,
2410121137D,ATKINSON 3.8 OCV,DM1P6,2024-10-12 21:35:59,18.986,22.93,OK,24.99,24.88,OK,27.46,27.4,OK,25.37,24.9,OK,26.83,26.72,OK,25.57,25.55,OK,25.71,25.71,OK,25.53,25.44,OK,0,0,,0,0,,11.44,OK,11.6,OK,11.38,OK,11.42,OK,11.51,OK,11.44,OK,11.57,OK,0,,0,,10.03,OK,10.41,OK,10.31,OK,10.41,OK,10.26,OK,10.25,OK,10.24,OK,0,,0,,,,83.02,OK,,,,83,OK,,,,157.21,OK,,,,156.87,OK,,,,37.41,OK,,,,37.85,OK,,,,,,,,,,,,,,,,,
2410121155C,NEW KAPPAEX1.0,CM3P2,2024-10-12 21:36:11,18.688,28.03,OK,28.19,27.31,OK,25.8,25.21,OK,26.95,26.57,OK,27.09,26.72,OK,25.95,25.52,OK,26.45,25.75,OK,25.91,25.03,OK,0,0,,0,0,,0,OK,0,OK,0,OK,0,OK,0,OK,0,OK,0,OK,0,,0,,0,OK,0,OK,0,OK,0,OK,0,OK,0,OK,0,OK,0,,0,,,,52.69,OK,,,,53.16,OK,,,,-291.48,OK,,,,-293.99,OK,,,,173.1,OK,,,,170.22,OK,,,,,,,,,,,,,,,,,
2410121138D,ATKINSON 3.8 OCV,DM4P9,2024-10-12 21:36:55,18.984,22.28,OK,25.31,25.17,OK,24.03,23.99,OK,25.08,24.59,OK,26.14,25.89,OK,26,25.98,OK,25.84,25.8,OK,26.21,26.19,OK,0,0,,0,0,,12.15,OK,12.22,OK,12.29,OK,12.32,OK,12.19,OK,12.22,OK,11.8,OK,0,,0,,12.16,OK,12.62,OK,12.3,OK,12.44,OK,12.42,OK,12.43,OK,12.45,OK,0,,0,,,,81.91,OK,,,,81.71,OK,,,,158.27,OK,,,,158.52,OK,,,,38.44,OK,,,,38.03,OK,,,,,,,,,,,,,,,,,
2410121152C,NEW KAPPAEX1.0,CM4P8,2024-10-12 21:36:56,18.696,27.7,OK,26.13,25.42,OK,24.21,23.66,OK,23.97,23.51,OK,21.84,21.44,OK,24.28,24.21,OK,22.91,22.65,OK,21.88,21.53,OK,0,0,,0,0,,0,OK,0,OK,0,OK,0,OK,0,OK,0,OK,0,OK,0,,0,,0,OK,0,OK,0,OK,0,OK,0,OK,0,OK,0,OK,0,,0,,,,54.22,OK,,,,53.62,OK,,,,-292.39,OK,,,,-292.44,OK,,,,171.81,OK,,,,173.07,OK,,,,,,,,,,,,,,,,,
2410121143C,NEW KAPPAEX1.0,CM5P9,2024-10-12 21:37:45,18.698,28.06,OK,24.27,24.16,OK,20.98,20.86,OK,21.55,21.36,OK,18.97,18.8,OK,20.98,20.72,OK,21.62,21.29,OK,22.08,21.86,OK,0,0,,0,0,,2.4,OK,2.45,OK,2.41,OK,2.4,OK,2.4,OK,2.4,OK,2.49,OK,0,,0,,2.58,OK,2.4,OK,2.37,OK,2.33,OK,2.39,OK,2.42,OK,2.54,OK,0,,0,,,,54.18,OK,,,,54.26,OK,,,,-292.33,OK,,,,-292.57,OK,,,,172.44,OK,,,,172.57,OK,,,,,,,,,,,,,,,,,
2410121139D,ATKINSON 3.8 OCV,DM2P5,2024-10-12 21:37:50,18.997,24.57,OK,29.11,29.06,OK,24.43,24.41,OK,24.02,23.85,OK,26.83,26.83,OK,25.72,25.69,OK,27.07,26.95,OK,24.8,24.77,OK,0,0,,0,0,,10.8,OK,10.8,OK,10.75,OK,10.8,OK,10.79,OK,10.78,OK,10.95,OK,0,,0,,10.48,OK,10.25,OK,10.32,OK,10.24,OK,10.27,OK,10.32,OK,10.28,OK,0,,0,,,,81.91,OK,,,,81.71,OK,,,,158.03,OK,,,,158.14,OK,,,,38.15,OK,,,,38.08,OK,,,,,,,,,,,,,,,,,
2410121156C,NEW KAPPAEX1.0,CM1P4,2024-10-12 21:38:34,18.693,27.57,OK,21.69,21.48,OK,22.5,22.01,OK,22.46,22.27,OK,22.08,21.69,OK,23.53,23.41,OK,22.18,21.76,OK,22.55,21.71,OK,0,0,,0,0,,5.85,OK,6.97,OK,6.65,OK,6.6,OK,6.64,OK,6.8,OK,7,OK,0,,0,,6.87,OK,6.23,OK,6.43,OK,6.58,OK,6.54,OK,6.5,OK,6.22,OK,0,,0,,,,53.54,OK,,,,51.62,OK,,,,-293.04,OK,,,,-292.23,OK,,,,172.07,OK,,,,171.33,OK,,,,,,,,,,,,,,,,,
2410121140D,ATKINSON 3.8 OCV,DM3P4,2024-10-12 21:38:42,18.997,22.67,OK,29.3,29.25,OK,27.19,27.12,OK,26.49,26.14,OK,25.8,25.75,OK,27.56,27.49,OK,27.65,27.51,OK,26.79,26.7,OK,0,0,,0,0,,11.25,OK,11.38,OK,11.45,OK,11.51,OK,11.53,OK,11.42,OK,11.62,OK,0,,0,,12.85,OK,12.86,OK,12.85,OK,12.79,OK,12.79,OK,12.77,OK,12.84,OK,0,,0,,,,82.04,OK,,,,82.54,OK,,,,157.36,OK,,,,158.11,OK,,,,37.29,OK,,,,37.25,OK,,,,,,,,,,,,,,,,,
2410121157C,NEW KAPPAEX1.0,CM2P1,2024-10-12 21:39:19,18.686,26.41,OK,21.24,21.05,OK,22.24,21.8,OK,23.57,23.22,OK,22.92,22.54,OK,22.36,22.29,OK,22.24,21.94,OK,22.26,22.12,OK,0,0,,0,0,,15.36,OK,15.36,OK,15.36,OK,15.36,OK,15.36,OK,15.36,OK,15.36,OK,0,,0,,15.36,OK,15.36,OK,15.36,OK,15.36,OK,15.36,OK,15.36,OK,15.36,OK,0,,0,,,,53.01,OK,,,,52.82,OK,,,,-292.86,OK,,,,-291.76,OK,,,,172.66,OK,,,,171.15,OK,,,,,,,,,,,,,,,,,
2410121141D,ATKINSON 3.8 OCV,DM5P1,2024-10-12 21:39:37,18.99,23.88,OK,24.44,24.34,OK,24.11,24.11,OK,24.2,23.97,OK,24.64,24.55,OK,24.16,24.02,OK,23.79,23.69,OK,23.86,23.74,OK,0,0,,0,0,,2.06,OK,2.69,OK,2.64,OK,2.72,OK,2.81,OK,2.7,OK,2.68,OK,0,,0,,0.8,OK,0.79,OK,0.82,OK,0.8,OK,0.81,OK,0.83,OK,0.79,OK,0,,0,,,,81.38,OK,,,,82.41,OK,,,,157.88,OK,,,,158.64,OK,,,,37.68,OK,,,,38.01,OK,,,,,,,,,,,,,,,,,
2410121158C,NEW KAPPAEX1.0,CM3P6,2024-10-12 21:40:08,18.691,27.9,OK,27.97,27.45,OK,25.5,24.91,OK,26.93,26.45,OK,25.52,24.75,OK,26.38,26.04,OK,26.2,25.28,OK,26.04,25.16,OK,0,0,,0,0,,0,OK,0,OK,0,OK,0,OK,0,OK,0,OK,0,OK,0,,0,,0,OK,0,OK,0,OK,0,OK,0,OK,0,OK,0,OK,0,,0,,,,52.9,OK,,,,53.29,OK,,,,-292.71,OK,,,,-292.27,OK,,,,172.88,OK,,,,173.55,OK,,,,,,,,,,,,,,,,,
2410121142D,ATKINSON 3.8 OCV,DM1P7,2024-10-12 21:40:29,18.987,22.61,OK,25.3,25.12,OK,26.18,26.16,OK,25.03,24.52,OK,28.07,28,OK,26,25.98,OK,25.15,25.06,OK,25.24,25.21,OK,0,0,,0,0,,11.41,OK,11.38,OK,11.43,OK,11.44,OK,11.46,OK,11.69,OK,11.8,OK,0,,0,,10.01,OK,10.32,OK,10.34,OK,10.4,OK,10.24,OK,10.24,OK,10.18,OK,0,,0,,,,82.33,OK,,,,83.02,OK,,,,157.61,OK,,,,157.59,OK,,,,37.31,OK,,,,37.54,OK,,,,,,,,,,,,,,,,,
2410121159C,NEW KAPPAEX1.0,CM4P3,2024-10-12 21:40:57,18.694,27.46,OK,25.18,24.54,OK,23.44,23.18,OK,24.23,23.82,OK,23.42,23.27,OK,24.04,23.97,OK,22.65,22.01,OK,22.87,22.32,OK,0,0,,0,0,,0,OK,0,OK,0,OK,0,OK,0,OK,0,OK,0,OK,0,,0,,0,OK,0,OK,0,OK,0,OK,0,OK,0,OK,0,OK,0,,0,,,,53.46,OK,,,,53.81,OK,,,,-293.27,OK,,,,-292.87,OK,,,,172,OK,,,,173.71,OK,,,,,,,,,,,,,,,,,
2410121144D,ATKINSON 3.8 OCV,DM2P2,2024-10-12 21:41:24,18.988,24.6,OK,27.41,27.36,OK,24.99,24.89,OK,24.65,24.46,OK,28.02,27.9,OK,27.34,27.24,OK,24.77,24.65,OK,24.36,24.34,OK,0,0,,0,0,,10.8,OK,10.8,OK,10.78,OK,10.8,OK,10.81,OK,10.81,OK,10.77,OK,0,,0,,10.53,OK,10.32,OK,10.38,OK,10.34,OK,10.34,OK,10.33,OK,10.34,OK,0,,0,,,,81.79,OK,,,,82.52,OK,,,,157.74,OK,,,,157.84,OK,,,,37.52,OK,,,,37.56,OK,,,,,,,,,,,,,,,,,
2410121160C,NEW KAPPAEX1.0,CM5P5,2024-10-12 21:41:42,18.694,27.46,OK,23.96,23.8,OK,21.41,21.17,OK,21.74,21.5,OK,20.17,20.05,OK,21.29,21.07,OK,22.72,22.48,OK,22.01,21.72,OK,0,0,,0,0,,2.37,OK,2.44,OK,2.42,OK,2.43,OK,2.43,OK,2.43,OK,2.47,OK,0,,0,,2.62,OK,2.46,OK,2.39,OK,2.39,OK,2.39,OK,2.47,OK,2.6,OK,0,,0,,,,52.72,OK,,,,52.26,OK,,,,-293.23,OK,,,,-292.19,OK,,,,172.15,OK,,,,172.09,OK,,,,,,,,,,,,,,,,,
2410121143D,ATKINSON 3.8 OCV,DM4P3,2024-10-12 21:42:16,18.986,24.31,OK,26,25.89,OK,24.96,24.87,OK,25.47,25.08,OK,26.54,26.33,OK,26.31,26.26,OK,26.93,26.86,OK,25.49,25.33,OK,0,0,,0,0,,12.14,OK,12.31,OK,12.32,OK,12.45,OK,12.26,OK,12.3,OK,12.46,OK,0,,0,,12.41,OK,12.48,OK,12.44,OK,12.44,OK,12.48,OK,12.44,OK,12.37,OK,0,,0,,,,82.57,OK,,,,82.06,OK,,,,157.96,OK,,,,158.12,OK,,,,37.37,OK,,,,37.65,OK,,,,,,,,,,,,,,,,,
2410121161C,NEW KAPPAEX1.0,CM1P7,2024-10-12 21:42:31,18.692,27.73,OK,24.98,24.91,OK,22.41,21.9,OK,23.58,23.44,OK,23.41,22.9,OK,23.13,23.11,OK,22.48,22.08,OK,22.85,22.43,OK,0,0,,0,0,,6.28,OK,6.64,OK,6.56,OK,6.66,OK,7.02,OK,6.88,OK,6.83,OK,0,,0,,6.25,OK,6.52,OK,6.81,OK,6.58,OK,6.61,OK,6.69,OK,6.99,OK,0,,0,,,,54.04,OK,,,,54.37,OK,,,,-292.63,OK,,,,-293.59,OK,,,,173.01,OK,,,,172.12,OK,,,,,,,,,,,,,,,,,
2410121145D,ATKINSON 3.8 OCV,DM3P8,2024-10-12 21:43:08,18.988,22.77,OK,27.3,27.21,OK,26.03,25.98,OK,25.56,25.08,OK,24.01,23.99,OK,27.16,27.07,OK,27.23,27.21,OK,27.07,27.03,OK,0,0,,0,0,,11.39,OK,11.51,OK,11.52,OK,11.65,OK,11.59,OK,11.62,OK,11.6,OK,0,,0,,12.54,OK,12.53,OK,12.86,OK,12.78,OK,12.79,OK,12.79,OK,12.8,OK,0,,0,,,,81.66,OK,,,,81.58,OK,,,,158.35,OK,,,,158.29,OK,,,,37.2,OK,,,,37.35,OK,,,,,,,,,,,,,,,,,
2410121162C,NEW KAPPAEX1.0,CM2P2,2024-10-12 21:43:17,18.696,27.58,OK,23.69,23.52,OK,23.08,22.87,OK,25.09,24.74,OK,24.25,24.01,OK,22.17,21.96,OK,23.64,23.34,OK,23.34,23.1,OK,0,0,,0,0,,15.36,OK,15.36,OK,15.36,OK,15.36,OK,15.36,OK,15.36,OK,15.36,OK,0,,0,,15.36,OK,15.36,OK,15.36,OK,15.36,OK,15.36,OK,15.36,OK,15.36,OK,0,,0,,,,53.82,OK,,,,54.03,OK,,,,-291.78,OK,,,,-291.48,OK,,,,172.47,OK,,,,172.55,OK,,,,,,,,,,,,,,,,,
2410121147D,ATKINSON 3.8 OCV,DM1P9,2024-10-12 21:44:04,18.986,24.43,OK,25.62,25.46,OK,27.19,27.17,OK,25.53,25.21,OK,25.69,25.66,OK,25.08,25.06,OK,25.06,24.94,OK,24.43,24.36,OK,0,0,,0,0,,11.42,OK,11.43,OK,11.39,OK,11.32,OK,11.45,OK,11.78,OK,11.52,OK,0,,0,,9.9,OK,10.29,OK,10.35,OK,10.22,OK,10.2,OK,10.2,OK,10.15,OK,0,,0,,,,81.99,OK,,,,82.24,OK,,,,157.67,OK,,,,158.04,OK,,,,37.84,OK,,,,37.56,OK,,,,,,,,,,,,,,,,,
2410121163C,NEW KAPPAEX1.0,CM3P9,2024-10-12 21:44:05,18.691,27.92,OK,27.61,26.95,OK,26.88,26.09,OK,27.83,27.4,OK,27.11,26.29,OK,26.27,25.84,OK,25.05,23.74,OK,25.73,25.28,OK,0,0,,0,0,,0,OK,0,OK,0,OK,0,OK,0,OK,0,OK,0,OK,0,,0,,0,OK,0,OK,0,OK,0,OK,0,OK,0,OK,0,OK,0,,0,,,,51.87,OK,,,,52.13,OK,,,,-292.71,OK,,,,-291.78,OK,,,,172.45,OK,,,,172.42,OK,,,,,,,,,,,,,,,,,
2410121164C,NEW KAPPAEX1.0,CM4P4,2024-10-12 21:44:51,18.689,27.43,OK,25.95,25.47,OK,22.78,22.54,OK,24.7,24.28,OK,22.74,22.23,OK,23.79,23.77,OK,23.02,22.56,OK,23.27,22.67,OK,0,0,,0,0,,0,OK,0,OK,0,OK,0,OK,0,OK,0,OK,0,OK,0,,0,,0,OK,0,OK,0,OK,0,OK,0,OK,0,OK,0,OK,0,,0,,,,53.4,OK,,,,53.69,OK,,,,-293.27,OK,,,,-292.35,OK,,,,172.14,OK,,,,173.85,OK,,,,,,,,,,,,,,,,,
2410121148D,ATKINSON 3.8 OCV,DM2P4,2024-10-12 21:44:59,18.999,22.7,OK,28.04,27.99,OK,26.18,26.01,OK,24.43,24.19,OK,25.4,25.35,OK,27.07,27.05,OK,24.85,24.82,OK,25.74,25.72,OK,0,0,,0,0,,10.8,OK,10.78,OK,10.77,OK,10.75,OK,10.81,OK,10.81,OK,10.83,OK,0,,0,,10.35,OK,10.34,OK,10.43,OK,10.28,OK,10.34,OK,10.35,OK,10.39,OK,0,,0,,,,81.36,OK,,,,81.7,OK,,,,157.59,OK,,,,158.31,OK,,,,37.63,OK,,,,37.81,OK,,,,,,,,,,,,,,,,,
2410121165C,NEW KAPPAEX1.0,CM5P8,2024-10-12 21:45:39,18.698,27.63,OK,25.59,25.42,OK,23.01,22.63,OK,22.2,22.01,OK,20.14,20.02,OK,22.75,22.51,OK,22.32,22.05,OK,21.72,21.48,OK,0,0,,0,0,,2.43,OK,2.44,OK,2.41,OK,2.42,OK,2.47,OK,2.46,OK,2.45,OK,0,,0,,2.55,OK,2.38,OK,2.42,OK,2.4,OK,2.58,OK,2.4,OK,2.39,OK,0,,0,,,,53.35,OK,,,,54.23,OK,,,,-291.14,OK,,,,-292.89,OK,,,,170.61,OK,,,,172.63,OK,,,,,,,,,,,,,,,,,
2410121149D,ATKINSON 3.8 OCV,DM4P5,2024-10-12 21:45:54,18.992,22.95,OK,25.38,25.19,OK,23.68,23.55,OK,24.01,23.52,OK,26,25.96,OK,26,26,OK,24.54,24.47,OK,25.31,25.24,OK,0,0,,0,0,,12.2,OK,12.37,OK,12.42,OK,12.18,OK,12.01,OK,12.26,OK,12.27,OK,0,,0,,12.45,OK,12.4,OK,12.36,OK,12.48,OK,12.48,OK,12.46,OK,12.36,OK,0,,0,,,,82.76,OK,,,,82.43,OK,,,,157.62,OK,,,,157.77,OK,,,,37.28,OK,,,,36.95,OK,,,,,,,,,,,,,,,,,
2410121166C,NEW KAPPAEX1.0,CM1P1,2024-10-12 21:46:25,18.688,28.52,OK,24.95,24.81,OK,23.13,22.69,OK,23.53,23.3,OK,22.46,22.04,OK,22.06,22.01,OK,22.25,21.9,OK,22.29,21.9,OK,0,0,,0,0,,5.74,OK,6.83,OK,6.63,OK,6.61,OK,6.67,OK,6.78,OK,7.06,OK,0,,0,,6.56,OK,6.28,OK,6.44,OK,6.71,OK,6.96,OK,6.83,OK,6.33,OK,0,,0,,,,53.03,OK,,,,52.14,OK,,,,-292.89,OK,,,,-294.14,OK,,,,171.8,OK,,,,172.34,OK,,,,,,,,,,,,,,,,,
2410121150D,ATKINSON 3.8 OCV,DM3P1,2024-10-12 21:46:49,18.996,23.93,OK,26.63,26.54,OK,25.68,25.66,OK,26.35,26,OK,24.8,24.71,OK,27.74,27.63,OK,26.42,26.33,OK,26.19,26.07,OK,0,0,,0,0,,11.41,OK,11.33,OK,11.44,OK,11.52,OK,11.27,OK,11.6,OK,11.51,OK,0,,0,,12.91,OK,12.9,OK,12.58,OK,12.54,OK,12.82,OK,12.78,OK,12.79,OK,0,,0,,,,83.26,OK,,,,83.45,OK,,,,156.63,OK,,,,157.23,OK,,,,36.32,OK,,,,36.33,OK,,,,,,,,,,,,,,,,,
2410121167C,NEW KAPPAEX1.0,CM2P6,2024-10-12 21:47:14,18.699,28.5,OK,24.15,24.01,OK,23.41,23.03,OK,25.37,25.04,OK,22.47,22.22,OK,23.59,23.52,OK,21.84,21.52,OK,22.92,22.54,OK,0,0,,0,0,,15.36,OK,15.36,OK,15.36,OK,15.36,OK,15.36,OK,15.36,OK,15.36,OK,0,,0,,15.36,OK,15.36,OK,15.36,OK,15.36,OK,15.36,OK,15.36,OK,15.36,OK,0,,0,,,,53.05,OK,,,,53.16,OK,,,,-292.6,OK,,,,-291.26,OK,,,,172.68,OK,,,,172.88,OK,,,,,,,,,,,,,,,,,
2410121151D,ATKINSON 3.8 OCV,DM1P3,2024-10-12 21:47:41,18.999,23.28,OK,24.99,24.92,OK,28.21,27.85,OK,25.46,24.83,OK,26.99,26.9,OK,26.63,26.61,OK,26.2,26.14,OK,26.25,26.18,OK,0,0,,0,0,,11.37,OK,11.4,OK,11.4,OK,11.75,OK,11.61,OK,11.64,OK,11.45,OK,0,,0,,10.01,OK,10.2,OK,10.26,OK,10.27,OK,10.17,OK,10.14,OK,10.09,OK,0,,0,,,,83.46,OK,,,,83.06,OK,,,,156.79,OK,,,,157.34,OK,,,,36.49,OK,,,,36.53,OK,,,,,,,,,,,,,,,,,
2410121168C,NEW KAPPAEX1.0,CM3P5,2024-10-12 21:47:59,18.699,28.35,OK,29.69,28.74,OK,26.61,26.11,OK,27.88,27.45,OK,24.48,23.69,OK,26.38,25.98,OK,25.03,24.57,OK,25.43,24.57,OK,0,0,,0,0,,0,OK,0,OK,0,OK,0,OK,0,OK,0,OK,0,OK,0,,0,,0,OK,0,OK,0,OK,0,OK,0,OK,0,OK,0,OK,0,,0,,,,52.57,OK,,,,53.26,OK,,,,-291.95,OK,,,,-292.21,OK,,,,172.16,OK,,,,172.91,OK,,,,,,,,,,,,,,,,,
2410121152D,ATKINSON 3.8 OCV,DM2P2,2024-10-12 21:48:37,18.986,23.71,OK,26.32,26.25,OK,26.76,26.66,OK,23.37,23.13,OK,25.26,25.21,OK,25.69,25.6,OK,26.59,26.56,OK,25.6,25.57,OK,0,0,,0,0,,10.81,OK,10.8,OK,11.1,OK,10.78,OK,10.86,OK,10.8,OK,10.82,OK,0,,0,,10.35,OK,10.35,OK,10.35,OK,10.42,OK,10.26,OK,10.34,OK,10.35,OK,0,,0,,,,82.56,OK,,,,82.99,OK,,,,156.97,OK,,,,157.05,OK,,,,36.88,OK,,,,36.91,OK,,,,,,,,,,,,,,,,,
2410121169C,NEW KAPPAEX1.0,CM4P7,2024-10-12 21:48:48,18.687,27.86,OK,26.43,26.04,OK,22.8,22.52,OK,25.53,25.16,OK,22.12,21.53,OK,24.5,24.43,OK,23.4,23.09,OK,22.34,21.37,OK,0,0,,0,0,,0,OK,0,OK,0,OK,0,OK,0,OK,0,OK,0,OK,0,,0,,0,OK,0,OK,0,OK,0,OK,0,OK,0,OK,0,OK,0,,0,,,,53.42,OK,,,,53.2,OK,,,,-291.73,OK,,,,-292.75,OK,,,,172.27,OK,,,,172.34,OK,,,,,,,,,,,,,,,,,
2410121153D,ATKINSON 3.8 OCV,DM4P8,2024-10-12 21:49:32,18.989,24.21,OK,27,26.84,OK,26.33,26.28,OK,25.63,25.08,OK,25.29,25.26,OK,26,25.96,OK,24.61,24.59,OK,25.63,25.61,OK,0,0,,0,0,,12.18,OK,12.42,OK,12.45,OK,12.45,OK,12.4,OK,12.36,OK,12.38,OK,0,,0,,12.47,OK,12.66,OK,12.44,OK,12.24,OK,12.4,OK,12.45,OK,12.53,OK,0,,0,,,,81.92,OK,,,,82.51,OK,,,,157.52,OK,,,,157.36,OK,,,,36.63,OK,,,,36.96,OK,,,,,,,,,,,,,,,,,
2410121170C,NEW KAPPAEX1.0,CM5P3,2024-10-12 21:49:33,18.694,28.95,OK,23.94,23.77,OK,20.57,20.31,OK,21.1,20.74,OK,19.69,19.5,OK,21.29,20.93,OK,21.26,20.83,OK,20.48,19.97,OK,0,0,,0,0,,2.4,OK,2.4,OK,2.39,OK,2.39,OK,2.43,OK,2.42,OK,2.42,OK,0,,0,,2.5,OK,2.28,OK,2.36,OK,2.37,OK,2.39,OK,2.35,OK,2.33,OK,0,,0,,,,52.92,OK,,,,52.85,OK,,,,-292.41,OK,,,,-291.56,OK,,,,171.71,OK,,,,172.22,OK,,,,,,,,,,,,,,,,,
2410121154D,ATKINSON 3.8 OCV,DM3P6,2024-10-12 21:50:24,18.986,24.07,OK,26.98,26.96,OK,26.79,26.79,OK,25.89,25.52,OK,24.2,24.2,OK,26.96,26.82,OK,28.16,28.12,OK,25.56,25.49,OK,0,0,,0,0,,11.25,OK,11.26,OK,11.47,OK,11.6,OK,11.71,OK,11.6,OK,11.5,OK,0,,0,,12.79,OK,12.82,OK,12.88,OK,12.81,OK,12.8,OK,12.78,OK,12.81,OK,0,,0,,,,82.95,OK,,,,83.47,OK,,,,156.54,OK,,,,156.37,OK,,,,36.26,OK,,,,36.77,OK,,,,,,,,,,,,,,,,,
2410121171C,NEW KAPPAEX1.0,CM1P2,2024-10-12 21:50:25,18.691,28.07,OK,21.94,21.85,OK,23.16,22.67,OK,24.77,24.58,OK,22.74,22.27,OK,22.39,22.29,OK,22.95,22.55,OK,22.95,22.64,OK,0,0,,0,0,,5.83,OK,6.64,OK,6.81,OK,6.67,OK,6.71,OK,6.89,OK,7.41,OK,0,,0,,6.55,OK,6.29,OK,6.49,OK,6.77,OK,6.58,OK,7.18,OK,6.45,OK,0,,0,,,,54.22,OK,,,,51.86,OK,,,,-292.5,OK,,,,-293.23,OK,,,,172.64,OK,,,,171.76,OK,,,,,,,,,,,,,,,,,
2410121172C,NEW KAPPAEX1.0,CM2P9,2024-10-12 21:51:11,18.694,28.2,OK,24.74,24.57,OK,22.5,22.15,OK,23.57,23.31,OK,22.43,21.98,OK,22.78,22.71,OK,22.05,21.63,OK,22.78,22.47,OK,0,0,,0,0,,15.36,OK,15.36,OK,15.36,OK,15.36,OK,15.36,OK,15.36,OK,15.36,OK,0,,0,,15.36,OK,15.36,OK,15.36,OK,15.36,OK,15.36,OK,15.36,OK,15.36,OK,0,,0,,,,53.02,OK,,,,52.43,OK,,,,-291.82,OK,,,,-291.32,OK,,,,172.58,OK,,,,171.73,OK,,,,,,,,,,,,,,,,,
2410121146D,ATKINSON 3.8 OCV,DM5P6,2024-10-12 21:51:19,18.991,23.36,OK,23.69,23.55,OK,25.85,25.74,OK,24.88,24.58,OK,24.81,24.64,OK,24.2,24.09,OK,26.01,25.9,OK,23.65,23.53,OK,0,0,,0,0,,2.08,OK,2.7,OK,2.67,OK,2.6,OK,2.65,OK,2.63,OK,2.63,OK,0,,0,,0.83,OK,0.82,OK,0.81,OK,0.82,OK,0.82,OK,0.84,OK,0.82,OK,0,,0,,,,83.01,OK,,,,82.61,OK,,,,157.57,OK,,,,157.11,OK,,,,37.16,OK,,,,37.69,OK,,,,,,,,,,,,,,,,,
2410121173C,NEW KAPPAEX1.0,CM3P8,2024-10-12 21:52:00,18.692,27.2,OK,27.29,26.52,OK,26.18,25.25,OK,27.86,27.54,OK,25.57,24.91,OK,24.48,24.23,OK,24.85,23.71,OK,26.04,25.23,OK,0,0,,0,0,,0,OK,0,OK,0,OK,0,OK,0,OK,0,OK,0,OK,0,,0,,0,OK,0,OK,0,OK,0,OK,0,OK,0,OK,0,OK,0,,0,,,,52.13,OK,,,,52.46,OK,,,,-291.3,OK,,,,-291.68,OK,,,,170.91,OK,,,,171.97,OK,,,,,,,,,,,,,,,,,
2410121155D,ATKINSON 3.8 OCV,DM1P9,2024-10-12 21:52:11,18.993,23.65,OK,25.24,24.85,OK,26.52,26.45,OK,24.7,24.2,OK,26.34,26.29,OK,24.63,24.63,OK,25.37,25.28,OK,26.05,26.02,OK,0,0,,0,0,,11.44,OK,11.36,OK,11.4,OK,11.39,OK,11.49,OK,11.46,OK,11.48,OK,0,,0,,10,OK,10.25,OK,10.38,OK,10.32,OK,10.23,OK,10.26,OK,10.29,OK,0,,0,,,,82.4,OK,,,,82.53,OK,,,,157.37,OK,,,,157.51,OK,,,,37.28,OK,,,,36.92,OK,,,,,,,,,,,,,,,,,
2410121174C,NEW KAPPAEX1.0,CM4P1,2024-10-12 21:52:49,18.694,27.92,OK,25.27,24.61,OK,24.06,23.73,OK,25.97,25.4,OK,22.34,22.12,OK,23.82,23.75,OK,24.12,23.84,OK,23.07,22.08,OK,0,0,,0,0,,0,OK,0,OK,0,OK,0,OK,0,OK,0,OK,0,OK,0,,0,,0,OK,0,OK,0,OK,0,OK,0,OK,0,OK,0,OK,0,,0,,,,54.17,OK,,,,53.52,OK,,,,-292.42,OK,,,,-292.75,OK,,,,171.56,OK,,,,172.63,OK,,,,,,,,,,,,,,,,,
2410121156D,ATKINSON 3.8 OCV,DM2P4,2024-10-12 21:53:06,18.997,20.73,OK,27.95,27.9,OK,26.35,26.27,OK,25.43,25.23,OK,28.28,28.28,OK,29.59,29.52,OK,28.55,28.43,OK,26.78,26.71,OK,0,0,,0,0,,10.73,OK,11.08,OK,10.91,OK,10.99,OK,11.13,OK,11.11,OK,10.82,OK,0,,0,,10.35,OK,10.34,OK,10.32,OK,10.31,OK,10.35,OK,10.33,OK,10.33,OK,0,,0,,,,82.48,OK,,,,82.75,OK,,,,156.99,OK,,,,157.4,OK,,,,37.07,OK,,,,37.14,OK,,,,,,,,,,,,,,,,,
2410121175C,NEW KAPPAEX1.0,CM5P4,2024-10-12 21:53:34,18.687,28.15,OK,24.13,23.99,OK,20.52,20.45,OK,21.24,21.05,OK,20.98,20.79,OK,20.91,20.64,OK,22.58,22.24,OK,20.4,20.24,OK,0,0,,0,0,,2.36,OK,2.4,OK,2.4,OK,2.39,OK,2.4,OK,2.42,OK,2.41,OK,0,,0,,2.59,OK,2.41,OK,2.46,OK,2.4,OK,2.37,OK,2.4,OK,2.38,OK,0,,0,,,,53.58,OK,,,,52.31,OK,,,,-292.58,OK,,,,-291.66,OK,,,,172.25,OK,,,,172.46,OK,,,,,,,,,,,,,,,,,
2410121157D,ATKINSON 3.8 OCV,DM4P5,2024-10-12 21:54:02,18.993,24.68,OK,26.19,26.07,OK,23.62,23.48,OK,24.36,23.89,OK,26.4,26.35,OK,24.54,24.47,OK,25.66,25.63,OK,26.05,25.98,OK,0,0,,0,0,,12.18,OK,12.32,OK,12.47,OK,12.32,OK,12.29,OK,12.28,OK,12.23,OK,0,,0,,12.41,OK,12.47,OK,12.39,OK,11.92,OK,12.58,OK,12.34,OK,12.51,OK,0,,0,,,,82.82,OK,,,,82.44,OK,,,,157.36,OK,,,,157.5,OK,,,,36.9,OK,,,,36.84,OK,,,,,,,,,,,,,,,,,
2410121176C,NEW KAPPAEX1.0,CM1P6,2024-10-12 21:54:20,18.694,27.67,OK,22.62,22.43,OK,22.06,21.43,OK,23.48,23.37,OK,21.76,21.06,OK,22.64,22.46,OK,22.57,22.11,OK,23.41,23.02,OK,0,0,,0,0,,5.91,OK,6.69,OK,6.92,OK,6.79,OK,6.84,OK,6.76,OK,7.39,OK,0,,0,,6.31,OK,7.23,OK,6.42,OK,6.47,OK,6.63,OK,7.27,OK,6.41,OK,0,,0,,,,51.64,OK,,,,52.03,OK,,,,-292.63,OK,,,,-292.9,OK,,,,173.67,OK,,,,172.64,OK,,,,,,,,,,,,,,,,,
2410121158D,ATKINSON 3.8 OCV,DM3P1,2024-10-12 21:54:54,18.986,22.31,OK,26.82,26.77,OK,25.75,25.68,OK,26.86,26.49,OK,26.31,26.28,OK,27.42,27.37,OK,26.82,26.77,OK,27.19,27.14,OK,0,0,,0,0,,11.27,OK,11.56,OK,11.63,OK,11.4,OK,11.46,OK,11.53,OK,11.56,OK,0,,0,,12.75,OK,12.84,OK,12.91,OK,12.74,OK,12.85,OK,12.79,OK,12.77,OK,0,,0,,,,83.08,OK,,,,83.22,OK,,,,156.9,OK,,,,157.62,OK,,,,36.57,OK,,,,36.57,OK,,,,,,,,,,,,,,,,,
2410121177C,NEW KAPPAEX1.0,CM2P5,2024-10-12 21:55:08,18.694,27.93,OK,26.3,26,OK,23.36,23.17,OK,24.64,24.36,OK,22.82,22.47,OK,22.71,22.59,OK,22.15,21.84,OK,23.57,23.48,OK,0,0,,0,0,,15.36,OK,15.36,OK,15.36,OK,15.36,OK,15.36,OK,15.36,OK,15.36,OK,0,,0,,15.36,OK,15.36,OK,15.36,OK,15.36,OK,15.36,OK,15.36,OK,15.36,OK,0,,0,,,,51.97,OK,,,,53.43,OK,,,,-291.95,OK,,,,-292.51,OK,,,,172.09,OK,,,,172.82,OK,,,,,,,,,,,,,,,,,
2410121160D,ATKINSON 3.8 OCV,DM1P3,2024-10-12 21:55:49,18.987,24.15,OK,24.47,24.45,OK,28.14,28.05,OK,25.89,25.35,OK,27.22,27.01,OK,26.05,26.02,OK,25.66,25.57,OK,24.74,24.67,OK,0,0,,0,0,,11.34,OK,11.37,OK,11.45,OK,11.66,OK,11.6,OK,11.78,OK,11.49,OK,0,,0,,9.93,OK,10.31,OK,10.34,OK,10.22,OK,10.27,OK,10.31,OK,10.12,OK,0,,0,,,,83.26,OK,,,,82.8,OK,,,,157.1,OK,,,,157.48,OK,,,,36.66,OK,,,,36.87,OK,,,,,,,,,,,,,,,,,
2410121178C,NEW KAPPAEX1.0,CM3P3,2024-10-12 21:55:54,18.692,28.36,OK,27.65,26.84,OK,27.24,26.88,OK,26.25,25.77,OK,26.86,25.95,OK,26.59,26.29,OK,26.59,26.16,OK,26.79,25.73,OK,0,0,,0,0,,0,OK,0,OK,0,OK,0,OK,0,OK,0,OK,0,OK,0,,0,,0,OK,0,OK,0,OK,0,OK,0,OK,0,OK,0,OK,0,,0,,,,52.96,OK,,,,53.58,OK,,,,-291.37,OK,,,,-292.02,OK,,,,171.29,OK,,,,173.35,OK,,,,,,,,,,,,,,,,,
2410121179C,NEW KAPPAEX1.0,CM4P2,2024-10-12 21:56:43,18.672,28.08,OK,25.22,24.54,OK,24.19,23.55,OK,24.78,24.06,OK,21.81,21.37,OK,24.59,24.5,OK,20.89,20.45,OK,22.47,22.01,OK,0,0,,0,0,,0,OK,0,OK,0,OK,0,OK,0,OK,0,OK,0,OK,0,,0,,0,OK,0,OK,0,OK,0,OK,0,OK,0,OK,0,OK,0,,0,,,,53.23,OK,,,,53.66,OK,,,,-292.21,OK,,,,-291.8,OK,,,,172.63,OK,,,,172.71,OK,,,,,,,,,,,,,,,,,
2410121161D,ATKINSON 3.8 OCV,DM2P2,2024-10-12 21:56:44,18.992,25.23,OK,27.15,27.1,OK,25.64,25.6,OK,24.22,24.07,OK,26.2,26.2,OK,28.45,28.41,OK,26.01,25.96,OK,25.57,25.5,OK,0,0,,0,0,,10.75,OK,10.78,OK,10.74,OK,10.81,OK,11.13,OK,10.84,OK,10.81,OK,0,,0,,10.33,OK,10.33,OK,10.35,OK,10.25,OK,10.33,OK,10.31,OK,10.35,OK,0,,0,,,,82.11,OK,,,,82.75,OK,,,,157.31,OK,,,,157.47,OK,,,,37.31,OK,,,,37.12,OK,,,,,,,,,,,,,,,,,
2410121180C,NEW KAPPAEX1.0,CM5P7,2024-10-12 21:57:31,18.694,28.55,OK,23.49,23.32,OK,22.24,22.01,OK,21.93,21.69,OK,20.76,20.69,OK,21.96,21.69,OK,23.18,22.72,OK,21.5,21.17,OK,0,0,,0,0,,2.45,OK,2.44,OK,2.43,OK,2.42,OK,2.43,OK,2.44,OK,2.46,OK,0,,0,,2.7,OK,2.35,OK,2.4,OK,2.37,OK,2.41,OK,2.47,OK,2.33,OK,0,,0,,,,53.02,OK,,,,52.54,OK,,,,-291.99,OK,,,,-292.81,OK,,,,171.66,OK,,,,171.49,OK,,,,,,,,,,,,,,,,,
2410121162D,ATKINSON 3.8 OCV,DM4P8,2024-10-12 21:57:36,18.99,23.56,OK,28.58,28.46,OK,24.13,24.1,OK,24.36,23.92,OK,26.42,26.38,OK,25.54,25.45,OK,26.1,26.1,OK,24.24,24.22,OK,0,0,,0,0,,12.15,OK,12.38,OK,12.45,OK,12.15,OK,12.46,OK,12.47,OK,12.36,OK,0,,0,,12.43,OK,12.39,OK,12.46,OK,12.5,OK,12.48,OK,12.53,OK,12.36,OK,0,,0,,,,82.05,OK,,,,81.98,OK,,,,157.72,OK,,,,157.72,OK,,,,36.87,OK,,,,36.99,OK,,,,,,,,,,,,,,,,,
2410121181C,NEW KAPPAEX1.0,CM1P9,2024-10-12 21:58:17,18.686,28.27,OK,23.48,23.3,OK,22.99,22.48,OK,24.3,24.23,OK,22.04,21.71,OK,21.94,21.73,OK,23.09,22.48,OK,22.99,22.5,OK,0,0,,0,0,,5.88,OK,6.77,OK,6.81,OK,6.82,OK,6.98,OK,7.11,OK,6.89,OK,0,,0,,6.29,OK,6.55,OK,6.7,OK,7.16,OK,6.64,OK,6.7,OK,6.62,OK,0,,0,,,,54.18,OK,,,,53.32,OK,,,,-296.2,NG,,,,-293.13,OK,,,,171.49,OK,,,,172.36,OK,,,,,,,,,,,,,,,,,
2410121159D,ATKINSON 3.8 OCV,DM5P7,2024-10-12 21:58:31,18.989,23.57,OK,25.11,25.02,OK,25.34,25.22,OK,23.51,23.16,OK,23.55,23.42,OK,24.39,24.27,OK,24.88,24.67,OK,23.67,23.65,OK,0,0,,0,0,,2.14,OK,2.65,OK,2.6,OK,2.65,OK,2.68,OK,2.82,OK,2.76,OK,0,,0,,0.81,OK,0.81,OK,0.85,OK,0.84,OK,0.83,OK,0.86,OK,0.82,OK,0,,0,,,,83.18,OK,,,,83.79,OK,,,,157.37,OK,,,,157.82,OK,,,,37.16,OK,,,,37.27,OK,,,,,,,,,,,,,,,,,
2410121182C,NEW KAPPAEX1.0,CM2P8,2024-10-12 21:59:06,18.686,28,OK,23.62,23.45,OK,23.01,22.52,OK,23.97,23.69,OK,21.45,21.21,OK,23.27,23.24,OK,21.94,21.61,OK,22.45,21.96,OK,0,0,,0,0,,15.36,OK,15.36,OK,15.36,OK,15.36,OK,15.36,OK,15.36,OK,15.36,OK,0,,0,,15.36,OK,15.36,OK,15.36,OK,15.36,OK,15.36,OK,15.36,OK,15.36,OK,0,,0,,,,53.26,OK,,,,53.86,OK,,,,-291.62,OK,,,,-291.03,OK,,,,170.43,OK,,,,171.01,OK,,,,,,,,,,,,,,,,,
2410121163D,ATKINSON 3.8 OCV,DM3P6,2024-10-12 21:59:24,18.984,23.86,OK,27.86,27.79,OK,26.89,26.84,OK,26.45,26.12,OK,24.68,24.61,OK,27.4,27.3,OK,25.1,25.05,OK,26.35,26.26,OK,0,0,,0,0,,11.38,OK,11.55,OK,11.48,OK,11.48,OK,11.44,OK,11.54,OK,11.62,OK,0,,0,,12.82,OK,12.84,OK,12.77,OK,12.79,OK,12.79,OK,12.78,OK,12.6,OK,0,,0,,,,83.69,OK,,,,83.44,OK,,,,156.84,OK,,,,156.66,OK,,,,36.7,OK,,,,37.08,OK,,,,,,,,,,,,,,,,,
2410121183C,NEW KAPPAEX1.0,CM3P4,2024-10-12 21:59:51,18.693,27.56,OK,26.97,26.32,OK,26.47,25.95,OK,26.75,26.45,OK,26.84,26.32,OK,25.66,25.05,OK,25.3,24.82,OK,26.18,25.21,OK,0,0,,0,0,,0,OK,0,OK,0,OK,0,OK,0,OK,0,OK,0,OK,0,,0,,0,OK,0,OK,0,OK,0,OK,0,OK,0,OK,0,OK,0,,0,,,,53.58,OK,,,,51.92,OK,,,,-292.09,OK,,,,-292.05,OK,,,,171.35,OK,,,,171.24,OK,,,,,,,,,,,,,,,,,
2410121164D,ATKINSON 3.8 OCV,DM1P4,2024-10-12 22:00:19,18.998,23.96,OK,27.26,27.08,OK,26.99,26.86,OK,25.21,24.58,OK,28.32,28.21,OK,25.08,25.01,OK,26.18,26.14,OK,24.58,24.52,OK,0,0,,0,0,,11.45,OK,11.4,OK,11.42,OK,11.65,OK,11.54,OK,11.59,OK,11.45,OK,0,,0,,9.94,OK,10.32,OK,10.27,OK,10.44,OK,10.27,OK,10.23,OK,10.14,OK,0,,0,,,,82.46,OK,,,,82.95,OK,,,,157,OK,,,,157.34,OK,,,,36.97,OK,,,,37.04,OK,,,,,,,,,,,,,,,,,
2410121184C,NEW KAPPAEX1.0,CM4P6,2024-10-12 22:00:59,18.688,26.86,OK,23.77,23.16,OK,22.32,22.01,OK,23.51,23.16,OK,21.46,21.02,OK,23.02,22.96,OK,21.7,21.18,OK,20.41,19.92,OK,0,0,,0,0,,0,OK,0,OK,0,OK,0,OK,0,OK,0,OK,0,OK,0,,0,,0,OK,0,OK,0,OK,0,OK,0,OK,0,OK,0,OK,0,,0,,,,53.02,OK,,,,51.79,OK,,,,-293.41,OK,,,,-292.03,OK,,,,172.94,OK,,,,173.71,OK,,,,,,,,,,,,,,,,,
2410121165D,ATKINSON 3.8 OCV,DM2P5,2024-10-12 22:01:14,18.999,24.27,OK,28.58,28.53,OK,25.11,25.11,OK,24.75,24.63,OK,27.63,27.51,OK,27.49,27.44,OK,25.45,25.4,OK,25.81,25.79,OK,0,0,,0,0,,10.71,OK,10.79,OK,10.8,OK,10.81,OK,10.83,OK,10.83,OK,10.83,OK,0,,0,,10.34,OK,10.33,OK,10.35,OK,10.35,OK,10.4,OK,10.35,OK,10.36,OK,0,,0,,,,82.87,OK,,,,82.44,OK,,,,157.67,OK,,,,157.69,OK,,,,37.39,OK,,,,37.26,OK,,,,,,,,,,,,,,,,,
11,,,2024-10-12 22:01:48,,,,,,,,,,,,,,,,,,,,,,,,,,,,,,,,,,,,,,,,,,,,,,,,,,,,,,,,,,,,,,,,,,,,,53,OK,,,,53.68,OK,,,,-292.94,OK,,,,-291.25,OK,,,,172.34,OK,,,,172.2,OK,,,,,,,,,,,,,,,,,
2410121168D,ATKINSON 3.8 OCV,DM3P7,2024-10-12 22:02:06,18.984,23.32,OK,27.33,27.21,OK,27.03,27.03,OK,26.19,25.66,OK,25.29,25.24,OK,28.79,28.65,OK,27.05,27,OK,27.35,27.23,OK,0,0,,0,0,,11.27,OK,11.36,OK,11.3,OK,11.52,OK,11.58,OK,11.59,OK,11.56,OK,0,,0,,12.78,OK,12.84,OK,12.91,OK,12.79,OK,12.8,OK,12.79,OK,12.8,OK,0,,0,,,,82.47,OK,,,,83.09,OK,,,,156.84,OK,,,,156.96,OK,,,,36.48,OK,,,,36.9,OK,,,,,,,,,,,,,,,,,
2410121186C,NEW KAPPAEX1.0,CM1P5,2024-10-12 22:02:37,18.686,27.33,OK,21.52,21.24,OK,22.18,21.71,OK,22.36,22.22,OK,20.92,20.29,OK,22.13,21.94,OK,21.41,20.73,OK,22.95,22.55,OK,0,0,,0,0,,5.73,OK,6.52,OK,6.75,OK,6.56,OK,6.85,OK,6.67,OK,7.08,OK,0,,0,,6.04,OK,6.62,OK,6.23,OK,6.24,OK,6.35,OK,6.75,OK,6.23,OK,0,,0,,,,52.67,OK,,,,53.04,OK,,,,-292.34,OK,,,,-292.39,OK,,,,172.64,OK,,,,173.37,OK,,,,,,,,,,,,,,,,,
2410121166D,ATKINSON 3.8 OCV,DM4P1,2024-10-12 22:03:01,18.99,24.05,OK,25.24,25.15,OK,23.22,23.22,OK,23.64,23.08,OK,26.82,26.54,OK,26.42,26.33,OK,25.84,25.82,OK,24.94,24.87,OK,0,0,,0,0,,11.99,OK,12.3,OK,12.42,OK,12.48,OK,12.3,OK,12.33,OK,12.46,OK,0,,0,,12.42,OK,12.4,OK,12.39,OK,12.4,OK,12.36,OK,12.34,OK,12.48,OK,0,,0,,,,82.4,OK,,,,82.57,OK,,,,157.12,OK,,,,157.69,OK,,,,36.94,OK,,,,37,OK,,,,,,,,,,,,,,,,,
2410121187C,NEW KAPPAEX1.0,CM2P3,2024-10-12 22:03:29,18.691,28.12,OK,25.13,24.9,OK,22.78,22.22,OK,24.04,23.85,OK,22.82,22.64,OK,23.17,23.08,OK,21.84,21.4,OK,22.99,22.8,OK,0,0,,0,0,,15.36,OK,15.36,OK,15.36,OK,15.36,OK,15.36,OK,15.36,OK,15.36,OK,0,,0,,15.36,OK,15.36,OK,15.36,OK,15.36,OK,15.36,OK,15.36,OK,15.36,OK,0,,0,,,,53.4,OK,,,,53.13,OK,,,,-293.02,OK,,,,-292.34,OK,,,,170.84,OK,,,,171.94,OK,,,,,,,,,,,,,,,,,
2410121170D,ATKINSON 3.8 OCV,DM2P2,2024-10-12 22:03:53,18.998,24.17,OK,28.77,28.67,OK,25.47,25.35,OK,24.53,24.36,OK,26.78,26.73,OK,27.92,27.92,OK,25.33,25.23,OK,24.53,24.48,OK,0,0,,0,0,,10.74,OK,10.79,OK,10.81,OK,10.79,OK,10.79,OK,10.83,OK,10.78,OK,0,,0,,10.3,OK,10.25,OK,10.33,OK,10.21,OK,10.36,OK,10.37,OK,10.3,OK,0,,0,,,,82.48,OK,,,,82.79,OK,,,,157.37,OK,,,,157.61,OK,,,,37.26,OK,,,,36.94,OK,,,,,,,,,,,,,,,,,
2410121188C,NEW KAPPAEX1.0,CM3P7,2024-10-12 22:04:18,18.689,28.23,OK,25.52,24.75,OK,24.32,23.33,OK,25.5,25.03,OK,25.61,24.94,OK,24.14,23.71,OK,24.73,23.87,OK,24.39,23.28,OK,0,0,,0,0,,0,OK,0,OK,0,OK,0,OK,0,OK,0,OK,0,OK,0,,0,,0,OK,0,OK,0,OK,0,OK,0,OK,0,OK,0,OK,0,,0,,,,52.84,OK,,,,53.18,OK,,,,-291.41,OK,,,,-290.62,OK,,,,172.69,OK,,,,170.92,OK,,,,,,,,,,,,,,,,,
2410121167D,ATKINSON 3.8 OCV,DM5P9,2024-10-12 22:04:45,18.999,25.42,OK,25.13,24.95,OK,24.44,24.39,OK,24.99,24.69,OK,23.67,23.58,OK,24.48,24.39,OK,25.13,25.04,OK,24.64,24.51,OK,0,0,,0,0,,2.1,OK,2.65,OK,2.63,OK,2.62,OK,2.68,OK,2.65,OK,2.83,OK,0,,0,,0.8,OK,0.78,OK,0.85,OK,0.79,OK,0.81,OK,0.82,OK,0.87,OK,0,,0,,,,82.05,OK,,,,82.37,OK,,,,157.99,OK,,,,158.55,OK,,,,37.9,OK,,,,37.64,OK,,,,,,,,,,,,,,,,,
2410121189C,NEW KAPPAEX1.0,CM4P9,2024-10-12 22:05:03,18.699,27.71,OK,25.03,24.63,OK,22.12,21.79,OK,23.35,22.89,OK,21.07,20.8,OK,23.42,23.4,OK,22.23,21.46,OK,22.69,21.73,OK,0,0,,0,0,,0,OK,0,OK,0,OK,0,OK,0,OK,0,OK,0,OK,0,,0,,0,OK,0,OK,0,OK,0,OK,0,OK,0,OK,0,OK,0,,0,,,,53.98,OK,,,,53.08,OK,,,,-292.5,OK,,,,-292.04,OK,,,,171.73,OK,,,,172.67,OK,,,,,,,,,,,,,,,,,
2410121169D,ATKINSON 3.8 OCV,DM1P3,2024-10-12 22:05:40,18.988,22.71,OK,25.8,25.69,OK,27.55,27.22,OK,24.31,23.93,OK,26.74,26.61,OK,26.54,26.54,OK,26.34,26.27,OK,25.62,25.46,OK,0,0,,0,0,,11.45,OK,11.4,OK,11.7,OK,11.43,OK,11.52,OK,11.54,OK,11.61,OK,0,,0,,9.96,OK,10.15,OK,10.17,OK,10.29,OK,10.14,OK,10.12,OK,10.1,OK,0,,0,,,,83.07,OK,,,,82.74,OK,,,,157.37,OK,,,,157.69,OK,,,,36.85,OK,,,,37.2,OK,,,,,,,,,,,,,,,,,
2410121191C,NEW KAPPAEX1.0,CM1P8,2024-10-12 22:05:52,18.688,26.16,OK,23.81,23.67,OK,21.87,21.55,OK,23.93,23.79,OK,22.2,21.55,OK,22.48,22.32,OK,21.97,21.43,OK,23.58,23.23,OK,0,0,,0,0,,5.89,OK,6.61,OK,6.58,OK,6.96,OK,6.79,OK,6.84,OK,6.71,OK,0,,0,,5.99,OK,6.85,OK,7.04,OK,6.48,OK,6.49,OK,6.87,OK,6.26,OK,0,,0,,,,52.74,OK,,,,52.17,OK,,,,-292.25,OK,,,,-293.29,OK,,,,173.41,OK,,,,173.36,OK,,,,,,,,,,,,,,,,,
2410121171D,ATKINSON 3.8 OCV,DM3P4,2024-10-12 22:06:36,18.988,23.96,OK,28.21,28.14,OK,29.95,29.93,OK,26.17,25.82,OK,25.54,25.52,OK,28.28,28.23,OK,27.1,27.03,OK,27.95,27.84,OK,0,0,,0,0,,11.27,OK,11.46,OK,11.33,OK,11.5,OK,11.63,OK,11.6,OK,11.46,OK,0,,0,,12.77,OK,12.76,OK,12.61,OK,12.78,OK,12.59,OK,12.8,OK,12.81,OK,0,,0,,,,82.47,OK,,,,82.68,OK,,,,157.42,OK,,,,157.89,OK,,,,37.12,OK,,,,36.82,OK,,,,,,,,,,,,,,,,,
2410121190C,NEW KAPPAEX1.0,CM5P2,2024-10-12 22:06:37,18.695,26.73,OK,24.66,24.44,OK,21.69,21.5,OK,22.29,21.93,OK,21.31,21.26,OK,21.93,21.67,OK,22.36,21.84,OK,21.58,21.22,OK,0,0,,0,0,,2.36,OK,2.4,OK,2.4,OK,2.48,OK,2.41,OK,2.42,OK,2.42,OK,0,,0,,2.56,OK,2.4,OK,2.42,OK,2.43,OK,2.42,OK,2.42,OK,2.29,OK,0,,0,,,,53.65,OK,,,,53.38,OK,,,,-291.97,OK,,,,-292.35,OK,,,,171.7,OK,,,,171.24,OK,,,,,,,,,,,,,,,,,
2410121192C,NEW KAPPAEX1.0,CM2P4,2024-10-12 22:07:23,18.682,27,OK,24.25,24.08,OK,22.54,22.26,OK,23.45,23.13,OK,22.43,22.31,OK,21.26,21.07,OK,22.96,22.57,OK,22.68,22.33,OK,0,0,,0,0,,15.36,OK,15.36,OK,15.36,OK,15.36,OK,15.36,OK,15.36,OK,15.36,OK,0,,0,,15.36,OK,15.36,OK,15.36,OK,15.36,OK,15.36,OK,15.36,OK,15.36,OK,0,,0,,,,53.45,OK,,,,52.45,OK,,,,-292.03,OK,,,,-291.49,OK,,,,169.84,OK,,,,172.04,OK,,,,,,,,,,,,,,,,,
2410121173D,ATKINSON 3.8 OCV,DM2P5,2024-10-12 22:07:28,18.983,22.96,OK,26.73,26.56,OK,24.89,24.77,OK,24.29,24.24,OK,25.72,25.6,OK,26.01,25.98,OK,25.4,25.35,OK,25.01,24.99,OK,0,0,,0,0,,10.86,OK,10.77,OK,10.81,OK,10.8,OK,10.83,OK,10.8,OK,10.8,OK,0,,0,,10.32,OK,10.33,OK,10.29,OK,10.31,OK,10.31,OK,10.25,OK,10.29,OK,0,,0,,,,82.33,OK,,,,82.16,OK,,,,157.6,OK,,,,157.83,OK,,,,37.58,OK,,,,37.55,OK,,,,,,,,,,,,,,,,,
2410121193C,NEW KAPPAEX1.0,CM3P1,2024-10-12 22:08:12,18.688,26.27,OK,27.13,26.16,OK,24.3,23.92,OK,24.64,24.37,OK,25.14,24.26,OK,24.21,23.87,OK,24.39,23.42,OK,25.66,24.98,OK,0,0,,0,0,,0,OK,0,OK,0,OK,0,OK,0,OK,0,OK,0,OK,0,,0,,0,OK,0,OK,0,OK,0,OK,0,OK,0,OK,0,OK,0,,0,,,,53.35,OK,,,,53.3,OK,,,,-291.65,OK,,,,-291.16,OK,,,,172.35,OK,,,,172.21,OK,,,,,,,,,,,,,,,,,
2410121172D,ATKINSON 3.8 OCV,DM4P8,2024-10-12 22:08:23,18.997,24.37,OK,23.96,23.82,OK,23.73,23.41,OK,25.38,24.98,OK,27.68,27.68,OK,25.63,25.52,OK,26.05,26.05,OK,24.15,24.1,OK,0,0,,0,0,,12.13,OK,12.14,OK,12.48,OK,12.25,OK,12.47,OK,12.44,OK,12.49,OK,0,,0,,12.42,OK,12.42,OK,12.43,OK,12.57,OK,12.37,OK,12.43,OK,12.44,OK,0,,0,,,,82.01,OK,,,,82.06,OK,,,,157.97,OK,,,,158.01,OK,,,,37.12,OK,,,,37.46,OK,,,,,,,,,,,,,,,,,
2410121194C,NEW KAPPAEX1.0,CM4P5,2024-10-12 22:08:57,18.696,26.86,OK,26.19,25.62,OK,23.95,23.42,OK,25.05,24.32,OK,22.52,22.01,OK,23.4,23.38,OK,21.66,20.78,OK,21.92,21.62,OK,0,0,,0,0,,0,OK,0,OK,0,OK,0,OK,0,OK,0,OK,0,OK,0,,0,,0,OK,0,OK,0,OK,0,OK,0,OK,0,OK,0,OK,0,,0,,,,52.97,OK,,,,52.96,OK,,,,-292.66,OK,,,,-291.05,OK,,,,172.51,OK,,,,172.47,OK,,,,,,,,,,,,,,,,,
2410121175D,ATKINSON 3.8 OCV,DM1P1,2024-10-12 22:09:15,18.989,24.63,OK,25.37,25.17,OK,26,25.98,OK,25.64,25.33,OK,26.16,26.05,OK,24.9,24.9,OK,25.33,25.3,OK,26.68,26.63,OK,0,0,,0,0,,11.43,OK,11.45,OK,11.62,OK,11.59,OK,11.49,OK,11.51,OK,11.48,OK,0,,0,,9.97,OK,10.3,OK,10.43,OK,10.46,OK,10.32,OK,10.26,OK,10.18,OK,0,,0,,,,82.49,OK,,,,82.64,OK,,,,157.05,OK,,,,157.56,OK,,,,37.03,OK,,,,37.32,OK,,,,,,,,,,,,,,,,,
2410121196C,NEW KAPPAEX1.0,CM5P6,2024-10-12 22:09:43,18.692,26.55,OK,23.49,23.39,OK,21.22,20.98,OK,21.98,21.69,OK,21.12,21.1,OK,21.38,21.1,OK,21.91,21.62,OK,20.91,20.72,OK,0,0,,0,0,,2.4,OK,2.41,OK,2.42,OK,2.41,OK,2.41,OK,2.48,OK,2.45,OK,0,,0,,2.78,OK,2.38,OK,2.38,OK,2.42,OK,2.51,OK,2.51,OK,2.29,OK,0,,0,,,,53.73,OK,,,,52.73,OK,,,,-292.14,OK,,,,-291.98,OK,,,,171.81,OK,,,,172.79,OK,,,,,,,,,,,,,,,,,
2410121176D,ATKINSON 3.8 OCV,DM3P9,2024-10-12 22:10:10,18.996,24.01,OK,27.26,27.16,OK,26.77,26.72,OK,26.12,25.84,OK,25.31,25.26,OK,28.16,28.07,OK,26.77,26.72,OK,25.31,25.24,OK,0,0,,0,0,,11.48,OK,11.52,OK,11.54,OK,11.51,OK,11.49,OK,11.45,OK,11.65,OK,0,,0,,12.84,OK,12.81,OK,12.83,OK,12.8,OK,12.66,OK,12.8,OK,12.81,OK,0,,0,,,,82.15,OK,,,,82.54,OK,,,,157.02,OK,,,,157.53,OK,,,,37.29,OK,,,,37.05,OK,,,,,,,,,,,,,,,,,
2410121195C,NEW KAPPAEX1.0,CM1P3,2024-10-12 22:10:28,18.685,27.45,OK,23.58,23.41,OK,22.55,22.15,OK,23.95,23.81,OK,22.6,21.94,OK,22.27,22.2,OK,23.11,22.69,OK,22.92,22.48,OK,0,0,,0,0,,5.93,OK,6.55,OK,6.53,OK,6.89,OK,6.85,OK,6.74,OK,6.75,OK,0,,0,,5.93,OK,6.61,OK,6.66,OK,6.54,OK,6.7,OK,6.74,OK,6.19,OK,0,,0,,,,53.72,OK,,,,53.06,OK,,,,-293.87,OK,,,,-293.59,OK,,,,173.12,OK,,,,172.15,OK,,,,,,,,,,,,,,,,,
2410121178D,ATKINSON 3.8 OCV,DM4P7,2024-10-12 22:11:05,18.994,22.73,OK,24.8,24.64,OK,25.54,25.49,OK,24.64,24.22,OK,26.28,26.19,OK,26.52,26.47,OK,25.56,25.52,OK,24.89,24.82,OK,0,0,,0,0,,12.24,OK,12.43,OK,12.34,OK,12.38,OK,12.48,OK,12.5,OK,12.37,OK,0,,0,,12.37,OK,12.36,OK,12.4,OK,12.45,OK,12.39,OK,12.2,OK,12.35,OK,0,,0,,,,82.84,OK,,,,83.22,OK,,,,157.85,OK,,,,157.7,OK,,,,36.93,OK,,,,37.28,OK,,,,,,,,,,,,,,,,,
2410121197C,NEW KAPPAEX1.0,CM2P7,2024-10-12 22:11:17,18.698,26.51,OK,24.25,23.97,OK,24.25,23.76,OK,23.31,23.06,OK,22.1,21.87,OK,21.98,21.98,OK,20.65,20.28,OK,22.57,22.36,OK,0,0,,0,0,,15.36,OK,15.36,OK,15.36,OK,15.36,OK,15.36,OK,15.36,OK,15.36,OK,0,,0,,15.36,OK,15.36,OK,15.36,OK,15.36,OK,15.36,OK,15.36,OK,15.36,OK,0,,0,,,,53.89,OK,,,,53.4,OK,,,,-292.02,OK,,,,-292.39,OK,,,,172.14,OK,,,,172.02,OK,,,,,,,,,,,,,,,,,
2410121174D,ATKINSON 3.8 OCV,DM5P6,2024-10-12 22:12:01,18.999,21.66,OK,23.74,23.65,OK,24.16,24.09,OK,24.23,23.9,OK,23.16,23.07,OK,24.09,23.95,OK,24.88,24.76,OK,24.16,24.06,OK,0,0,,0,0,,2.14,OK,2.61,OK,2.61,OK,2.65,OK,2.67,OK,2.64,OK,2.63,OK,0,,0,,0.8,OK,0.82,OK,0.85,OK,0.84,OK,0.86,OK,0.81,OK,0.83,OK,0,,0,,,,82.67,OK,,,,82.51,OK,,,,157.41,OK,,,,157.49,OK,,,,37.61,OK,,,,37.98,OK,,,,,,,,,,,,,,,,,
2410121198C,NEW KAPPAEX1.0,CM3P2,2024-10-12 22:12:06,18.698,26.51,OK,28.01,27.18,OK,25.5,24.87,OK,27.81,27.47,OK,25.66,24.91,OK,25.28,25.09,OK,25.48,24.42,OK,25.75,25.28,OK,0,0,,0,0,,0,OK,0,OK,0,OK,0,OK,0,OK,0,OK,0,OK,0,,0,,0,OK,0,OK,0,OK,0,OK,0,OK,0,OK,0,OK,0,,0,,,,52.71,OK,,,,53.07,OK,,,,-291.26,OK,,,,-293.17,OK,,,,173.35,OK,,,,170.83,OK,,,,,,,,,,,,,,,,,
2410121199C,NEW KAPPAEX1.0,CM4P9,2024-10-12 22:12:51,18.698,27.25,OK,25.93,25.33,OK,23.49,23.27,OK,23.38,23.09,OK,21.75,21.51,OK,24.76,24.67,OK,22.08,21.44,OK,22.1,21.42,OK,0,0,,0,0,,0,OK,0,OK,0,OK,0,OK,0,OK,0,OK,0,OK,0,,0,,0,OK,0,OK,0,OK,0,OK,0,OK,0,OK,0,OK,0,,0,,,,53.92,OK,,,,52.92,OK,,,,-292.83,OK,,,,-292.22,OK,,,,171.91,OK,,,,172.5,OK,,,,,,,,,,,,,,,,,
2410121179D,ATKINSON 3.8 OCV,DM1P4,2024-10-12 22:12:53,18.984,23.01,OK,26.5,26.25,OK,27.98,27.87,OK,26,25.57,OK,25.89,25.82,OK,26.65,26.65,OK,26.09,26.02,OK,26.23,26.14,OK,0,0,,0,0,,11.38,OK,11.46,OK,11.33,OK,11.37,OK,11.46,OK,11.43,OK,11.45,OK,0,,0,,9.75,OK,10.38,OK,10.34,OK,10.3,OK,10.3,OK,10.21,OK,10.26,OK,0,,0,,,,82.08,OK,,,,82.22,OK,,,,157.11,OK,,,,157.43,OK,,,,37.25,OK,,,,37.39,OK,,,,,,,,,,,,,,,,,
2410121200C,NEW KAPPAEX1.0,CM5P8,2024-10-12 22:13:40,18.692,26.97,OK,23.8,23.51,OK,21.5,21.34,OK,22.24,21.98,OK,19.88,19.86,OK,22.41,22.29,OK,22.12,21.79,OK,21.31,20.98,OK,0,0,,0,0,,2.45,OK,2.43,OK,2.42,OK,2.4,OK,2.44,OK,2.5,OK,2.44,OK,0,,0,,2.88,OK,2.38,OK,2.41,OK,2.41,OK,2.51,OK,2.54,OK,2.28,OK,0,,0,,,,53.33,OK,,,,54.61,OK,,,,-290.76,OK,,,,-292.71,OK,,,,170.27,OK,,,,171.1,OK,,,,,,,,,,,,,,,,,
2410121180D,ATKINSON 3.8 OCV,DM3P8,2024-10-12 22:13:48,18.983,23.2,OK,26.86,26.79,OK,25.77,25.73,OK,26.17,25.87,OK,24.06,24.06,OK,29.04,29,OK,27.33,27.33,OK,26.21,26.17,OK,0,0,,0,0,,10.97,OK,11.45,OK,11.64,OK,11.46,OK,11.63,OK,11.68,OK,11.64,OK,0,,0,,12.77,OK,12.85,OK,12.8,OK,12.83,OK,12.81,OK,12.78,OK,12.83,OK,0,,0,,,,81.72,OK,,,,82.21,OK,,,,157.29,OK,,,,157.94,OK,,,,36.74,OK,,,,37.14,OK,,,,,,,,,,,,,,,,,
2410121201C,NEW KAPPAEX1.0,CM1P4,2024-10-12 22:14:25,18.698,27.23,OK,24.98,24.79,OK,22.76,22.18,OK,23.3,23.11,OK,21.57,21.17,OK,21.94,21.78,OK,23.51,23.32,OK,23.23,22.95,OK,0,0,,0,0,,5.76,OK,6.88,OK,6.64,OK,6.61,OK,6.77,OK,7.3,OK,6.78,OK,0,,0,,6.21,OK,6.43,OK,6.5,OK,6.65,OK,7.03,OK,6.47,OK,6.28,OK,0,,0,,,,53.07,OK,,,,51.77,OK,,,,-292.44,OK,,,,-292.5,OK,,,,172.76,OK,,,,172.13,OK,,,,,,,,,,,,,,,,,
2410121181D,ATKINSON 3.8 OCV,DM2P5,2024-10-12 22:14:43,18.989,23.62,OK,28.79,28.7,OK,27.12,26.98,OK,25.23,24.99,OK,26.71,26.61,OK,27.32,27.27,OK,25.4,25.31,OK,25.86,25.81,OK,0,0,,0,0,,10.85,OK,10.73,OK,11.09,OK,10.8,OK,10.81,OK,10.82,OK,10.99,OK,0,,0,,10.28,OK,10.19,OK,10.22,OK,10.23,OK,10.28,OK,10.28,OK,10.21,OK,0,,0,,,,82.06,OK,,,,81.97,OK,,,,157.7,OK,,,,158.07,OK,,,,37.9,OK,,,,37.88,OK,,,,,,,,,,,,,,,,,
2410121202C,NEW KAPPAEX1.0,CM2P1,2024-10-12 22:15:11,18.694,26.93,OK,23.43,23.27,OK,23.59,23.22,OK,23.73,23.38,OK,22.57,22.38,OK,21.87,21.84,OK,23.38,22.92,OK,23.08,22.68,OK,0,0,,0,0,,15.36,OK,15.36,OK,15.36,OK,15.36,OK,15.36,OK,15.36,OK,15.36,OK,0,,0,,15.36,OK,15.36,OK,15.36,OK,15.36,OK,15.36,OK,15.36,OK,15.36,OK,0,,0,,,,53.43,OK,,,,53.01,OK,,,,-293.38,OK,,,,-291.94,OK,,,,172.44,OK,,,,172.18,OK,,,,,,,,,,,,,,,,,
2410121182D,ATKINSON 3.8 OCV,DM4P6,2024-10-12 22:15:35,18.988,23.43,OK,25.33,25.17,OK,24.59,24.52,OK,23.34,22.9,OK,26.31,26.17,OK,26.14,26.1,OK,26.35,26.26,OK,24.43,24.38,OK,0,0,,0,0,,12.29,OK,12.33,OK,12.3,OK,12.28,OK,12.35,OK,12.38,OK,12.23,OK,0,,0,,12.34,OK,12.47,OK,11.78,OK,12.33,OK,12.49,OK,12.14,OK,12.46,OK,0,,0,,,,83.01,OK,,,,82.87,OK,,,,157.53,OK,,,,156.83,OK,,,,37.5,OK,,,,37.44,OK,,,,,,,,,,,,,,,,,
2410121203C,NEW KAPPAEX1.0,CM3P5,2024-10-12 22:15:59,18.693,27.33,OK,27.13,26.43,OK,24.96,24.35,OK,26.81,26.27,OK,25.57,24.69,OK,26.14,25.66,OK,24.71,23.6,OK,25.34,24.55,OK,0,0,,0,0,,0,OK,0,OK,0,OK,0,OK,0,OK,0,OK,0,OK,0,,0,,0,OK,0,OK,0,OK,0,OK,0,OK,0,OK,0,OK,0,,0,,,,52.55,OK,,,,52.67,OK,,,,-292.12,OK,,,,-290.97,OK,,,,172.73,OK,,,,171.39,OK,,,,,,,,,,,,,,,,,
2410121184D,ATKINSON 3.8 OCV,DM1P1,2024-10-12 22:16:30,18.971,23.41,OK,24.7,24.56,OK,26.27,26.18,OK,25.33,24.99,OK,26.05,26,OK,25.82,25.8,OK,25.78,25.69,OK,25.28,25.24,OK,0,0,,0,0,,11.42,OK,11.43,OK,11.45,OK,11.43,OK,11.51,OK,11.5,OK,11.51,OK,0,,0,,9.91,OK,10.31,OK,10.3,OK,10.25,OK,10.23,OK,10.15,OK,10.11,OK,0,,0,,,,82.26,OK,,,,82.56,OK,,,,157.29,OK,,,,157.83,OK,,,,37.19,OK,,,,37.24,OK,,,,,,,,,,,,,,,,,
2410121204C,NEW KAPPAEX1.0,CM4P6,2024-10-12 22:16:45,18.699,27.11,OK,23.53,23.22,OK,21.73,21.29,OK,24.87,24.41,OK,23.05,22.63,OK,23.51,23.4,OK,22.47,21.81,OK,23.57,23.22,OK,0,0,,0,0,,0,OK,0,OK,0,OK,0,OK,0,OK,0,OK,0,OK,0,,0,,0,OK,0,OK,0,OK,0,OK,0,OK,0,OK,0,OK,0,,0,,,,53.22,OK,,,,51.9,OK,,,,-293.01,OK,,,,-291.88,OK,,,,173.57,OK,,,,173.78,OK,,,,,,,,,,,,,,,,,
2410121185D,ATKINSON 3.8 OCV,DM3P9,2024-10-12 22:17:29,18.992,23.25,OK,26.7,26.63,OK,26.61,26.58,OK,26.21,25.89,OK,23.38,23.34,OK,28.23,28.19,OK,25.8,25.75,OK,26.4,26.35,OK,0,0,,0,0,,11.41,OK,11.4,OK,11.5,OK,11.47,OK,11.55,OK,11.52,OK,11.42,OK,0,,0,,12.7,OK,12.81,OK,12.81,OK,12.79,OK,12.78,OK,12.53,OK,12.79,OK,0,,0,,,,81.97,OK,,,,82.25,OK,,,,158.11,OK,,,,158.27,OK,,,,37.93,OK,,,,37.36,OK,,,,,,,,,,,,,,,,,
2410121205C,NEW KAPPAEX1.0,CM5P3,2024-10-12 22:17:34,18.695,27.15,OK,26.45,26.09,OK,22.22,21.77,OK,22.77,22.44,OK,21.31,21.07,OK,22.05,21.6,OK,21.84,21.48,OK,22.15,21.79,OK,0,0,,0,0,,2.42,OK,2.42,OK,2.43,OK,2.49,OK,2.42,OK,2.44,OK,2.44,OK,0,,0,,2.57,OK,2.37,OK,2.45,OK,2.48,OK,2.41,OK,2.44,OK,2.29,OK,0,,0,,,,52.78,OK,,,,52.9,OK,,,,-291.49,OK,,,,-292.08,OK,,,,172.02,OK,,,,172.16,OK,,,,,,,,,,,,,,,,,
2410121186D,ATKINSON 3.8 OCV,DM2P2,2024-10-12 22:18:21,18.986,23.16,OK,29.83,29.76,OK,25.18,25.06,OK,24.24,24.19,OK,27.49,27.44,OK,27.58,27.58,OK,24.82,24.72,OK,25.43,25.43,OK,0,0,,0,0,,11.11,OK,10.8,OK,10.8,OK,10.81,OK,10.81,OK,10.84,OK,10.99,OK,0,,0,,10.28,OK,10.21,OK,10.23,OK,10.23,OK,10.2,OK,10.21,OK,10.22,OK,0,,0,,,,81.98,OK,,,,82.39,OK,,,,157.33,OK,,,,157.93,OK,,,,37.66,OK,,,,37.51,OK,,,,,,,,,,,,,,,,,
2410121206C,,C,2024-10-12 22:18:23,18.687,26.98,OK,,,,,,,,,,,,,,,,,,,,,,,,,,,,,,,,,,,,,,,,,,,,,,,,,,,,,,,,,,,,,,,,,,54.16,OK,,,,54.19,OK,,,,-292.72,OK,,,,-293,OK,,,,172.25,OK,,,,172.81,OK,,,,,,,,,,,,,,,,,
2410121207C,NEW KAPPAEX1.0,CM2P2,2024-10-12 22:19:11,18.693,27.5,OK,25.58,25.41,OK,22.78,22.54,OK,24.01,23.64,OK,22.24,22.12,OK,23.22,23.22,OK,21.19,20.63,OK,22.92,22.68,OK,0,0,,0,0,,15.36,OK,15.36,OK,15.36,OK,15.36,OK,15.36,OK,15.36,OK,15.36,OK,0,,0,,15.36,OK,15.36,OK,15.36,OK,15.36,OK,15.36,OK,15.36,OK,15.36,OK,0,,0,,,,53.24,OK,,,,54.29,OK,,,,-291.89,OK,,,,-291.66,OK,,,,173.06,OK,,,,172.19,OK,,,,,,,,,,,,,,,,,
2410121183D,ATKINSON 3.8 OCV,DM5P3,2024-10-12 22:19:13,18.996,21.66,OK,24.95,24.83,OK,26.62,26.38,OK,25.74,25.41,OK,24.6,24.48,OK,26.57,26.38,OK,24.97,24.78,OK,25.36,25.22,OK,0,0,,0,0,,2.08,OK,2.75,OK,2.67,OK,2.62,OK,2.81,OK,2.7,OK,2.66,OK,0,,0,,0.8,OK,0.81,OK,0.82,OK,0.83,OK,0.84,OK,0.8,OK,0.81,OK,0,,0,,,,82.82,OK,,,,81.86,OK,,,,158,OK,,,,158.48,OK,,,,37.88,OK,,,,38.07,OK,,,,,,,,,,,,,,,,,
2410121208C,NEW KAPPAEX1.0,CM3P9,2024-10-12 22:19:57,18.698,25.87,OK,26.72,26,OK,25.64,24.66,OK,24.78,24.37,OK,25.48,24.44,OK,25.64,25.18,OK,25.91,25.03,OK,24.71,23.65,OK,0,0,,0,0,,0,OK,0,OK,0,OK,0,OK,0,OK,0,OK,0,OK,0,,0,,0,OK,0,OK,0,OK,0,OK,0,OK,0,OK,0,OK,0,,0,,,,51.98,OK,,,,52.22,OK,,,,-293.28,OK,,,,-292.52,OK,,,,172.09,OK,,,,172.65,OK,,,,,,,,,,,,,,,,,
2410121187D,ATKINSON 3.8 OCV,DM4P7,2024-10-12 22:20:08,18.992,22.71,OK,25.89,25.68,OK,24.71,24.59,OK,23.87,23.5,OK,25.77,25.63,OK,25.59,25.54,OK,26,26,OK,25.68,25.56,OK,0,0,,0,0,,11.88,OK,12.38,OK,12.44,OK,12.39,OK,12.49,OK,12.42,OK,12.26,OK,0,,0,,12.54,OK,12.45,OK,12.41,OK,12.45,OK,12.41,OK,12.54,OK,12.46,OK,0,,0,,,,82.46,OK,,,,82.75,OK,,,,157.62,OK,,,,157.73,OK,,,,37.26,OK,,,,37.33,OK,,,,,,,,,,,,,,,,,
2410121209C,NEW KAPPAEX1.0,CM4P8,2024-10-12 22:20:42,18.69,27.18,OK,24.96,24.45,OK,21.99,21.64,OK,23.99,23.51,OK,22.74,22.41,OK,24.01,23.99,OK,22.94,22.58,OK,22.8,22.36,OK,0,0,,0,0,,0,OK,0,OK,0,OK,0,OK,0,OK,0,OK,0,OK,0,,0,,0,OK,0,OK,0,OK,0,OK,0,OK,0,OK,0,OK,0,,0,,,,53.93,OK,,,,52.72,OK,,,,-292.36,OK,,,,-292.02,OK,,,,171.49,OK,,,,172.36,OK,,,,,,,,,,,,,,,,,
2410121188D,ATKINSON 3.8 OCV,DM1P8,2024-10-12 22:21:03,18.995,22.82,OK,24.74,24.49,OK,27.13,26.97,OK,24.52,24.07,OK,26.86,26.83,OK,26.47,26.43,OK,25.48,25.46,OK,25.01,24.94,OK,0,0,,0,0,,11.4,OK,11.42,OK,11.45,OK,11.46,OK,11.46,OK,11.47,OK,11.46,OK,0,,0,,10.01,OK,10.35,OK,10.31,OK,10.39,OK,10.14,OK,10.24,OK,10.27,OK,0,,0,,,,81.71,OK,,,,82.21,OK,,,,157.43,OK,,,,157.89,OK,,,,36.8,OK,,,,37.16,OK,,,,,,,,,,,,,,,,,
2410121210C,NEW KAPPAEX1.0,CM5P4,2024-10-12 22:21:31,18.698,26.6,OK,24.37,24.18,OK,22.15,21.86,OK,22.27,21.93,OK,20.19,20.12,OK,21.93,21.72,OK,21.86,21.43,OK,21.53,21.24,OK,0,0,,0,0,,2.38,OK,2.42,OK,2.42,OK,2.44,OK,2.44,OK,2.45,OK,2.42,OK,0,,0,,2.55,OK,2.35,OK,2.41,OK,2.42,OK,2.41,OK,2.46,OK,2.29,OK,0,,0,,,,53.44,OK,,,,52.79,OK,,,,-292.18,OK,,,,-291.8,OK,,,,172.13,OK,,,,172.9,OK,,,,,,,,,,,,,,,,,
2410121189D,ATKINSON 3.8 OCV,DM3P5,2024-10-12 22:21:59,18.991,24.23,OK,25.42,25.36,OK,26.38,26.33,OK,24.75,24.4,OK,23.87,23.82,OK,26.56,26.45,OK,26,25.96,OK,26.07,26,OK,0,0,,0,0,,11.28,OK,11.6,OK,11.4,OK,11.55,OK,11.54,OK,11.45,OK,11.59,OK,0,,0,,12.77,OK,12.82,OK,12.85,OK,12.78,OK,12.78,OK,12.81,OK,12.85,OK,0,,0,,,,82.48,OK,,,,82.36,OK,,,,157.34,OK,,,,157.81,OK,,,,37.09,OK,,,,37.11,OK,,,,,,,,,,,,,,,,,
2410121211C,NEW KAPPAEX1.0,CM1P1,2024-10-12 22:22:20,18.694,27.13,OK,23.62,23.51,OK,22.27,21.62,OK,23.06,22.88,OK,21.85,21.29,OK,21.97,21.8,OK,22.95,22.41,OK,23.11,22.43,OK,0,0,,0,0,,6.14,OK,6.64,OK,6.51,OK,6.59,OK,6.96,OK,6.77,OK,6.7,OK,0,,0,,5.86,OK,6.55,OK,7.1,OK,6.55,OK,6.63,OK,7.12,OK,7.07,OK,0,,0,,,,54.12,OK,,,,51.66,OK,,,,-292.49,OK,,,,-294.39,OK,,,,171.66,OK,,,,172.11,OK,,,,,,,,,,,,,,,,,
2410121190D,ATKINSON 3.8 OCV,DM2P6,2024-10-12 22:22:54,18.994,22.93,OK,27.92,27.87,OK,25.23,25.14,OK,24.55,24.34,OK,26.27,26.23,OK,26.4,26.35,OK,25.06,25.06,OK,26.44,26.44,OK,0,0,,0,0,,10.83,OK,10.82,OK,10.81,OK,10.8,OK,10.8,OK,10.83,OK,10.82,OK,0,,0,,10.5,OK,10.31,OK,10.18,OK,10.17,OK,10.2,OK,10.16,OK,10.2,OK,0,,0,,,,82.93,OK,,,,83.35,OK,,,,157.08,OK,,,,157.17,OK,,,,37.53,OK,,,,37.51,OK,,,,,,,,,,,,,,,,,
2410121212C,NEW KAPPAEX1.0,CM2P5,2024-10-12 22:23:05,18.684,27.81,OK,22.73,22.66,OK,23.34,22.85,OK,24.11,23.78,OK,22.78,22.38,OK,22.26,22.15,OK,22.1,21.84,OK,22.75,22.59,OK,0,0,,0,0,,15.36,OK,15.36,OK,15.36,OK,15.36,OK,15.36,OK,15.36,OK,15.36,OK,0,,0,,15.36,OK,15.36,OK,15.36,OK,15.36,OK,15.36,OK,15.36,OK,15.36,OK,0,,0,,,,52.83,OK,,,,51.81,OK,,,,-292.43,OK,,,,-292.17,OK,,,,172.66,OK,,,,172.72,OK,,,,,,,,,,,,,,,,,
2410121191D,ATKINSON 3.8 OCV,DM5P4,2024-10-12 22:23:46,18.999,23.43,OK,24.27,24.13,OK,25.41,25.27,OK,24.25,23.72,OK,24.23,24.02,OK,27.22,27.13,OK,23.76,23.62,OK,26.22,26.15,OK,0,0,,0,0,,2.16,OK,2.62,OK,2.61,OK,2.64,OK,2.66,OK,2.62,OK,2.62,OK,0,,0,,0.82,OK,0.8,OK,0.79,OK,0.81,OK,0.84,OK,0.82,OK,0.82,OK,0,,0,,,,80.87,OK,,,,81.63,OK,,,,157.71,OK,,,,158.44,OK,,,,37.78,OK,,,,37.94,OK,,,,,,,,,,,,,,,,,
2410121213C,NEW KAPPAEX1.0,CM3P6,2024-10-12 22:23:54,18.696,26.9,OK,28.65,28.06,OK,25.66,24.98,OK,25.09,24.62,OK,25.21,24.12,OK,24.03,23.87,OK,25.95,25.12,OK,24.8,24.05,OK,0,0,,0,0,,0,OK,0,OK,0,OK,0,OK,0,OK,0,OK,0,OK,0,,0,,0,OK,0,OK,0,OK,0,OK,0,OK,0,OK,0,OK,0,,0,,,,52.6,OK,,,,54.04,OK,,,,-292.41,OK,,,,-291.17,OK,,,,172.86,OK,,,,172.35,OK,,,,,,,,,,,,,,,,,
2410121214C,NEW KAPPAEX1.0,CM4P3,2024-10-12 22:24:40,18.685,27.51,OK,26.24,25.6,OK,23.27,22.87,OK,25.86,25.31,OK,22.89,22.67,OK,23.99,23.88,OK,23.27,22.58,OK,23.93,23.2,OK,0,0,,0,0,,0,OK,0,OK,0,OK,0,OK,0,OK,0,OK,0,OK,0,,0,,0,OK,0,OK,0,OK,0,OK,0,OK,0,OK,0,OK,0,,0,,,,53.83,OK,,,,53.56,OK,,,,-292.49,OK,,,,-291.97,OK,,,,170.69,OK,,,,172.43,OK,,,,,,,,,,,,,,,,,
2410121193D,ATKINSON 3.8 OCV,DM1P1,2024-10-12 22:24:41,18.996,23,OK,24.07,23.84,OK,25.87,25.82,OK,24.72,24.34,OK,25.35,25.3,OK,24.83,24.74,OK,25.28,25.19,OK,25.01,24.9,OK,0,0,,0,0,,11.43,OK,11.42,OK,11.34,OK,11.35,OK,11.66,OK,11.42,OK,11.41,OK,0,,0,,9.84,OK,10.26,OK,10.29,OK,10.29,OK,10.18,OK,10.23,OK,10.11,OK,0,,0,,,,82.32,OK,,,,82.46,OK,,,,157.25,OK,,,,157.9,OK,,,,37.03,OK,,,,37.13,OK,,,,,,,,,,,,,,,,,
2410121215C,NEW KAPPAEX1.0,CM5P7,2024-10-12 22:25:28,18.685,27.51,OK,22.87,22.67,OK,21,20.86,OK,22.24,22.05,OK,20.76,20.57,OK,22.2,22.01,OK,21.77,21.46,OK,22.75,22.34,OK,0,0,,0,0,,2.35,OK,2.43,OK,2.42,OK,2.41,OK,2.41,OK,2.43,OK,2.46,OK,0,,0,,2.68,OK,2.38,OK,2.37,OK,2.39,OK,2.42,OK,2.43,OK,2.31,OK,0,,0,,,,53.5,OK,,,,53.63,OK,,,,-292.1,OK,,,,-292.44,OK,,,,171.78,OK,,,,172.63,OK,,,,,,,,,,,,,,,,,
2410121192D,ATKINSON 3.8 OCV,DM4P3,2024-10-12 22:25:36,18.998,22.87,OK,24.64,24.47,OK,24.73,24.73,OK,25.05,24.66,OK,26.54,26.49,OK,26.7,26.58,OK,26.72,26.61,OK,25.94,25.89,OK,0,0,,0,0,,12.22,OK,12.26,OK,12.24,OK,12.41,OK,12.2,OK,12.4,OK,12.34,OK,0,,0,,12.43,OK,12.47,OK,12.43,OK,12.42,OK,12.43,OK,12.54,OK,12.48,OK,0,,0,,,,82.88,OK,,,,82.54,OK,,,,157.95,OK,,,,158.38,OK,,,,37.52,OK,,,,37.32,OK,,,,,,,,,,,,,,,,,
2410121216C,NEW KAPPAEX1.0,CM1P2,2024-10-12 22:26:17,18.694,26.65,OK,23.65,23.58,OK,22.08,21.41,OK,23.46,23.25,OK,22.18,21.62,OK,22.36,22.34,OK,22.22,21.83,OK,22.46,22.18,OK,0,0,,0,0,,5.79,OK,6.99,OK,6.65,OK,6.59,OK,6.75,OK,6.78,OK,7.05,OK,0,,0,,7.21,OK,6.27,OK,6.54,OK,6.58,OK,6.74,OK,6.61,OK,6.51,OK,0,,0,,,,53.94,OK,,,,52.02,OK,,,,-292.26,OK,,,,-292.97,OK,,,,172.62,OK,,,,171.97,OK,,,,,,,,,,,,,,,,,
2410121195D,ATKINSON 3.8 OCV,DM2P2,2024-10-12 22:26:28,18.995,22.08,OK,25.98,25.98,OK,25.33,25.16,OK,23.71,23.54,OK,25.38,25.35,OK,26.06,26.03,OK,25.79,25.67,OK,24.36,24.31,OK,0,0,,0,0,,10.78,OK,10.79,OK,10.8,OK,10.81,OK,10.79,OK,10.81,OK,10.75,OK,0,,0,,10.16,OK,10.09,OK,10.15,OK,10.16,OK,10.17,OK,10.18,OK,10.14,OK,0,,0,,,,81.92,OK,,,,82.58,OK,,,,157.74,OK,,,,157.75,OK,,,,37.58,OK,,,,37.41,OK,,,,,,,,,,,,,,,,,
2410121217C,NEW KAPPAEX1.0,CM2P9,2024-10-12 22:27:03,18.686,27.01,OK,24.5,24.36,OK,22.12,21.82,OK,23.78,23.5,OK,22.52,22.15,OK,22.82,22.82,OK,21.05,20.68,OK,21.68,21.49,OK,0,0,,0,0,,15.36,OK,15.36,OK,15.36,OK,15.36,OK,15.36,OK,15.36,OK,15.36,OK,0,,0,,15.36,OK,15.36,OK,15.36,OK,15.36,OK,15.36,OK,15.36,OK,15.36,OK,0,,0,,,,52.38,OK,,,,53.3,OK,,,,-292.26,OK,,,,-291.32,OK,,,,172.29,OK,,,,171.2,OK,,,,,,,,,,,,,,,,,
2410121194D,ATKINSON 3.8 OCV,DM3P9,2024-10-12 22:27:24,18.993,21.4,OK,25.26,25.15,OK,24.64,24.61,OK,24.8,24.5,OK,23.73,23.68,OK,26.19,25.98,OK,24.91,24.89,OK,24.98,24.94,OK,0,0,,0,0,,11.35,OK,11.46,OK,11.47,OK,11.62,OK,11.48,OK,11.55,OK,11.48,OK,0,,0,,12.58,OK,12.73,OK,12.84,OK,12.79,OK,12.77,OK,12.78,OK,12.77,OK,0,,0,,,,82.26,OK,,,,82.61,OK,,,,158.11,OK,,,,158.44,OK,,,,37.92,OK,,,,37.34,OK,,,,,,,,,,,,,,,,,
2410121218C,NEW KAPPAEX1.0,CM3P8,2024-10-12 22:27:48,18.678,28.11,OK,27.06,26.27,OK,25.48,24.57,OK,26.16,25.77,OK,25.07,24.37,OK,25.09,24.71,OK,25.52,24.46,OK,25.59,24.37,OK,0,0,,0,0,,0,OK,0,OK,0,OK,0,OK,0,OK,0,OK,0,OK,0,,0,,0,OK,0,OK,0,OK,0,OK,0,OK,0,OK,0,OK,0,,0,,,,51.19,OK,,,,52.73,OK,,,,-291.7,OK,,,,-291.8,OK,,,,171.91,OK,,,,171.91,OK,,,,,,,,,,,,,,,,,
2410121197D,ATKINSON 3.8 OCV,DM1P5,2024-10-12 22:28:19,18.998,23.01,OK,23.77,23.64,OK,25.6,25.57,OK,25.35,25.03,OK,25.21,25.15,OK,25.35,25.21,OK,24.72,24.65,OK,24.22,24.16,OK,0,0,,0,0,,11.53,OK,11.38,OK,11.38,OK,11.36,OK,11.5,OK,11.48,OK,11.82,OK,0,,0,,9.85,OK,10.33,OK,10.29,OK,10.33,OK,10.29,OK,10.24,OK,10.15,OK,0,,0,,,,82.32,OK,,,,81.74,OK,,,,157.7,OK,,,,157.91,OK,,,,37.6,OK,,,,37.75,OK,,,,,,,,,,,,,,,,,
2410121219C,NEW KAPPAEX1.0,CM4P4,2024-10-12 22:28:37,18.692,27.27,OK,25.88,25.29,OK,24.43,24.21,OK,26.13,25.55,OK,21.97,21.59,OK,23.11,22.94,OK,22.8,22.32,OK,22.21,21.77,OK,0,0,,0,0,,0,OK,0,OK,0,OK,0,OK,0,OK,0,OK,0,OK,0,,0,,0,OK,0,OK,0,OK,0,OK,0,OK,0,OK,0,OK,0,,0,,,,53.51,OK,,,,52.15,OK,,,,-292.25,OK,,,,-292.05,OK,,,,171.16,OK,,,,173,OK,,,,,,,,,,,,,,,,,
2410121198D,ATKINSON 3.8 OCV,DM4P8,2024-10-12 22:29:14,18.994,25.45,OK,23.92,23.82,OK,24.71,24.64,OK,24.31,24.08,OK,25.61,25.54,OK,25.7,25.66,OK,25.33,25.31,OK,24.43,24.38,OK,0,0,,0,0,,12.04,OK,12.33,OK,12.3,OK,12.37,OK,12.4,OK,12.38,OK,12.39,OK,0,,0,,12.41,OK,12.42,OK,12.4,OK,12.46,OK,12.47,OK,12.43,OK,12.45,OK,0,,0,,,,82.04,OK,,,,82.08,OK,,,,158.21,OK,,,,157.88,OK,,,,37.1,OK,,,,37.2,OK,,,,,,,,,,,,,,,,,
2410121220C,NEW KAPPAEX1.0,CM5P1,2024-10-12 22:29:22,18.684,26.63,OK,24.42,24.3,OK,20.98,20.81,OK,22.34,22.12,OK,20.4,20.36,OK,21.62,21.41,OK,22.53,22.24,OK,21.81,21.5,OK,0,0,,0,0,,2.41,OK,2.43,OK,2.48,OK,2.43,OK,2.44,OK,2.44,OK,2.43,OK,0,,0,,2.57,OK,2.4,OK,2.46,OK,2.39,OK,2.45,OK,2.5,OK,2.4,OK,0,,0,,,,54.55,OK,,,,53.33,OK,,,,-292.7,OK,,,,-292.01,OK,,,,171.02,OK,,,,171.92,OK,,,,,,,,,,,,,,,,,
2410121199D,ATKINSON 3.8 OCV,DM2P4,2024-10-12 22:30:10,18.996,23.56,OK,27.51,27.39,OK,26.13,26.08,OK,24.6,24.36,OK,27,26.95,OK,26.49,26.42,OK,25.72,25.72,OK,26.01,25.98,OK,0,0,,0,0,,10.82,OK,10.81,OK,10.81,OK,10.78,OK,10.83,OK,10.85,OK,10.78,OK,0,,0,,10.22,OK,10.18,OK,10.14,OK,10.18,OK,10.2,OK,10.18,OK,10.36,OK,0,,0,,,,81.83,OK,,,,82.66,OK,,,,157.58,OK,,,,158.02,OK,,,,37.78,OK,,,,37.81,OK,,,,,,,,,,,,,,,,,
2410121221C,,C,2024-10-12 22:30:11,18.686,27.98,OK,,,,,,,,,,,,,,,,,,,,,,,,,,,,,,,,,,,,,,,,,,,,,,,,,,,,,,,,,,,,,,,,,,53.24,OK,,,,53.41,OK,,,,-292.62,OK,,,,-292.29,OK,,,,172.86,OK,,,,173.19,OK,,,,,,,,,,,,,,,,,
2410121222C,NEW KAPPAEX1.0,CM2P6,2024-10-12 22:31:00,18.69,27.36,OK,23.36,23.2,OK,23.08,22.64,OK,24.06,23.73,OK,22.12,21.7,OK,21.94,21.89,OK,22.36,21.96,OK,21.89,21.73,OK,0,0,,0,0,,15.36,OK,15.36,OK,15.36,OK,15.36,OK,15.36,OK,15.36,OK,15.36,OK,0,,0,,15.36,OK,15.36,OK,15.36,OK,15.36,OK,15.36,OK,15.36,OK,15.36,OK,0,,0,,,,53.62,OK,,,,53.17,OK,,,,-292.89,OK,,,,-291.24,OK,,,,172.92,OK,,,,172.95,OK,,,,,,,,,,,,,,,,,
2410121200D,ATKINSON 3.8 OCV,DM3P6,2024-10-12 22:31:05,18.994,23.86,OK,27.05,26.96,OK,26.38,26.31,OK,25.12,24.89,OK,24.15,24.08,OK,26.54,26.52,OK,26.26,26.21,OK,26.21,26.21,OK,0,0,,0,0,,11.44,OK,11.47,OK,11.53,OK,11.49,OK,11.64,OK,11.35,OK,11.12,OK,0,,0,,12.78,OK,12.78,OK,12.77,OK,12.78,OK,12.58,OK,12.81,OK,12.8,OK,0,,0,,,,83.04,OK,,,,83.17,OK,,,,157.43,OK,,,,157.54,OK,,,,37.1,OK,,,,37.4,OK,,,,,,,,,,,,,,,,,
2410121223C,NEW KAPPAEX1.0,CM3P3,2024-10-12 22:31:48,18.684,27.53,OK,29.55,28.69,OK,26.14,25.73,OK,28.44,28.06,OK,26.09,25.46,OK,25.86,25.55,OK,25.8,25.12,OK,25.05,24.32,OK,0,0,,0,0,,0,OK,0,OK,0,OK,0,OK,0,OK,0,OK,0,OK,0,,0,,0,OK,0,OK,0,OK,0,OK,0,OK,0,OK,0,OK,0,,0,,,,53.3,OK,,,,52.7,OK,,,,-291.47,OK,,,,-291.04,OK,,,,172.46,OK,,,,173.2,OK,,,,,,,,,,,,,,,,,
2410121201D,ATKINSON 3.8 OCV,DM1P1,2024-10-12 22:31:57,18.992,24.1,OK,24.52,24.22,OK,26.74,26.65,OK,25.15,24.9,OK,26.9,26.83,OK,25.03,24.97,OK,25.33,25.21,OK,25.01,24.85,OK,0,0,,0,0,,11.31,OK,11.64,OK,11.35,OK,11.4,OK,11.46,OK,11.45,OK,11.42,OK,0,,0,,9.9,OK,10.2,OK,10.28,OK,10.35,OK,10.13,OK,10.06,OK,10.24,OK,0,,0,,,,82.22,OK,,,,82.35,OK,,,,157.34,OK,,,,157.91,OK,,,,37.11,OK,,,,37.42,OK,,,,,,,,,,,,,,,,,
2410121224C,NEW KAPPAEX1.0,CM4P7,2024-10-12 22:32:34,18.693,26.65,OK,26.87,26.3,OK,23.71,22.74,OK,24.85,24.26,OK,22.41,22.1,OK,24.3,24.26,OK,23.64,23,OK,23.13,22.65,OK,0,0,,0,0,,0,OK,0,OK,0,OK,0,OK,0,OK,0,OK,0,OK,0,,0,,0,OK,0,OK,0,OK,0,OK,0,OK,0,OK,0,OK,0,,0,,,,53.33,OK,,,,53.25,OK,,,,-292.56,OK,,,,-292.93,OK,,,,173.11,OK,,,,173.12,OK,,,,,,,,,,,,,,,,,
2410121202D,ATKINSON 3.8 OCV,DM4P9,2024-10-12 22:32:49,18.999,23.45,OK,25.89,25.8,OK,24.33,24.24,OK,25.49,25.45,OK,26.65,26.61,OK,26.61,26.61,OK,26,25.91,OK,25.91,25.87,OK,0,0,,0,0,,12.04,OK,12.3,OK,12.31,OK,12.31,OK,12.32,OK,12.29,OK,12.17,OK,0,,0,,12.54,OK,12.38,OK,12.47,OK,11.58,OK,12.44,OK,12.18,OK,12.16,OK,0,,0,,,,81.88,OK,,,,81.86,OK,,,,158.38,OK,,,,158.1,OK,,,,38,OK,,,,37.68,OK,,,,,,,,,,,,,,,,,
2410121225C,NEW KAPPAEX1.0,CM5P2,2024-10-12 22:33:20,18.691,26.93,OK,23.2,22.91,OK,22.08,21.86,OK,21.67,21.38,OK,22.01,21.81,OK,21.19,21,OK,22.39,21.93,OK,21.29,21,OK,0,0,,0,0,,2.4,OK,2.44,OK,2.38,OK,2.4,OK,2.41,OK,2.43,OK,2.45,OK,0,,0,,2.78,OK,2.34,OK,2.37,OK,2.38,OK,2.43,OK,2.43,OK,2.27,OK,0,,0,,,,53.77,OK,,,,52.86,OK,,,,-291.38,OK,,,,-291.95,OK,,,,172.02,OK,,,,170.73,OK,,,,,,,,,,,,,,,,,
2410121196D,ATKINSON 3.8 OCV,DM5P7,2024-10-12 22:33:44,18.998,23.7,OK,24.25,24.2,OK,25.11,25.06,OK,25.41,25.22,OK,25.34,25.13,OK,25.27,25.18,OK,25.04,24.95,OK,23.65,23.55,OK,0,0,,0,0,,2.09,OK,2.76,OK,2.68,OK,2.62,OK,2.85,OK,2.7,OK,2.68,OK,0,,0,,0.8,OK,0.78,OK,0.84,OK,0.82,OK,0.83,OK,0.86,OK,0.83,OK,0,,0,,,,82.61,OK,,,,81.89,OK,,,,157.68,OK,,,,158.14,OK,,,,37.65,OK,,,,37.79,OK,,,,,,,,,,,,,,,,,
2410121226C,NEW KAPPAEX1.0,CM1P9,2024-10-12 22:34:08,18.695,26.98,OK,22.95,22.92,OK,22.67,22.15,OK,23.11,22.88,OK,21.31,20.94,OK,21.59,21.45,OK,22.55,22.06,OK,23.11,22.71,OK,0,0,,0,0,,5.79,OK,6.97,OK,6.76,OK,6.7,OK,6.83,OK,6.84,OK,7.14,OK,0,,0,,6.72,OK,6.5,OK,6.62,OK,6.76,OK,6.83,OK,6.57,OK,6.33,OK,0,,0,,,,55.04,OK,,,,52.87,OK,,,,-294.24,OK,,,,-292.79,OK,,,,171.64,OK,,,,172.13,OK,,,,,,,,,,,,,,,,,
2410121203D,ATKINSON 3.8 OCV,DM2P2,2024-10-12 22:34:39,18.992,24.82,OK,28.77,28.74,OK,25.91,25.84,OK,25.43,25.31,OK,27.1,27.05,OK,25.81,25.79,OK,25.72,25.64,OK,25.86,25.72,OK,0,0,,0,0,,11.06,OK,11.04,OK,10.8,OK,10.81,OK,10.85,OK,10.8,OK,10.74,OK,0,,0,,10.2,OK,10.18,OK,10.21,OK,10.18,OK,10.19,OK,10.18,OK,10.17,OK,0,,0,,,,81.45,OK,,,,82.18,OK,,,,157.72,OK,,,,158.06,OK,,,,37.67,OK,,,,37.61,OK,,,,,,,,,,,,,,,,,
2410121227C,NEW KAPPAEX1.0,CM2P8,2024-10-12 22:34:54,18.691,26.53,OK,23.15,23.01,OK,22.43,22.01,OK,24.34,23.92,OK,22.85,22.61,OK,22.5,22.4,OK,21.63,21.21,OK,23.59,23.24,OK,0,0,,0,0,,15.36,OK,15.36,OK,15.36,OK,15.36,OK,15.36,OK,15.36,OK,15.36,OK,0,,0,,15.36,OK,15.36,OK,15.36,OK,15.36,OK,15.36,OK,15.36,OK,15.36,OK,0,,0,,,,52.71,OK,,,,54.02,OK,,,,-291.78,OK,,,,-291.36,OK,,,,171.62,OK,,,,171.53,OK,,,,,,,,,,,,,,,,,
2410121204D,ATKINSON 3.8 OCV,DM3P7,2024-10-12 22:35:35,18.994,23.68,OK,27.44,27.28,OK,25.77,25.7,OK,25.54,25.05,OK,23.66,23.52,OK,27.21,27.14,OK,26.19,26.14,OK,26.42,26.33,OK,0,0,,0,0,,11.46,OK,11.6,OK,11.64,OK,11.49,OK,11.56,OK,11.46,OK,11.43,OK,0,,0,,12.74,OK,12.86,OK,12.62,OK,12.8,OK,12.94,OK,12.91,OK,12.92,OK,0,,0,,,,81.54,OK,,,,82.46,OK,,,,157.86,OK,,,,158.19,OK,,,,37.1,OK,,,,37.42,OK,,,,,,,,,,,,,,,,,
2410121228C,NEW KAPPAEX1.0,CM3P4,2024-10-12 22:35:42,18.695,26.33,OK,27.31,26.57,OK,25.52,24.78,OK,26.07,25.66,OK,24.87,23.89,OK,24.96,24.62,OK,25.46,24.64,OK,25.09,24.1,OK,0,0,,0,0,,0,OK,0,OK,0,OK,0,OK,0,OK,0,OK,0,OK,0,,0,,0,OK,0,OK,0,OK,0,OK,0,OK,0,OK,0,OK,0,,0,,,,53.46,OK,,,,52.77,OK,,,,-293.02,OK,,,,-292.24,OK,,,,171.56,OK,,,,171.64,OK,,,,,,,,,,,,,,,,,
2410121205D,ATKINSON 3.8 OCV,DM1P5,2024-10-12 22:36:26,18.988,23.41,OK,26.7,26.38,OK,27.62,27.53,OK,25.64,25.44,OK,26.32,26.25,OK,24.97,24.92,OK,25.21,25.1,OK,25.82,25.78,OK,0,0,,0,0,,11.38,OK,11.41,OK,11.4,OK,11.35,OK,11.43,OK,11.56,OK,11.8,OK,0,,0,,10.11,OK,10.41,OK,10.34,OK,10.33,OK,10.26,OK,10.2,OK,10.16,OK,0,,0,,,,81.94,OK,,,,81.99,OK,,,,157.76,OK,,,,158.13,OK,,,,37.6,OK,,,,37.51,OK,,,,,,,,,,,,,,,,,
2410121229C,NEW KAPPAEX1.0,CM4P1,2024-10-12 22:36:28,18.699,26.8,OK,24.65,24.06,OK,23.79,23.38,OK,23.66,23.31,OK,21.75,21.57,OK,23.05,23.05,OK,22.76,22.41,OK,22.25,21.84,OK,0,0,,0,0,,0,OK,0,OK,0,OK,0,OK,0,OK,0,OK,0,OK,0,,0,,0,OK,0,OK,0,OK,0,OK,0,OK,0,OK,0,OK,0,,0,,,,53.85,OK,,,,53.46,OK,,,,-292.42,OK,,,,-291.81,OK,,,,171.82,OK,,,,172.59,OK,,,,,,,,,,,,,,,,,
2410121230C,NEW KAPPAEX1.0,CM5P5,2024-10-12 22:37:17,18.692,26.86,OK,24.2,24.04,OK,21.67,21.46,OK,22.51,22.12,OK,21.53,21.36,OK,22.96,22.7,OK,22.44,22.12,OK,22.67,22.39,OK,0,0,,0,0,,2.41,OK,2.44,OK,2.42,OK,2.5,OK,2.45,OK,2.45,OK,2.44,OK,0,,0,,2.57,OK,2.41,OK,2.42,OK,2.44,OK,2.42,OK,2.45,OK,2.34,OK,0,,0,,,,53.54,OK,,,,53.3,OK,,,,-292.92,OK,,,,-292.81,OK,,,,171.85,OK,,,,172.24,OK,,,,,,,,,,,,,,,,,
2410121206D,ATKINSON 3.8 OCV,DM4P8,2024-10-12 22:37:22,18.99,22.96,OK,25.29,25.19,OK,23.85,23.75,OK,24.84,24.8,OK,26.93,26.89,OK,26.19,26.1,OK,25.96,25.89,OK,24.57,24.47,OK,0,0,,0,0,,11.97,OK,12.15,OK,12.14,OK,12.13,OK,12.38,OK,12.39,OK,12.26,OK,0,,0,,12.62,OK,12.55,OK,12.65,OK,12.46,OK,12.46,OK,11.74,OK,12.56,OK,0,,0,,,,82.14,OK,,,,82.21,OK,,,,158.48,OK,,,,158.3,OK,,,,37.52,OK,,,,37.73,OK,,,,,,,,,,,,,,,,,
2410121231C,NEW KAPPAEX1.0,CM1P6,2024-10-12 22:38:06,18.691,25.86,OK,22.83,22.6,OK,22.57,22.06,OK,23.74,23.55,OK,21.99,21.38,OK,23.13,22.99,OK,22.41,22.01,OK,23.23,22.78,OK,0,0,,0,0,,5.66,OK,6.64,OK,6.52,OK,6.6,OK,7.4,OK,6.85,OK,6.79,OK,0,,0,,5.79,OK,6.39,OK,6.75,OK,7.06,OK,6.46,OK,6.55,OK,6.73,OK,0,,0,,,,51.7,OK,,,,53.26,OK,,,,-292.24,OK,,,,-292.56,OK,,,,173.89,OK,,,,173.09,OK,,,,,,,,,,,,,,,,,
2410121208D,ATKINSON 3.8 OCV,DM2P4,2024-10-12 22:38:17,18.999,23.01,OK,29.01,28.84,OK,25.47,25.43,OK,24.07,23.78,OK,26.18,26.15,OK,26.1,26.08,OK,24.8,24.75,OK,26.54,26.49,OK,0,0,,0,0,,10.83,OK,10.8,OK,10.82,OK,10.82,OK,10.8,OK,11.36,OK,10.81,OK,0,,0,,10.39,OK,10.18,OK,10.17,OK,10.18,OK,9.97,OK,10.14,OK,10.18,OK,0,,0,,,,81.84,OK,,,,82.19,OK,,,,157.83,OK,,,,158.39,OK,,,,37.59,OK,,,,37.73,OK,,,,,,,,,,,,,,,,,
2410121232C,NEW KAPPAEX1.0,CM2P3,2024-10-12 22:38:51,18.686,27.78,OK,23.59,23.38,OK,22.52,22.22,OK,23.38,23.1,OK,22.73,22.43,OK,20.96,20.61,OK,21.31,21.05,OK,22.22,21.75,OK,0,0,,0,0,,15.36,OK,15.36,OK,15.36,OK,15.36,OK,15.36,OK,15.36,OK,15.36,OK,0,,0,,15.36,OK,15.36,OK,15.36,OK,15.36,OK,15.36,OK,15.36,OK,15.36,OK,0,,0,,,,53.23,OK,,,,52.28,OK,,,,-292.28,OK,,,,-290.88,OK,,,,171.9,OK,,,,170.99,OK,,,,,,,,,,,,,,,,,
2410121207D,ATKINSON 3.8 OCV,DM5P3,2024-10-12 22:39:09,18.996,23.17,OK,25.34,25.22,OK,25.99,25.87,OK,25.34,24.99,OK,28.29,27.99,OK,26.59,26.45,OK,25.48,25.36,OK,24.06,23.95,OK,0,0,,0,0,,2.07,OK,2.71,OK,2.67,OK,2.6,OK,2.66,OK,2.73,OK,2.72,OK,0,,0,,0.78,OK,0.8,OK,0.82,OK,0.87,OK,0.82,OK,0.8,OK,0.84,OK,0,,0,,,,81.66,OK,,,,80.97,OK,,,,158.46,OK,,,,159.23,OK,,,,38.17,OK,,,,38.48,OK,,,,,,,,,,,,,,,,,
2410121233C,NEW KAPPAEX1.0,CM3P7,2024-10-12 22:39:40,18.692,26.35,OK,26.18,25.48,OK,26.52,25.73,OK,25.89,25.34,OK,27.11,26.25,OK,25.18,24.78,OK,26.38,25.57,OK,26.32,25.28,OK,0,0,,0,0,,0,OK,0,OK,0,OK,0,OK,0,OK,0,OK,0,OK,0,,0,,0,OK,0,OK,0,OK,0,OK,0,OK,0,OK,0,OK,0,,0,,,,52.2,OK,,,,52.34,OK,,,,-289.93,OK,,,,-290.75,OK,,,,170.79,OK,,,,172.02,OK,,,,,,,,,,,,,,,,,
2410121209D,ATKINSON 3.8 OCV,DM3P6,2024-10-12 22:40:04,18.993,21.58,OK,26.12,26.07,OK,25.47,25.4,OK,24.8,24.61,OK,23.8,23.73,OK,26.68,26.54,OK,27.4,27.33,OK,25.17,25.08,OK,0,0,,0,0,,11.28,OK,11.55,OK,11.48,OK,11.46,OK,11.61,OK,11.37,OK,11.25,OK,0,,0,,12.74,OK,12.92,OK,12.82,OK,12.79,OK,12.58,OK,12.81,OK,12.81,OK,0,,0,,,,83.05,OK,,,,82.96,OK,,,,157.23,OK,,,,157.2,OK,,,,37.14,OK,,,,37.5,OK,,,,,,,,,,,,,,,,,
2410121234C,NEW KAPPAEX1.0,CM4P2,2024-10-12 22:40:29,18.686,27.71,OK,25.14,24.74,OK,22.65,22.34,OK,24.34,23.73,OK,23,22.78,OK,24.5,24.39,OK,23.16,22.47,OK,21.73,20.8,OK,0,0,,0,0,,0,OK,0,OK,0,OK,0,OK,0,OK,0,OK,0,OK,0,,0,,0,OK,0,OK,0,OK,0,OK,0,OK,0,OK,0,OK,0,,0,,,,53.54,OK,,,,53.86,OK,,,,-292.21,OK,,,,-291.32,OK,,,,172.55,OK,,,,171.95,OK,,,,,,,,,,,,,,,,,
2410121210D,ATKINSON 3.8 OCV,DM1P1,2024-10-12 22:40:56,18.986,25.26,OK,26.36,26.16,OK,28.41,28.36,OK,26.29,26.09,OK,26.83,26.74,OK,25.55,25.53,OK,25.48,25.39,OK,25.57,25.42,OK,0,0,,0,0,,11.43,OK,11.39,OK,11.45,OK,11.41,OK,11.49,OK,11.55,OK,11.5,OK,0,,0,,9.93,OK,10.35,OK,10.41,OK,10.34,OK,10.24,OK,10.15,OK,10.24,OK,0,,0,,,,81.96,OK,,,,82.18,OK,,,,157.29,OK,,,,157.68,OK,,,,37.45,OK,,,,37.51,OK,,,,,,,,,,,,,,,,,
2410121235C,NEW KAPPAEX1.0,CM5P9,2024-10-12 22:41:17,18.696,26.8,OK,23.8,23.7,OK,21.79,21.6,OK,22.36,22.03,OK,20.29,20.14,OK,21.69,21.34,OK,22.24,22.15,OK,22.03,21.77,OK,0,0,,0,0,,2.39,OK,2.42,OK,2.41,OK,2.41,OK,2.44,OK,2.44,OK,2.42,OK,0,,0,,2.6,OK,2.39,OK,2.43,OK,2.43,OK,2.51,OK,2.43,OK,2.36,OK,0,,0,,,,54.59,OK,,,,53.6,OK,,,,-291.9,OK,,,,-292.38,OK,,,,171.97,OK,,,,172.57,OK,,,,,,,,,,,,,,,,,
2410121211D,ATKINSON 3.8 OCV,DM4P9,2024-10-12 22:41:51,18.989,23.27,OK,23.78,23.66,OK,23.43,23.31,OK,24.45,24.33,OK,25.45,25.42,OK,25.45,25.38,OK,25.49,25.42,OK,24.73,24.71,OK,0,0,,0,0,,12,OK,12.28,OK,12.31,OK,12.37,OK,12.31,OK,12.31,OK,12.18,OK,0,,0,,12.53,OK,12.32,OK,12.42,OK,12.38,OK,12.42,OK,12.54,OK,12.46,OK,0,,0,,,,82.14,OK,,,,82.21,OK,,,,158.57,OK,,,,158.25,OK,,,,38.15,OK,,,,37.75,OK,,,,,,,,,,,,,,,,,
2410121236C,NEW KAPPAEX1.0,CM1P8,2024-10-12 22:42:06,18.684,27.28,OK,23.88,23.74,OK,22.06,21.59,OK,23.9,23.79,OK,22.5,22.04,OK,21.31,21.24,OK,22.29,21.78,OK,22.88,22.5,OK,0,0,,0,0,,6.03,OK,6.68,OK,6.61,OK,6.91,OK,7.15,OK,6.84,OK,6.77,OK,0,,0,,6.14,OK,6.58,OK,6.68,OK,6.67,OK,6.52,OK,6.87,OK,6.96,OK,0,,0,,,,52.9,OK,,,,52.14,OK,,,,-292.79,OK,,,,-293.05,OK,,,,172.18,OK,,,,172.88,OK,,,,,,,,,,,,,,,,,
2410121212D,ATKINSON 3.8 OCV,DM2P7,2024-10-12 22:42:47,18.993,24.03,OK,28.67,28.6,OK,24.6,24.55,OK,24.68,24.38,OK,26.13,26.1,OK,26.15,26.1,OK,26.06,26.03,OK,25.81,25.79,OK,0,0,,0,0,,10.76,OK,10.82,OK,10.81,OK,10.82,OK,10.8,OK,10.81,OK,10.79,OK,0,,0,,10.18,OK,10.15,OK,10.15,OK,10.12,OK,10.2,OK,10.15,OK,10.13,OK,0,,0,,,,81.99,OK,,,,82.41,OK,,,,157.96,OK,,,,157.99,OK,,,,37.68,OK,,,,37.79,OK,,,,,,,,,,,,,,,,,
2410121237C,NEW KAPPAEX1.0,CM2P4,2024-10-12 22:42:52,18.686,28.21,OK,24.15,23.87,OK,21.49,21.26,OK,22.75,22.45,OK,21.56,21.31,OK,21.56,21.47,OK,21.31,20.98,OK,21.31,21,OK,0,0,,0,0,,15.36,OK,15.36,OK,15.36,OK,15.36,OK,15.36,OK,15.36,OK,15.36,OK,0,,0,,15.36,OK,15.36,OK,15.36,OK,15.36,OK,15.36,OK,15.36,OK,15.36,OK,0,,0,,,,53.15,OK,,,,52.31,OK,,,,-291.91,OK,,,,-291.32,OK,,,,171.3,OK,,,,172.24,OK,,,,,,,,,,,,,,,,,
2410121238C,NEW KAPPAEX1.0,CM3P1,2024-10-12 22:43:37,18.696,28.58,OK,27.97,27.2,OK,26.38,25.86,OK,27.27,26.81,OK,26.02,25.5,OK,25.16,24.82,OK,26.25,25.5,OK,25.25,24.05,OK,0,0,,0,0,,0,OK,0,OK,0,OK,0,OK,0,OK,0,OK,0,OK,0,,0,,0,OK,0,OK,0,OK,0,OK,0,OK,0,OK,0,OK,0,,0,,,,53.29,OK,,,,53.1,OK,,,,-292.17,OK,,,,-290.87,OK,,,,173.18,OK,,,,171.05,OK,,,,,,,,,,,,,,,,,
2410121214D,ATKINSON 3.8 OCV,DM3P5,2024-10-12 22:43:42,18.986,23.76,OK,27.07,27.03,OK,25.7,25.59,OK,26.63,26.45,OK,24.8,24.75,OK,26.79,26.75,OK,27.3,27.28,OK,26.24,26.19,OK,0,0,,0,0,,11.19,OK,11.38,OK,11.49,OK,11.51,OK,11.62,OK,11.75,OK,11.76,OK,0,,0,,12.77,OK,12.84,OK,12.79,OK,12.76,OK,12.8,OK,12.78,OK,12.84,OK,0,,0,,,,82.36,OK,,,,81.81,OK,,,,157.61,OK,,,,158.08,OK,,,,37.64,OK,,,,37.36,OK,,,,,,,,,,,,,,,,,
2410121239C,NEW KAPPAEX1.0,CM4P5,2024-10-12 22:44:26,18.698,27.97,OK,26.83,26.3,OK,23.62,23.44,OK,25.53,24.81,OK,23,22.8,OK,24.01,23.97,OK,22.23,21.95,OK,22.39,21.37,OK,0,0,,0,0,,0,OK,0,OK,0,OK,0,OK,0,OK,0,OK,0,OK,0,,0,,0,OK,0,OK,0,OK,0,OK,0,OK,0,OK,0,OK,0,,0,,,,52.44,OK,,,,52.93,OK,,,,-293.33,OK,,,,-291.76,OK,,,,171.87,OK,,,,172.51,OK,,,,,,,,,,,,,,,,,
2410121215D,ATKINSON 3.8 OCV,DM1P8,2024-10-12 22:44:34,18.995,25.53,OK,25.44,25.17,OK,27.49,27.44,OK,25.3,24.97,OK,27.31,27.24,OK,25.42,25.37,OK,27.15,26.92,OK,26.59,26.54,OK,0,0,,0,0,,11.39,OK,11.74,OK,11.6,OK,11.49,OK,11.5,OK,11.48,OK,11.47,OK,0,,0,,9.99,OK,10.3,OK,10.31,OK,10.46,OK,10.3,OK,10.07,OK,10.29,OK,0,,0,,,,81.69,OK,,,,81.85,OK,,,,157.77,OK,,,,158.03,OK,,,,37.08,OK,,,,37.59,OK,,,,,,,,,,,,,,,,,
2410121240C,NEW KAPPAEX1.0,CM5P6,2024-10-12 22:45:11,18.685,27.78,OK,23.68,23.63,OK,22.17,21.93,OK,22.48,22.27,OK,20.12,20.09,OK,21.93,21.79,OK,21.74,21.36,OK,20.91,20.62,OK,0,0,,0,0,,2.41,OK,2.44,OK,2.41,OK,2.4,OK,2.4,OK,2.44,OK,2.41,OK,0,,0,,2.66,OK,2.52,OK,2.38,OK,2.38,OK,2.42,OK,2.43,OK,2.35,OK,0,,0,,,,54.46,OK,,,,52.53,OK,,,,-292.34,OK,,,,-292.51,OK,,,,171.43,OK,,,,173.05,OK,,,,,,,,,,,,,,,,,
2410121216D,ATKINSON 3.8 OCV,DM4P3,2024-10-12 22:45:29,18.993,22.9,OK,26.19,26.14,OK,24.54,24.45,OK,26.79,26.65,OK,28.05,27.84,OK,27.12,26.98,OK,26.26,26.17,OK,25.77,25.75,OK,0,0,,0,0,,12.1,OK,12.11,OK,12.27,OK,12.24,OK,12.32,OK,12.39,OK,12.37,OK,0,,0,,11.77,OK,12.28,OK,12.22,OK,12.33,OK,12.49,OK,12.42,OK,12.5,OK,0,,0,,,,82.68,OK,,,,82.12,OK,,,,158.21,OK,,,,158.16,OK,,,,37.49,OK,,,,37.57,OK,,,,,,,,,,,,,,,,,
2410121241C,NEW KAPPAEX1.0,CM1P3,2024-10-12 22:46:00,18.69,27.7,OK,23.86,23.69,OK,23.44,22.74,OK,25.16,24.98,OK,22.41,21.69,OK,22.11,21.97,OK,22.6,22.11,OK,22.27,21.9,OK,0,0,,0,0,,5.76,OK,6.81,OK,6.53,OK,6.53,OK,6.73,OK,6.99,OK,6.93,OK,0,,0,,5.9,OK,6.51,OK,6.57,OK,7,OK,6.46,OK,6.69,OK,6.62,OK,0,,0,,,,53.82,OK,,,,53.61,OK,,,,-292.16,OK,,,,-293.43,OK,,,,172.73,OK,,,,171.41,OK,,,,,,,,,,,,,,,,,
2410121213D,ATKINSON 3.8 OCV,DM5P2,2024-10-12 22:46:24,18.998,22.78,OK,24.09,23.95,OK,23.86,23.76,OK,24.2,23.93,OK,24.55,24.51,OK,23.79,23.74,OK,24.02,23.81,OK,24.06,23.93,OK,0,0,,0,0,,2.11,OK,2.64,OK,2.62,OK,2.65,OK,2.68,OK,2.66,OK,2.65,OK,0,,0,,0.79,OK,0.79,OK,0.83,OK,0.84,OK,0.79,OK,0.81,OK,0.84,OK,0,,0,,,,81.25,OK,,,,82.35,OK,,,,158.09,OK,,,,158.71,OK,,,,38.08,OK,,,,37.89,OK,,,,,,,,,,,,,,,,,
2410121242C,NEW KAPPAEX1.0,CM2P7,2024-10-12 22:46:45,18.699,27.97,OK,23.17,23.13,OK,22.92,22.57,OK,24.43,24.08,OK,22.26,22.1,OK,21.91,21.91,OK,21.89,21.63,OK,23.06,22.73,OK,0,0,,0,0,,15.36,OK,15.36,OK,15.36,OK,15.36,OK,15.36,OK,15.36,OK,15.36,OK,0,,0,,15.36,OK,15.36,OK,15.36,OK,15.36,OK,15.36,OK,15.36,OK,15.36,OK,0,,0,,,,53.79,OK,,,,52.37,OK,,,,-291.5,OK,,,,-292.08,OK,,,,171.29,OK,,,,171.2,OK,,,,,,,,,,,,,,,,,
2410121217D,ATKINSON 3.8 OCV,DM2P4,2024-10-12 22:47:16,18.996,21.36,OK,27.85,27.8,OK,26.03,25.91,OK,24.41,24.12,OK,26.4,26.37,OK,26.59,26.54,OK,25.72,25.67,OK,24.99,24.92,OK,0,0,,0,0,,11.27,OK,10.8,OK,10.82,OK,10.82,OK,10.84,OK,10.81,OK,10.79,OK,0,,0,,10.19,OK,10.2,OK,10.18,OK,10.18,OK,10.17,OK,10.17,OK,10.15,OK,0,,0,,,,81.22,OK,,,,81.78,OK,,,,157.79,OK,,,,158.5,OK,,,,37.89,OK,,,,38.14,OK,,,,,,,,,,,,,,,,,
2410121243C,NEW KAPPAEX1.0,CM3P2,2024-10-12 22:47:31,18.685,27.41,OK,29.12,28.26,OK,25.89,25.52,OK,27.18,26.72,OK,25.95,25.05,OK,26.63,26.07,OK,25.46,24.48,OK,25.91,25.3,OK,0,0,,0,0,,0,OK,0,OK,0,OK,0,OK,0,OK,0,OK,0,OK,0,,0,,0,OK,0,OK,0,OK,0,OK,0,OK,0,OK,0,OK,0,,0,,,,52.79,OK,,,,53.73,OK,,,,-290.96,OK,,,,-292.91,OK,,,,171.54,OK,,,,170,OK,,,,,,,,,,,,,,,,,
2410121218D,ATKINSON 3.8 OCV,DM3P1,2024-10-12 22:48:12,18.996,22.35,OK,25.84,25.73,OK,25.98,25.91,OK,25.12,24.66,OK,24.82,24.8,OK,26.72,26.58,OK,26.28,26.14,OK,25.59,25.52,OK,0,0,,0,0,,10.94,OK,11.57,OK,11.46,OK,11.56,OK,11.64,OK,11.62,OK,11.63,OK,0,,0,,12.83,OK,12.8,OK,12.78,OK,12.85,OK,12.76,OK,12.8,OK,12.77,OK,0,,0,,,,82.19,OK,,,,82.38,OK,,,,157.73,OK,,,,158.3,OK,,,,37.23,OK,,,,37.22,OK,,,,,,,,,,,,,,,,,
2410121244C,NEW KAPPAEX1.0,CM4P9,2024-10-12 22:48:20,18.684,28.7,OK,25.33,24.89,OK,22.72,22.45,OK,24.12,23.84,OK,22.74,22.47,OK,23.31,23.22,OK,22.47,21.95,OK,22.1,21.66,OK,0,0,,0,0,,0,OK,0,OK,0,OK,0,OK,0,OK,0,OK,0,OK,0,,0,,0,OK,0,OK,0,OK,0,OK,0,OK,0,OK,0,OK,0,,0,,,,53.41,OK,,,,53.2,OK,,,,-293.42,OK,,,,-291.92,OK,,,,172.92,OK,,,,172.83,OK,,,,,,,,,,,,,,,,,
2410121245C,NEW KAPPAEX1.0,CM5P8,2024-10-12 22:49:05,18.688,27.85,OK,23.46,23.34,OK,21.67,21.48,OK,22.36,22.12,OK,20.88,20.76,OK,22.89,22.65,OK,22.15,21.81,OK,22.29,22.24,OK,0,0,,0,0,,2.39,OK,2.42,OK,2.4,OK,2.4,OK,2.46,OK,2.44,OK,2.42,OK,0,,0,,2.55,OK,2.36,OK,2.42,OK,2.39,OK,2.56,OK,2.45,OK,2.36,OK,0,,0,,,,53.06,OK,,,,53.89,OK,,,,-291.05,OK,,,,-292.48,OK,,,,171.56,OK,,,,172.44,OK,,,,,,,,,,,,,,,,,
2410121219D,ATKINSON 3.8 OCV,DM1P9,2024-10-12 22:49:07,18.986,22.76,OK,25.1,24.99,OK,27.51,27.44,OK,25.62,25.37,OK,26.56,26.54,OK,24.4,24.34,OK,25.75,25.69,OK,25.01,24.9,OK,0,0,,0,0,,11.33,OK,11.43,OK,11.4,OK,11.78,OK,11.49,OK,11.57,OK,11.74,OK,0,,0,,9.9,OK,10.22,OK,10.35,OK,10.35,OK,10.21,OK,10.19,OK,10.05,OK,0,,0,,,,81.67,OK,,,,81.98,OK,,,,157.89,OK,,,,158.37,OK,,,,38.18,OK,,,,37.76,OK,,,,,,,,,,,,,,,,,
2410121246C,NEW KAPPAEX1.0,CM1P4,2024-10-12 22:49:51,18.696,26.6,OK,23.58,23.37,OK,23.67,22.92,OK,23.18,22.99,OK,21.85,21.31,OK,22.34,22.22,OK,21.92,21.48,OK,22.67,22.32,OK,0,0,,0,0,,6.06,OK,6.64,OK,6.67,OK,6.56,OK,7.07,OK,6.88,OK,6.82,OK,0,,0,,6.13,OK,6.49,OK,6.82,OK,6.5,OK,6.66,OK,6.7,OK,6.89,OK,0,,0,,,,52.6,OK,,,,51.29,OK,,,,-291.61,OK,,,,-292.1,OK,,,,171.95,OK,,,,171.13,OK,,,,,,,,,,,,,,,,,
2410121220D,ATKINSON 3.8 OCV,DM4P7,2024-10-12 22:49:59,18.999,22.73,OK,26.38,26.28,OK,24.54,24.5,OK,25.22,25.05,OK,26.07,25.98,OK,26.17,26.07,OK,27.14,27,OK,25.63,25.56,OK,0,0,,0,0,,12.12,OK,12.29,OK,12.16,OK,12.25,OK,12.27,OK,12.33,OK,12.3,OK,0,,0,,12.36,OK,11.76,OK,11.77,OK,12.37,OK,12.44,OK,12.57,OK,12.43,OK,0,,0,,,,82.33,OK,,,,82.68,OK,,,,157.8,OK,,,,157.77,OK,,,,37.27,OK,,,,37.64,OK,,,,,,,,,,,,,,,,,
2410121247C,NEW KAPPAEX1.0,CM2P1,2024-10-12 22:50:40,18.698,27.78,OK,24.29,24.08,OK,22.75,22.45,OK,24.11,23.83,OK,22.75,22.26,OK,22.99,22.78,OK,22.22,21.84,OK,22.45,22.1,OK,0,0,,0,0,,15.36,OK,15.36,OK,15.36,OK,15.36,OK,15.36,OK,15.36,OK,15.36,OK,0,,0,,15.36,OK,15.36,OK,15.36,OK,15.36,OK,15.36,OK,15.36,OK,15.36,OK,0,,0,,,,53.43,OK,,,,52.72,OK,,,,-292.73,OK,,,,-291.5,OK,,,,172.24,OK,,,,171.37,OK,,,,,,,,,,,,,,,,,
2410121221D,ATKINSON 3.8 OCV,DM5P6,2024-10-12 22:50:54,18.985,23.81,OK,22.7,22.58,OK,23.93,23.9,OK,22.7,22.56,OK,24.88,24.76,OK,25.02,24.83,OK,23.95,23.76,OK,23.9,23.83,OK,0,0,,0,0,,2.09,OK,2.66,OK,2.62,OK,2.67,OK,2.71,OK,2.63,OK,2.64,OK,0,,0,,0.81,OK,0.86,OK,0.83,OK,0.84,OK,0.84,OK,0.84,OK,0.87,OK,0,,0,,,,82.22,OK,,,,82.46,OK,,,,157.7,OK,,,,157.78,OK,,,,37.78,OK,,,,38.34,OK,,,,,,,,,,,,,,,,,
2410121248C,NEW KAPPAEX1.0,CM3P5,2024-10-12 22:51:25,18.691,28.56,OK,27.04,26.34,OK,24.91,24.42,OK,26.25,25.98,OK,24.8,24.17,OK,24.01,23.62,OK,23.78,22.85,OK,24.26,23.49,OK,0,0,,0,0,,0,OK,0,OK,0,OK,0,OK,0,OK,0,OK,0,OK,0,,0,,0,OK,0,OK,0,OK,0,OK,0,OK,0,OK,0,OK,0,,0,,,,52.49,OK,,,,52.82,OK,,,,-291.25,OK,,,,-290.93,OK,,,,171.28,OK,,,,170.68,OK,,,,,,,,,,,,,,,,,
2410121222D,ATKINSON 3.8 OCV,DM2P2,2024-10-12 22:51:46,18.992,23.18,OK,28.41,28.36,OK,26.27,26.2,OK,24.87,24.77,OK,27.05,26.98,OK,29.4,29.37,OK,24.97,24.89,OK,24.82,24.65,OK,0,0,,0,0,,10.95,OK,10.77,OK,10.78,OK,10.82,OK,10.81,OK,10.82,OK,10.82,OK,0,,0,,10.43,OK,10.19,OK,10.17,OK,10.32,OK,10.19,OK,10.2,OK,10.36,OK,0,,0,,,,81.73,OK,,,,82.38,OK,,,,157.91,OK,,,,157.99,OK,,,,38.03,OK,,,,37.75,OK,,,,,,,,,,,,,,,,,
2410121249C,NEW KAPPAEX1.0,CM4P6,2024-10-12 22:52:14,18.694,27.88,OK,25.58,24.89,OK,22.45,22.14,OK,25.16,24.76,OK,21.55,21.35,OK,23.38,23.33,OK,22.67,22.17,OK,22.67,22.01,OK,0,0,,0,0,,0,OK,0,OK,0,OK,0,OK,0,OK,0,OK,0,OK,0,,0,,0,OK,0,OK,0,OK,0,OK,0,OK,0,OK,0,OK,0,,0,,,,51.79,OK,,,,51.11,OK,,,,-292.99,OK,,,,-292.42,OK,,,,172.45,OK,,,,173.09,OK,,,,,,,,,,,,,,,,,
2410121223D,ATKINSON 3.8 OCV,DM3P5,2024-10-12 22:52:41,18.994,23.11,OK,28,27.91,OK,26.96,26.91,OK,26.17,26.07,OK,24.64,24.61,OK,26.93,26.86,OK,27.33,27.21,OK,26.47,26.38,OK,0,0,,0,0,,11.27,OK,11.35,OK,11.48,OK,11.35,OK,11.69,OK,11.62,OK,11.44,OK,0,,0,,12.9,OK,12.82,OK,12.79,OK,12.82,OK,12.75,OK,12.76,OK,12.86,OK,0,,0,,,,82.14,OK,,,,81.76,OK,,,,157.82,OK,,,,158.18,OK,,,,37.83,OK,,,,37.49,OK,,,,,,,,,,,,,,,,,
2410121250C,NEW KAPPAEX1.0,CM5P3,2024-10-12 22:52:59,18.698,29.21,OK,24.16,24.01,OK,21.31,21.03,OK,23.03,22.65,OK,20.91,20.72,OK,21.03,20.69,OK,22.51,22.24,OK,22.51,22.1,OK,0,0,,0,0,,2.42,OK,2.45,OK,2.42,OK,2.45,OK,2.45,OK,2.47,OK,2.45,OK,0,,0,,2.58,OK,2.39,OK,2.45,OK,2.42,OK,2.38,OK,2.42,OK,2.34,OK,0,,0,,,,52.77,OK,,,,52.75,OK,,,,-291.46,OK,,,,-291.74,OK,,,,171.64,OK,,,,171.66,OK,,,,,,,,,,,,,,,,,
2410121224D,ATKINSON 3.8 OCV,DM1P8,2024-10-12 22:53:37,18.99,23.72,OK,25.26,25.17,OK,27.4,27.33,OK,26.09,25.96,OK,26.81,26.68,OK,24.72,24.7,OK,25.06,24.94,OK,25.69,25.69,OK,0,0,,0,0,,11.43,OK,11.36,OK,11.38,OK,11.41,OK,11.48,OK,11.51,OK,11.47,OK,0,,0,,9.91,OK,10.28,OK,10.25,OK,10.34,OK,10.2,OK,10.25,OK,10.19,OK,0,,0,,,,81.68,OK,,,,81.78,OK,,,,157.89,OK,,,,158.23,OK,,,,37.33,OK,,,,37.7,OK,,,,,,,,,,,,,,,,,
2410121251C,NEW KAPPAEX1.0,CM1P7,2024-10-12 22:53:48,18.693,27.81,OK,23.46,23.34,OK,22.13,21.71,OK,22.64,22.43,OK,21.29,20.75,OK,22.08,21.94,OK,21.64,21.29,OK,22.25,22.13,OK,0,0,,0,0,,5.92,OK,6.56,OK,6.96,OK,6.69,OK,6.83,OK,6.76,OK,6.78,OK,0,,0,,6.13,OK,6.64,OK,6.42,OK,6.43,OK,6.57,OK,6.83,OK,6.6,OK,0,,0,,,,53.81,OK,,,,52.86,OK,,,,-292.54,OK,,,,-293.61,OK,,,,171.91,OK,,,,171.81,OK,,,,,,,,,,,,,,,,,
2410121225D,ATKINSON 3.8 OCV,DM4P3,2024-10-12 22:54:32,18.988,22.61,OK,24.75,24.68,OK,24.87,24.73,OK,24.73,24.5,OK,26.68,26.17,OK,25.98,25.68,OK,27.3,27.28,OK,25.87,25.8,OK,0,0,,0,0,,12.18,OK,12.15,OK,12.3,OK,12.15,OK,12.16,OK,12.36,OK,12.33,OK,0,,0,,12.24,OK,12.3,OK,12.51,OK,12.59,OK,12.45,OK,12.44,OK,12.11,OK,0,,0,,,,82.91,OK,,,,82.33,OK,,,,158.37,OK,,,,158.4,OK,,,,37.8,OK,,,,37.82,OK,,,,,,,,,,,,,,,,,
2410121252C,NEW KAPPAEX1.0,CM2P2,2024-10-12 22:54:34,18.69,27.45,OK,23.76,23.52,OK,23.15,23.01,OK,23.43,23.06,OK,22.94,22.68,OK,22.85,22.82,OK,21.96,21.7,OK,23.03,22.82,OK,0,0,,0,0,,15.36,OK,15.36,OK,15.36,OK,15.36,OK,15.36,OK,15.36,OK,15.36,OK,0,,0,,15.36,OK,15.36,OK,15.36,OK,15.36,OK,15.36,OK,15.36,OK,15.36,OK,0,,0,,,,53.7,OK,,,,52.38,OK,,,,-291.56,OK,,,,-290.77,OK,,,,172.23,OK,,,,171.9,OK,,,,,,,,,,,,,,,,,
2410121253C,NEW KAPPAEX1.0,CM3P9,2024-10-12 22:55:22,18.688,27.86,OK,26.93,26.11,OK,24.85,24.26,OK,26.63,26.23,OK,25.39,24.8,OK,24.91,24.66,OK,25.41,24.55,OK,25.07,24.46,OK,0,0,,0,0,,0,OK,0,OK,0,OK,0,OK,0,OK,0,OK,0,OK,0,,0,,0,OK,0,OK,0,OK,0,OK,0,OK,0,OK,0,OK,0,,0,,,,51.47,OK,,,,51.97,OK,,,,-292,OK,,,,-291.23,OK,,,,171.93,OK,,,,171.83,OK,,,,,,,,,,,,,,,,,
2410121227D,ATKINSON 3.8 OCV,DM2P1,2024-10-12 22:55:27,18.983,23.36,OK,27.32,27.32,OK,24.92,24.87,OK,23.56,23.34,OK,27.24,27.19,OK,25.74,25.74,OK,24.87,24.85,OK,23.42,23.37,OK,0,0,,0,0,,10.78,OK,11,OK,10.79,OK,10.83,OK,10.79,OK,10.83,OK,10.79,OK,0,,0,,10.16,OK,10.19,OK,10.14,OK,10.16,OK,10.18,OK,10.17,OK,10.4,OK,0,,0,,,,82,OK,,,,82.36,OK,,,,157.95,OK,,,,158.16,OK,,,,37.59,OK,,,,37.71,OK,,,,,,,,,,,,,,,,,
2410121254C,NEW KAPPAEX1.0,CM4P8,2024-10-12 22:56:08,18.686,27.46,OK,26.9,26.1,OK,25.29,24.89,OK,25.11,24.65,OK,22.25,22.01,OK,23.86,23.84,OK,23.38,22.78,OK,22.5,21.75,OK,0,0,,0,0,,0,OK,0,OK,0,OK,0,OK,0,OK,0,OK,0,OK,0,,0,,0,OK,0,OK,0,OK,0,OK,0,OK,0,OK,0,OK,0,,0,,,,53.38,OK,,,,54.01,OK,,,,-291.99,OK,,,,-291.41,OK,,,,170.8,OK,,,,172.69,OK,,,,,,,,,,,,,,,,,
2410121226D,ATKINSON 3.8 OCV,DM5P4,2024-10-12 22:56:22,18.996,22.2,OK,24.85,24.69,OK,24.92,24.85,OK,24.23,23.95,OK,24.58,24.39,OK,24.74,24.62,OK,24.6,24.48,OK,25.48,25.36,OK,0,0,,0,0,,2.12,OK,2.63,OK,2.63,OK,2.65,OK,2.69,OK,2.78,OK,2.8,OK,0,,0,,0.81,OK,0.82,OK,0.85,OK,0.84,OK,0.81,OK,0.82,OK,0.86,OK,0,,0,,,,80.98,OK,,,,81.42,OK,,,,158.07,OK,,,,158.8,OK,,,,38.01,OK,,,,38.31,OK,,,,,,,,,,,,,,,,,
2410121255C,NEW KAPPAEX1.0,CM5P4,2024-10-12 22:56:57,18.689,27.52,OK,22.91,22.72,OK,22.22,22.1,OK,22.53,22.32,OK,20.45,20.29,OK,22.24,22.17,OK,22.41,22.08,OK,21.55,21.19,OK,0,0,,0,0,,2.39,OK,2.44,OK,2.45,OK,2.43,OK,2.45,OK,2.43,OK,2.43,OK,0,,0,,2.63,OK,2.39,OK,2.63,OK,2.38,OK,2.45,OK,2.48,OK,2.35,OK,0,,0,,,,53.86,OK,,,,51.95,OK,,,,-292.28,OK,,,,-291.98,OK,,,,171.77,OK,,,,173.38,OK,,,,,,,,,,,,,,,,,
2410121229D,ATKINSON 3.8 OCV,DM1P7,2024-10-12 22:57:15,18.992,22.22,OK,26.99,26.9,OK,28.12,28,OK,26.11,25.84,OK,26.7,26.65,OK,26.79,26.7,OK,26.41,26.36,OK,26.97,26.88,OK,0,0,,0,0,,11.35,OK,11.47,OK,11.4,OK,11.44,OK,11.49,OK,11.4,OK,11.42,OK,0,,0,,9.99,OK,10.35,OK,10.38,OK,10.41,OK,10.29,OK,10.17,OK,10.3,OK,0,,0,,,,82.5,OK,,,,82.83,OK,,,,157.35,OK,,,,157.05,OK,,,,37.08,OK,,,,37.41,OK,,,,,,,,,,,,,,,,,
2410121256C,NEW KAPPAEX1.0,CM1P1,2024-10-12 22:57:45,18.689,28.4,OK,22.99,22.85,OK,21.03,20.45,OK,22.32,22.2,OK,22.08,21.64,OK,21.31,21.2,OK,21.34,20.96,OK,21.83,21.41,OK,0,0,,0,0,,5.89,OK,6.5,OK,6.61,OK,6.89,OK,6.84,OK,6.91,OK,6.73,OK,0,,0,,6.16,OK,6.58,OK,6.74,OK,6.63,OK,6.61,OK,6.75,OK,6.35,OK,0,,0,,,,53.53,OK,,,,51.61,OK,,,,-292.79,OK,,,,-294.2,OK,,,,173.6,OK,,,,172.23,OK,,,,,,,,,,,,,,,,,
2410121228D,ATKINSON 3.8 OCV,DM3P9,2024-10-12 22:58:10,18.993,24.77,OK,27.81,27.74,OK,26.7,26.68,OK,26.07,25.89,OK,25.15,25.12,OK,27.49,27.42,OK,26.7,26.65,OK,27,27,OK,0,0,,0,0,,11.28,OK,11.48,OK,11.52,OK,11.48,OK,11.71,OK,11.48,OK,11.47,OK,0,,0,,12.92,OK,12.81,OK,12.8,OK,12.8,OK,12.87,OK,12.84,OK,12.92,OK,0,,0,,,,82.05,OK,,,,82.24,OK,,,,158.34,OK,,,,158.48,OK,,,,37.91,OK,,,,37.4,OK,,,,,,,,,,,,,,,,,
2410121257C,NEW KAPPAEX1.0,CM2P5,2024-10-12 22:58:31,18.695,28.17,OK,23.85,23.57,OK,22.17,21.84,OK,24.01,23.69,OK,22.43,22.05,OK,22.64,22.59,OK,22.54,22.31,OK,23.36,23.1,OK,0,0,,0,0,,15.36,OK,15.36,OK,15.36,OK,15.36,OK,15.36,OK,15.36,OK,15.36,OK,0,,0,,15.36,OK,15.36,OK,15.36,OK,15.36,OK,15.36,OK,15.36,OK,15.36,OK,0,,0,,,,51.23,OK,,,,53.49,OK,,,,-292.48,OK,,,,-292.53,OK,,,,172.29,OK,,,,172.66,OK,,,,,,,,,,,,,,,,,
2410121230D,ATKINSON 3.8 OCV,DM4P6,2024-10-12 22:59:02,18.996,22.28,OK,27.37,27.28,OK,23.78,23.71,OK,24.43,24.31,OK,25.26,25.1,OK,25.63,25.31,OK,25.36,25.33,OK,25.91,25.8,OK,0,0,,0,0,,12.11,OK,12.15,OK,11.95,OK,12.21,OK,12.38,OK,12.39,OK,12.37,OK,0,,0,,12.5,OK,12.48,OK,12.51,OK,12.42,OK,12.39,OK,12.41,OK,12.45,OK,0,,0,,,,82.86,OK,,,,82.47,OK,,,,157.9,OK,,,,157.35,OK,,,,37.69,OK,,,,38.19,OK,,,,,,,,,,,,,,,,,
2410121258C,NEW KAPPAEX1.0,CM3P6,2024-10-12 22:59:20,18.695,28.17,OK,26,25.32,OK,26.34,25.84,OK,26.97,26.47,OK,25.03,24.32,OK,25.61,25.09,OK,25.84,25.14,OK,24.85,24.23,OK,0,0,,0,0,,0,OK,0,OK,0,OK,0,OK,0,OK,0,OK,0,OK,0,,0,,0,OK,0,OK,0,OK,0,OK,0,OK,0,OK,0,OK,0,,0,,,,52.19,OK,,,,53.42,OK,,,,-291.78,OK,,,,-290.73,OK,,,,171.51,OK,,,,171.17,OK,,,,,,,,,,,,,,,,,
2410121231D,ATKINSON 3.8 OCV,DM2P5,2024-10-12 22:59:54,18.993,22.97,OK,27.27,27.19,OK,26.01,25.94,OK,25.09,24.97,OK,26.47,26.4,OK,26.93,26.88,OK,25.77,25.77,OK,26.61,26.54,OK,0,0,,0,0,,11.13,OK,10.71,OK,11.06,OK,10.78,OK,10.82,OK,11.43,OK,10.78,OK,0,,0,,10.15,OK,10.16,OK,10.42,OK,10.16,OK,10.19,OK,10.2,OK,10.14,OK,0,,0,,,,81.98,OK,,,,81.94,OK,,,,158,OK,,,,158.14,OK,,,,38.12,OK,,,,38.22,OK,,,,,,,,,,,,,,,,,
2410121259C,NEW KAPPAEX1.0,CM4P3,2024-10-12 23:00:05,18.698,28.3,OK,25.36,24.76,OK,22.96,22.63,OK,24.12,23.55,OK,23.02,22.8,OK,23.22,23.18,OK,23.38,22.47,OK,23.07,22.63,OK,0,0,,0,0,,0,OK,0,OK,0,OK,0,OK,0,OK,0,OK,0,OK,0,,0,,0,OK,0,OK,0,OK,0,OK,0,OK,0,OK,0,OK,0,,0,,,,53.07,OK,,,,53.45,OK,,,,-293.04,OK,,,,-291.9,OK,,,,171.66,OK,,,,171.6,OK,,,,,,,,,,,,,,,,,
2410121232D,ATKINSON 3.8 OCV,DM5P2,2024-10-12 23:00:49,18.999,24.38,OK,26.64,26.62,OK,25.22,25.09,OK,23.23,23.04,OK,23.69,23.51,OK,23.28,23.21,OK,23.53,23.39,OK,23.6,23.51,OK,0,0,,0,0,,2.07,OK,2.65,OK,2.61,OK,2.64,OK,2.68,OK,2.65,OK,2.65,OK,0,,0,,0.82,OK,0.83,OK,0.81,OK,0.8,OK,0.82,OK,0.84,OK,0.83,OK,0,,0,,,,81.46,OK,,,,81.8,OK,,,,157.76,OK,,,,158.41,OK,,,,37.71,OK,,,,37.54,OK,,,,,,,,,,,,,,,,,
2410121260C,NEW KAPPAEX1.0,CM5P7,2024-10-12 23:00:54,18.684,27.32,OK,23.61,23.49,OK,21.77,21.53,OK,22.01,21.72,OK,20,19.95,OK,20.24,20,OK,21.41,21.1,OK,21.98,21.53,OK,0,0,,0,0,,2.42,OK,2.43,OK,2.42,OK,2.4,OK,2.39,OK,2.4,OK,2.42,OK,0,,0,,2.76,OK,2.33,OK,2.37,OK,2.39,OK,2.42,OK,2.48,OK,2.34,OK,0,,0,,,,53.19,OK,,,,53.58,OK,,,,-293,OK,,,,-292.68,OK,,,,173.24,OK,,,,171.35,OK,,,,,,,,,,,,,,,,,
2410121261C,NEW KAPPAEX1.0,CM1P2,2024-10-12 23:01:39,18.686,28.36,OK,24.84,24.53,OK,23.06,22.6,OK,22.34,22.11,OK,22.5,22.06,OK,22.71,22.55,OK,22.25,21.71,OK,23.25,23.09,OK,0,0,,0,0,,5.91,OK,6.6,OK,6.47,OK,6.81,OK,6.89,OK,6.82,OK,6.76,OK,0,,0,,6.11,OK,6.53,OK,6.19,OK,6.47,OK,6.81,OK,6.77,OK,6.17,OK,0,,0,,,,52.35,OK,,,,51.91,OK,,,,-291.79,OK,,,,-291.79,OK,,,,172.58,OK,,,,171.79,OK,,,,,,,,,,,,,,,,,
2410121233D,ATKINSON 3.8 OCV,DM1P3,2024-10-12 23:01:44,18.999,24.38,OK,27.1,27.04,OK,27.26,27.19,OK,26,25.78,OK,26.72,26.7,OK,26.32,26.2,OK,26.61,26.52,OK,25.55,25.51,OK,0,0,,0,0,,11.45,OK,11.37,OK,11.42,OK,11.43,OK,11.52,OK,11.63,OK,11.69,OK,0,,0,,9.81,OK,10.4,OK,10.34,OK,10.29,OK,10.19,OK,10.24,OK,10.23,OK,0,,0,,,,82.71,OK,,,,81.92,OK,,,,157.98,OK,,,,158.22,OK,,,,37.59,OK,,,,37.9,OK,,,,,,,,,,,,,,,,,
2410121262C,NEW KAPPAEX1.0,CM2P9,2024-10-12 23:02:28,18.691,28.02,OK,23.57,23.52,OK,22.71,22.22,OK,23.64,23.29,OK,22.03,21.84,OK,22.03,21.89,OK,21.19,20.82,OK,22.82,22.59,OK,0,0,,0,0,,15.36,OK,15.36,OK,15.36,OK,15.36,OK,15.36,OK,15.36,OK,15.36,OK,0,,0,,15.36,OK,15.36,OK,15.36,OK,15.36,OK,15.36,OK,15.36,OK,15.36,OK,0,,0,,,,52.2,OK,,,,52.81,OK,,,,-291.56,OK,,,,-291.92,OK,,,,172.03,OK,,,,170.73,OK,,,,,,,,,,,,,,,,,
2410121235D,ATKINSON 3.8 OCV,DM4P4,2024-10-12 23:02:36,18.995,23.72,OK,26.4,26.38,OK,25.45,25.36,OK,26.07,25.94,OK,26.17,26.17,OK,26.28,26.14,OK,26.14,25.98,OK,26.54,26.47,OK,0,0,,0,0,,12.03,OK,12.24,OK,12.14,OK,12.3,OK,12.31,OK,12.3,OK,12.47,OK,0,,0,,12.45,OK,12.48,OK,12.48,OK,12.47,OK,12.47,OK,12.45,OK,12.45,OK,0,,0,,,,81.69,OK,,,,82.04,OK,,,,157.86,OK,,,,158.02,OK,,,,37.63,OK,,,,37.39,OK,,,,,,,,,,,,,,,,,
2410121263C,NEW KAPPAEX1.0,CM3P8,2024-10-12 23:03:13,18.694,28.28,OK,28.17,27.47,OK,25.84,24.98,OK,26.18,25.77,OK,26.09,25.46,OK,25,24.48,OK,26.34,25.41,OK,26.09,25.39,OK,0,0,,0,0,,0,OK,0,OK,0,OK,0,OK,0,OK,0,OK,0,OK,0,,0,,0,OK,0,OK,0,OK,0,OK,0,OK,0,OK,0,OK,0,,0,,,,50.95,OK,,,,52.1,OK,,,,-291.2,OK,,,,-292.1,OK,,,,171.62,OK,,,,170.78,OK,,,,,,,,,,,,,,,,,
2410121236D,ATKINSON 3.8 OCV,DM2P1,2024-10-12 23:03:31,18.995,22.77,OK,28.67,28.6,OK,25.5,25.38,OK,26.32,26.13,OK,27.56,27.51,OK,28.02,27.95,OK,26.23,26.15,OK,26.01,26.01,OK,0,0,,0,0,,10.94,OK,10.75,OK,10.82,OK,10.83,OK,10.75,OK,10.78,OK,10.77,OK,0,,0,,10.29,OK,10.22,OK,10.19,OK,10.17,OK,10.2,OK,10.35,OK,10.18,OK,0,,0,,,,81.91,OK,,,,82.34,OK,,,,157.82,OK,,,,158.38,OK,,,,37.46,OK,,,,37.58,OK,,,,,,,,,,,,,,,,,
2410121264C,NEW KAPPAEX1.0,CM4P4,2024-10-12 23:04:02,18.696,27.17,OK,24.98,24.23,OK,23,22.69,OK,23.62,23.11,OK,22.94,22.58,OK,23.44,23.44,OK,23.33,22.98,OK,22.56,21.92,OK,0,0,,0,0,,0,OK,0,OK,0,OK,0,OK,0,OK,0,OK,0,OK,0,,0,,0,OK,0,OK,0,OK,0,OK,0,OK,0,OK,0,OK,0,,0,,,,52.87,OK,,,,52.29,OK,,,,-292.83,OK,,,,-292.48,OK,,,,172.6,OK,,,,172.98,OK,,,,,,,,,,,,,,,,,
2410121237D,ATKINSON 3.8 OCV,DM5P9,2024-10-12 23:04:30,18.996,24.27,OK,25.27,25.09,OK,25.46,25.32,OK,25.18,24.92,OK,24.32,24.11,OK,24.09,23.97,OK,24.46,24.34,OK,24.06,23.97,OK,0,0,,0,0,,2.11,OK,2.81,OK,2.77,OK,2.66,OK,2.7,OK,2.77,OK,2.72,OK,0,,0,,0.8,OK,0.78,OK,0.82,OK,0.81,OK,0.81,OK,0.84,OK,0.83,OK,0,,0,,,,81.39,OK,,,,81.42,OK,,,,158.59,OK,,,,159.1,OK,,,,38.67,OK,,,,38.01,OK,,,,,,,,,,,,,,,,,
2410121265C,NEW KAPPAEX1.0,CM5P3,2024-10-12 23:04:51,18.694,26.98,OK,23.58,23.32,OK,21.48,21.24,OK,21.43,21.15,OK,20.62,20.52,OK,21.6,21.36,OK,21.53,21.19,OK,21.89,21.55,OK,0,0,,0,0,,2.38,OK,2.43,OK,2.41,OK,2.47,OK,2.47,OK,2.47,OK,2.42,OK,0,,0,,2.52,OK,2.4,OK,2.39,OK,2.46,OK,2.46,OK,2.41,OK,2.34,OK,0,,0,,,,53.29,OK,,,,53.65,OK,,,,-292.55,OK,,,,-291.69,OK,,,,171.84,OK,,,,172.95,OK,,,,,,,,,,,,,,,,,
2410121238D,ATKINSON 3.8 OCV,DM1P7,2024-10-12 23:05:22,18.984,22.86,OK,25.37,25.28,OK,28.18,28.09,OK,26.97,26.54,OK,26.95,26.88,OK,25.93,25.93,OK,26.45,26.45,OK,27.42,27.4,OK,0,0,,0,0,,11.34,OK,11.33,OK,11.57,OK,11.4,OK,11.5,OK,11.55,OK,11.53,OK,0,,0,,9.95,OK,10.41,OK,10.45,OK,10.5,OK,10.29,OK,10.23,OK,10.03,OK,0,,0,,,,83.01,OK,,,,83.46,OK,,,,156.75,OK,,,,156.98,OK,,,,36.7,OK,,,,37.14,OK,,,,,,,,,,,,,,,,,
2410121266C,,C,2024-10-12 23:05:40,18.684,27.36,OK,,,,,,,,,,,,,,,,,,,,,,,,,,,,,,,,,,,,,,,,,,,,,,,,,,,,,,,,,,,,,,,,,,53.84,OK,,,,52.44,OK,,,,-292.44,OK,,,,-292.31,OK,,,,172.95,OK,,,,172.64,OK,,,,,,,,,,,,,,,,,
2410121239D,ATKINSON 3.8 OCV,DM3P6,2024-10-12 23:06:17,18.982,22.01,OK,26.54,26.45,OK,25.49,25.42,OK,25.36,24.89,OK,24.78,24.68,OK,26.65,26.45,OK,26.42,26.35,OK,25.49,25.42,OK,0,0,,0,0,,11.49,OK,11.48,OK,11.38,OK,11.53,OK,11.56,OK,11.59,OK,11.55,OK,0,,0,,12.81,OK,12.71,OK,12.76,OK,12.6,OK,12.85,OK,12.58,OK,12.58,OK,0,,0,,,,82.96,OK,,,,83.11,OK,,,,156.7,OK,,,,156.28,OK,,,,36.72,OK,,,,37.03,OK,,,,,,,,,,,,,,,,,
2410121267C,NEW KAPPAEX1.0,CM2P6,2024-10-12 23:06:29,18.696,26.66,OK,25.32,25.13,OK,24.01,23.62,OK,23.17,22.85,OK,22.66,22.4,OK,23.15,23.08,OK,22.57,22.24,OK,22.8,22.5,OK,0,0,,0,0,,15.36,OK,15.36,OK,15.36,OK,15.36,OK,15.36,OK,15.36,OK,15.36,OK,0,,0,,15.36,OK,15.36,OK,15.36,OK,15.36,OK,15.36,OK,15.36,OK,15.36,OK,0,,0,,,,53.7,OK,,,,53.57,OK,,,,-292.23,OK,,,,-291.28,OK,,,,172.38,OK,,,,172.33,OK,,,,,,,,,,,,,,,,,
2410121241D,ATKINSON 3.8 OCV,DM2P2,2024-10-12 23:07:09,18.996,20.91,OK,26.69,26.54,OK,25.52,25.43,OK,24.19,24.07,OK,26.64,26.61,OK,27.41,27.39,OK,27.92,27.87,OK,25.45,25.38,OK,0,0,,0,0,,10.81,OK,11.11,OK,10.81,OK,10.83,OK,10.84,OK,10.72,OK,10.87,OK,0,,0,,10.2,OK,10.27,OK,10.18,OK,10.19,OK,10.26,OK,10.19,OK,10.19,OK,0,,0,,,,82.37,OK,,,,82.77,OK,,,,157.14,OK,,,,157.23,OK,,,,37.27,OK,,,,36.95,OK,,,,,,,,,,,,,,,,,
2410121268C,NEW KAPPAEX1.0,CM3P3,2024-10-12 23:07:14,18.687,26.3,OK,27.76,27.09,OK,27.11,26.32,OK,27.09,26.7,OK,25.82,25.05,OK,26.66,26.18,OK,26.45,25.64,OK,26.16,25.37,OK,0,0,,0,0,,0,OK,0,OK,0,OK,0,OK,0,OK,0,OK,0,OK,0,,0,,0,OK,0,OK,0,OK,0,OK,0,OK,0,OK,0,OK,0,,0,,,,52.88,OK,,,,52.45,OK,,,,-291.62,OK,,,,-292.01,OK,,,,172.35,OK,,,,173.23,OK,,,,,,,,,,,,,,,,,
2410121240D,ATKINSON 3.8 OCV,DM4P5,2024-10-12 23:08:01,18.985,23.25,OK,27.33,27.3,OK,24.45,24.36,OK,26.52,26.28,OK,26.52,26.45,OK,25.63,25.54,OK,25.89,25.87,OK,26.26,26.19,OK,0,0,,0,0,,12.11,OK,12.3,OK,12.17,OK,12.3,OK,12.21,OK,12.24,OK,12.31,OK,0,,0,,12.45,OK,12.44,OK,12.47,OK,12.46,OK,12.46,OK,12.41,OK,12.43,OK,0,,0,,,,82.39,OK,,,,82.24,OK,,,,157.71,OK,,,,157.78,OK,,,,37.53,OK,,,,37.32,OK,,,,,,,,,,,,,,,,,
2410121269C,NEW KAPPAEX1.0,CM4P7,2024-10-12 23:08:03,18.688,27.26,OK,27.2,26.61,OK,23.84,23.64,OK,23.93,23.53,OK,22.25,21.79,OK,23.27,23.16,OK,22.89,22.06,OK,22.21,21.55,OK,0,0,,0,0,,0,OK,0,OK,0,OK,0,OK,0,OK,0,OK,0,OK,0,,0,,0,OK,0,OK,0,OK,0,OK,0,OK,0,OK,0,OK,0,,0,,,,52.89,OK,,,,53.14,OK,,,,-291.91,OK,,,,-292.13,OK,,,,172.47,OK,,,,173.67,OK,,,,,,,,,,,,,,,,,
2410121270C,NEW KAPPAEX1.0,CM5P2,2024-10-12 23:08:52,18.698,26.05,OK,23.49,23.37,OK,22.63,22.32,OK,23.37,23.01,OK,19.66,19.47,OK,20.45,20.19,OK,22.15,21.81,OK,22.2,21.79,OK,0,0,,0,0,,2.39,OK,2.42,OK,2.4,OK,2.41,OK,2.4,OK,2.46,OK,2.42,OK,0,,0,,2.52,OK,2.36,OK,2.39,OK,2.32,OK,2.41,OK,2.57,OK,2.29,OK,0,,0,,,,53.21,OK,,,,52.78,OK,,,,-292.01,OK,,,,-291.56,OK,,,,172.04,OK,,,,171.16,OK,,,,,,,,,,,,,,,,,
2410121243D,ATKINSON 3.8 OCV,DM1P8,2024-10-12 23:08:53,18.993,22.63,OK,26.23,26.11,OK,26.36,26.34,OK,25.08,24.45,OK,26.36,26.27,OK,25.28,25.21,OK,24.83,24.76,OK,24.88,24.83,OK,0,0,,0,0,,11.45,OK,11.4,OK,11.43,OK,11.39,OK,11.5,OK,11.7,OK,11.48,OK,0,,0,,10,OK,10.28,OK,10.31,OK,10.28,OK,10.24,OK,10.23,OK,10.32,OK,0,,0,,,,82.31,OK,,,,82.27,OK,,,,157.23,OK,,,,157.36,OK,,,,36.72,OK,,,,37.11,OK,,,,,,,,,,,,,,,,,
2410121271C,NEW KAPPAEX1.0,CM1P9,2024-10-12 23:09:37,18.699,27.88,OK,23.76,23.67,OK,22.76,22.29,OK,22.67,22.57,OK,22.57,22.08,OK,22.29,22.13,OK,22.97,22.57,OK,22.6,22.06,OK,0,0,,0,0,,6.14,OK,6.56,OK,6.49,OK,6.47,OK,7.04,OK,6.92,OK,6.75,OK,0,,0,,6.02,OK,6.49,OK,6.7,OK,6.73,OK,6.43,OK,6.91,OK,6.89,OK,0,,0,,,,54.55,OK,,,,52.58,OK,,,,-294.15,OK,,,,-292.35,OK,,,,171.31,OK,,,,172.08,OK,,,,,,,,,,,,,,,,,
2410121244D,ATKINSON 3.8 OCV,DM3P5,2024-10-12 23:09:48,18.984,22.67,OK,28.14,28.05,OK,27.23,27.19,OK,27,26.91,OK,26.35,26.33,OK,27.3,27.26,OK,27.79,27.7,OK,26.98,26.91,OK,0,0,,0,0,,11.46,OK,11.53,OK,11.56,OK,11.54,OK,11.55,OK,11.47,OK,11.47,OK,0,,0,,12.86,OK,12.8,OK,12.8,OK,12.78,OK,12.93,OK,12.93,OK,12.76,OK,0,,0,,,,82.37,OK,,,,82.54,OK,,,,156.6,OK,,,,157.28,OK,,,,36.53,OK,,,,36.74,OK,,,,,,,,,,,,,,,,,
2410121272C,NEW KAPPAEX1.0,CM2P8,2024-10-12 23:10:26,18.689,26.73,OK,22.26,22.22,OK,22.59,22.29,OK,24.25,23.85,OK,22.57,22.33,OK,23.03,23.03,OK,22.33,22.03,OK,21.89,21.52,OK,0,0,,0,0,,15.36,OK,15.36,OK,15.36,OK,15.36,OK,15.36,OK,15.36,OK,15.36,OK,0,,0,,15.36,OK,15.36,OK,15.36,OK,15.36,OK,15.36,OK,15.36,OK,15.36,OK,0,,0,,,,53.51,OK,,,,54.19,OK,,,,-291.22,OK,,,,-292.05,OK,,,,171.13,OK,,,,171.48,OK,,,,,,,,,,,,,,,,,
2410121245D,ATKINSON 3.8 OCV,DM2P9,2024-10-12 23:10:40,18.995,22.67,OK,27.32,27.22,OK,23.8,23.71,OK,23.63,23.46,OK,26.66,26.64,OK,25.79,25.72,OK,26.01,25.96,OK,25.33,25.26,OK,0,0,,0,0,,10.84,OK,10.78,OK,11.13,OK,10.83,OK,10.82,OK,11.46,OK,10.75,OK,0,,0,,10.28,OK,10.18,OK,10.25,OK,10.18,OK,10.15,OK,10.22,OK,10.17,OK,0,,0,,,,82.67,OK,,,,83.15,OK,,,,157.24,OK,,,,157.64,OK,,,,37.3,OK,,,,36.94,OK,,,,,,,,,,,,,,,,,
2410121273C,NEW KAPPAEX1.0,CM3P4,2024-10-12 23:11:11,18.674,26.35,OK,26.81,26.09,OK,24.82,23.94,OK,27.9,27.2,OK,24.53,23.49,OK,25.46,25.12,OK,25.66,24.85,OK,26.57,25.71,OK,0,0,,0,0,,0,OK,0,OK,0,OK,0,OK,0,OK,0,OK,0,OK,0,,0,,0,OK,0,OK,0,OK,0,OK,0,OK,0,OK,0,OK,0,,0,,,,52.78,OK,,,,52.42,OK,,,,-291.63,OK,,,,-291.18,OK,,,,170.73,OK,,,,170.92,OK,,,,,,,,,,,,,,,,,
2410121246D,ATKINSON 3.8 OCV,DM4P1,2024-10-12 23:11:36,18.995,22.67,OK,24.8,24.64,OK,24.22,24.17,OK,24.84,24.78,OK,28.56,28.35,OK,25.87,25.59,OK,25.89,25.8,OK,26,25.96,OK,0,0,,0,0,,12.08,OK,12.24,OK,12.12,OK,12.2,OK,12.32,OK,12.13,OK,12.16,OK,0,,0,,12.54,OK,12.43,OK,12.24,OK,12.47,OK,12.54,OK,12.42,OK,12.49,OK,0,,0,,,,82.68,OK,,,,82.72,OK,,,,157.44,OK,,,,157.51,OK,,,,36.96,OK,,,,37.01,OK,,,,,,,,,,,,,,,,,
2410121274C,NEW KAPPAEX1.0,CM4P1,2024-10-12 23:12:00,18.698,26.96,OK,24.5,23.68,OK,24.23,23.77,OK,24.67,24.28,OK,22.32,21.86,OK,25.4,25.4,OK,22.5,22.12,OK,22.28,21.79,OK,0,0,,0,0,,0,OK,0,OK,0,OK,0,OK,0,OK,0,OK,0,OK,0,,0,,0,OK,0,OK,0,OK,0,OK,0,OK,0,OK,0,OK,0,,0,,,,53.39,OK,,,,52.67,OK,,,,-292.16,OK,,,,-291.82,OK,,,,170.91,OK,,,,172.91,OK,,,,,,,,,,,,,,,,,
2410121247D,ATKINSON 3.8 OCV,DM1P6,2024-10-12 23:12:31,18.995,23.36,OK,24.38,24.31,OK,28.09,28.03,OK,26.38,26.11,OK,26.95,26.9,OK,26.45,26.36,OK,25.64,25.55,OK,25.87,25.82,OK,0,0,,0,0,,11.44,OK,11.45,OK,11.44,OK,11.44,OK,11.51,OK,11.42,OK,11.45,OK,0,,0,,9.94,OK,10.41,OK,10.35,OK,10.35,OK,10.12,OK,10.19,OK,10.17,OK,0,,0,,,,83.32,OK,,,,83.17,OK,,,,156.76,OK,,,,156.33,OK,,,,36.79,OK,,,,37.34,OK,,,,,,,,,,,,,,,,,
2410121275C,NEW KAPPAEX1.0,CM5P7,2024-10-12 23:12:49,18.693,26.65,OK,23.56,23.51,OK,21.84,21.58,OK,21.79,21.5,OK,20.31,20.26,OK,22.15,21.84,OK,22.6,22.2,OK,22.65,22.29,OK,0,0,,0,0,,2.38,OK,2.41,OK,2.39,OK,2.44,OK,2.45,OK,2.44,OK,2.43,OK,0,,0,,2.5,OK,2.35,OK,2.41,OK,2.38,OK,2.41,OK,2.4,OK,2.33,OK,0,,0,,,,53.56,OK,,,,52.44,OK,,,,-292.79,OK,,,,-291.28,OK,,,,172.19,OK,,,,171.79,OK,,,,,,,,,,,,,,,,,
2410121242D,ATKINSON 3.8 OCV,DM5P3,2024-10-12 23:13:26,18.991,24.16,OK,25.67,25.55,OK,25.27,25.11,OK,23.83,23.58,OK,25.48,25.16,OK,25.06,24.97,OK,24.95,24.78,OK,24.85,24.74,OK,0,0,,0,0,,2.08,OK,2.67,OK,2.63,OK,2.69,OK,2.72,OK,2.69,OK,2.64,OK,0,,0,,0.81,OK,0.86,OK,0.82,OK,0.82,OK,0.84,OK,0.87,OK,0.82,OK,0,,0,,,,82.41,OK,,,,82.97,OK,,,,157.9,OK,,,,158.18,OK,,,,37.46,OK,,,,37.78,OK,,,,,,,,,,,,,,,,,
2410121276C,NEW KAPPAEX1.0,CM1P6,2024-10-12 23:13:34,18.698,26.6,OK,24.81,24.72,OK,22.74,22.04,OK,22.13,21.92,OK,22.46,21.83,OK,22.32,22.25,OK,22.83,22.36,OK,22.64,22.25,OK,0,0,,0,0,,5.93,OK,6.62,OK,6.51,OK,6.56,OK,6.84,OK,6.84,OK,6.8,OK,0,,0,,5.94,OK,6.36,OK,6.57,OK,6.44,OK,6.48,OK,6.62,OK,6.31,OK,0,,0,,,,51.24,OK,,,,53.29,OK,,,,-292.22,OK,,,,-292.85,OK,,,,173.6,OK,,,,172.79,OK,,,,,,,,,,,,,,,,,
2410121277C,NEW KAPPAEX1.0,CM2P3,2024-10-12 23:14:20,18.688,27.23,OK,24.36,24.01,OK,23.29,23.06,OK,24.04,23.8,OK,20.93,20.61,OK,23.64,23.52,OK,22.94,22.59,OK,22.57,22.31,OK,0,0,,0,0,,15.36,OK,15.36,OK,15.36,OK,15.36,OK,15.36,OK,15.36,OK,15.36,OK,0,,0,,15.36,OK,15.36,OK,15.36,OK,15.36,OK,15.36,OK,15.36,OK,15.36,OK,0,,0,,,,52.98,OK,,,,52.14,OK,,,,-292.3,OK,,,,-291.77,OK,,,,172.06,OK,,,,172.32,OK,,,,,,,,,,,,,,,,,
2410121249D,ATKINSON 3.8 OCV,DM2P2,2024-10-12 23:14:21,18.998,23.33,OK,30.08,29.96,OK,25.94,25.91,OK,25.33,25.23,OK,27,26.93,OK,26.88,26.83,OK,25.28,25.16,OK,25.21,25.14,OK,0,0,,0,0,,10.81,OK,11.07,OK,10.72,OK,11.28,OK,10.79,OK,10.79,OK,10.81,OK,0,,0,,10.15,OK,10.22,OK,10.48,OK,10.27,OK,10.32,OK,10.23,OK,10.25,OK,0,,0,,,,82.25,OK,,,,82.85,OK,,,,157.08,OK,,,,157.53,OK,,,,36.97,OK,,,,37.05,OK,,,,,,,,,,,,,,,,,
2410121278C,NEW KAPPAEX1.0,CM3P7,2024-10-12 23:15:05,18.692,27.07,OK,25.55,24.87,OK,25.91,25.18,OK,26.38,25.84,OK,24.75,23.99,OK,25.16,24.8,OK,24.62,23.76,OK,24.55,23.67,OK,0,0,,0,0,,0,OK,0,OK,0,OK,0,OK,0,OK,0,OK,0,OK,0,,0,,0,OK,0,OK,0,OK,0,OK,0,OK,0,OK,0,OK,0,,0,,,,52.79,OK,,,,52.16,OK,,,,-291.25,OK,,,,-290.5,OK,,,,171.81,OK,,,,171.71,OK,,,,,,,,,,,,,,,,,
2410121248D,ATKINSON 3.8 OCV,DM3P5,2024-10-12 23:15:13,18.992,22.51,OK,25.42,25.33,OK,25.01,24.96,OK,24.22,24.01,OK,22.9,22.83,OK,26.89,26.77,OK,26.28,26.26,OK,26.19,26.14,OK,0,0,,0,0,,11.25,OK,11.4,OK,11.43,OK,11.51,OK,11.44,OK,11.44,OK,11.58,OK,0,,0,,12.85,OK,12.93,OK,12.83,OK,12.76,OK,12.82,OK,12.85,OK,12.87,OK,0,,0,,,,82.9,OK,,,,82.45,OK,,,,156.94,OK,,,,157.73,OK,,,,37.26,OK,,,,37.12,OK,,,,,,,,,,,,,,,,,
2410121279C,NEW KAPPAEX1.0,CM4P2,2024-10-12 23:15:51,18.69,27.37,OK,25.66,24.96,OK,23.84,22.98,OK,24.63,24.12,OK,22.54,22.3,OK,22.45,22.32,OK,22.36,21.84,OK,22.85,22.34,OK,0,0,,0,0,,0,OK,0,OK,0,OK,0,OK,0,OK,0,OK,0,OK,0,,0,,0,OK,0,OK,0,OK,0,OK,0,OK,0,OK,0,OK,0,,0,,,,55.09,OK,,,,53.99,OK,,,,-292.53,OK,,,,-291.86,OK,,,,171.86,OK,,,,172.85,OK,,,,,,,,,,,,,,,,,
2410121251D,ATKINSON 3.8 OCV,DM1P8,2024-10-12 23:16:09,18.986,22.38,OK,24.97,24.74,OK,27.49,27.37,OK,25.24,25.06,OK,26.41,26.34,OK,24.85,24.85,OK,25.82,25.78,OK,26.29,26.09,OK,0,0,,0,0,,11.28,OK,11.34,OK,11.68,OK,11.38,OK,11.6,OK,11.78,OK,11.42,OK,0,,0,,9.89,OK,10.29,OK,10.23,OK,10.22,OK,10.14,OK,10.11,OK,10.08,OK,0,,0,,,,82.14,OK,,,,82.51,OK,,,,157.38,OK,,,,157.59,OK,,,,36.93,OK,,,,37.42,OK,,,,,,,,,,,,,,,,,
2410121280C,NEW KAPPAEX1.0,CM5P9,2024-10-12 23:16:40,18.694,27.42,OK,24.97,24.75,OK,21.15,20.91,OK,22.2,21.93,OK,20.43,20.36,OK,21.6,21.38,OK,22.29,22.12,OK,22.32,21.93,OK,0,0,,0,0,,2.39,OK,2.41,OK,2.4,OK,2.42,OK,2.43,OK,2.42,OK,2.43,OK,0,,0,,2.53,OK,2.4,OK,2.4,OK,2.46,OK,2.41,OK,2.43,OK,2.34,OK,0,,0,,,,53.83,OK,,,,54.25,OK,,,,-293.18,OK,,,,-292.62,OK,,,,171.85,OK,,,,173.01,OK,,,,,,,,,,,,,,,,,
2410121250D,ATKINSON 3.8 OCV,DM4P3,2024-10-12 23:17:01,18.998,22.65,OK,26.21,26.1,OK,26.52,26.47,OK,27.72,27.61,OK,28.05,27.95,OK,27.21,27.12,OK,27.51,27.44,OK,27.33,27.28,OK,0,0,,0,0,,12.03,OK,12.07,OK,11.86,OK,11.97,OK,12.33,OK,12.31,OK,12.34,OK,0,,0,,12.47,OK,12.47,OK,12.57,OK,12.41,OK,12.41,OK,12.44,OK,12.46,OK,0,,0,,,,83.02,OK,,,,82.5,OK,,,,157.6,OK,,,,157.78,OK,,,,36.99,OK,,,,37.09,OK,,,,,,,,,,,,,,,,,
2410121281C,NEW KAPPAEX1.0,CM1P8,2024-10-12 23:17:25,18.675,27.61,OK,22.41,22.32,OK,22.06,21.45,OK,23.23,23.02,OK,20.92,20.36,OK,22.39,22.34,OK,21.71,20.92,OK,22.81,22.41,OK,0,0,,0,0,,5.82,OK,6.72,OK,6.49,OK,6.65,OK,7.08,OK,6.91,OK,6.72,OK,0,,0,,5.88,OK,6.47,OK,6.74,OK,6.61,OK,6.29,OK,6.45,OK,6.85,OK,0,,0,,,,53.19,OK,,,,52.7,OK,,,,-292.42,OK,,,,-292.09,OK,,,,172.78,OK,,,,173.08,OK,,,,,,,,,,,,,,,,,
2410121253D,ATKINSON 3.8 OCV,DM2P9,2024-10-12 23:17:56,18.99,24.78,OK,28.84,28.72,OK,23.95,23.88,OK,24.29,24.09,OK,26.49,26.49,OK,27.12,27.07,OK,25.79,25.74,OK,25.47,25.4,OK,0,0,,0,0,,10.7,OK,10.78,OK,10.7,OK,10.81,OK,10.82,OK,11.17,OK,10.81,OK,0,,0,,10.19,OK,10.21,OK,10.19,OK,10.21,OK,10.03,OK,10.21,OK,10.37,OK,0,,0,,,,82.72,OK,,,,83.2,OK,,,,157.55,OK,,,,158.01,OK,,,,37.52,OK,,,,36.86,OK,,,,,,,,,,,,,,,,,
2410121282C,NEW KAPPAEX1.0,CM2P4,2024-10-12 23:18:10,18.686,27.82,OK,24.04,23.97,OK,22.22,21.82,OK,24.2,23.87,OK,22.38,22.03,OK,22.66,22.61,OK,22.43,22.03,OK,22.45,22.19,OK,0,0,,0,0,,15.36,OK,15.36,OK,15.36,OK,15.36,OK,15.36,OK,15.36,OK,15.36,OK,0,,0,,15.36,OK,15.36,OK,15.36,OK,15.36,OK,15.36,OK,15.36,OK,15.36,OK,0,,0,,,,53.09,OK,,,,52.08,OK,,,,-291.84,OK,,,,-291.29,OK,,,,169.96,OK,,,,172.65,OK,,,,,,,,,,,,,,,,,
2410121255D,ATKINSON 3.8 OCV,DM1P6,2024-10-12 23:18:51,18.994,21.88,OK,28.25,28.03,OK,28.25,28.12,OK,25.66,25.46,OK,26.7,26.65,OK,25.69,25.69,OK,26.14,26.09,OK,26.41,26.36,OK,0,0,,0,0,,11.41,OK,11.39,OK,11.43,OK,11.37,OK,11.45,OK,11.49,OK,11.5,OK,0,,0,,9.92,OK,10.38,OK,10.39,OK,10.34,OK,10.25,OK,10.26,OK,10.27,OK,0,,0,,,,83.54,OK,,,,83.43,OK,,,,156.81,OK,,,,156.68,OK,,,,36.7,OK,,,,37.03,OK,,,,,,,,,,,,,,,,,
2410121283C,NEW KAPPAEX1.0,CM3P1,2024-10-12 23:18:59,18.691,26.7,OK,26.77,25.95,OK,26.09,24.94,OK,27.04,26.45,OK,25.03,24.1,OK,24.66,24.1,OK,24.26,23.56,OK,23.83,22.97,OK,0,0,,0,0,,0,OK,0,OK,0,OK,0,OK,0,OK,0,OK,0,OK,0,,0,,0,OK,0,OK,0,OK,0,OK,0,OK,0,OK,0,OK,0,,0,,,,53.9,OK,,,,52.72,OK,,,,-292.16,OK,,,,-290.38,OK,,,,172.8,OK,,,,172.16,OK,,,,,,,,,,,,,,,,,
2410121254D,ATKINSON 3.8 OCV,DM3P4,2024-10-12 23:19:46,18.987,22.07,OK,25.89,25.84,OK,26.42,26.35,OK,25.84,25.61,OK,25.31,25.29,OK,28.86,28.79,OK,26.47,26.4,OK,27,26.93,OK,0,0,,0,0,,11.61,OK,11.52,OK,11.57,OK,11.58,OK,11.57,OK,11.62,OK,11.5,OK,0,,0,,12.83,OK,12.8,OK,12.8,OK,12.83,OK,12.81,OK,12.82,OK,12.96,OK,0,,0,,,,82.71,OK,,,,82.85,OK,,,,156.89,OK,,,,157.55,OK,,,,36.82,OK,,,,36.75,OK,,,,,,,,,,,,,,,,,
2410121284C,NEW KAPPAEX1.0,CM4P5,2024-10-12 23:19:48,18.699,27.75,OK,24.87,24.21,OK,22.36,22.01,OK,25,24.5,OK,22.06,21.73,OK,24.06,23.95,OK,22.36,21.73,OK,22.94,22.25,OK,0,0,,0,0,,0,OK,0,OK,0,OK,0,OK,0,OK,0,OK,0,OK,0,,0,,0,OK,0,OK,0,OK,0,OK,0,OK,0,OK,0,OK,0,,0,,,,53.58,OK,,,,52.9,OK,,,,-293.39,OK,,,,-291.12,OK,,,,172.4,OK,,,,172.04,OK,,,,,,,,,,,,,,,,,
2410121285C,NEW KAPPAEX1.0,CM5P6,2024-10-12 23:20:37,18.692,26.85,OK,23.06,23.01,OK,22.82,22.53,OK,21.89,21.62,OK,20.62,20.52,OK,21.89,21.72,OK,22.24,21.84,OK,22.01,21.77,OK,0,0,,0,0,,2.39,OK,2.47,OK,2.41,OK,2.4,OK,2.43,OK,2.42,OK,2.46,OK,0,,0,,2.58,OK,2.44,OK,2.41,OK,2.38,OK,2.42,OK,2.42,OK,2.38,OK,0,,0,,,,53.84,OK,,,,52.49,OK,,,,-292.12,OK,,,,-292.53,OK,,,,171.94,OK,,,,171.73,OK,,,,,,,,,,,,,,,,,
2410121256D,ATKINSON 3.8 OCV,DM4P1,2024-10-12 23:20:38,18.998,23.98,OK,24.87,24.8,OK,24.5,24.45,OK,24.59,23.96,OK,26.7,26.63,OK,26.26,26.21,OK,26,25.94,OK,25.19,25.15,OK,0,0,,0,0,,11.96,OK,12.14,OK,12.12,OK,12.31,OK,12.29,OK,12.31,OK,12.29,OK,0,,0,,12.61,OK,12.64,OK,12.43,OK,12.41,OK,12.42,OK,12.43,OK,12.4,OK,0,,0,,,,82.27,OK,,,,82.41,OK,,,,157.67,OK,,,,157.74,OK,,,,36.99,OK,,,,37.24,OK,,,,,,,,,,,,,,,,,
2410121286C,NEW KAPPAEX1.0,CM1P3,2024-10-12 23:21:22,18.696,27.08,OK,23.65,23.39,OK,23.11,22.29,OK,23.9,23.72,OK,22.29,21.73,OK,21.87,21.8,OK,22.34,22.06,OK,22.67,22.04,OK,0,0,,0,0,,5.83,OK,6.41,OK,6.93,OK,6.65,OK,6.67,OK,6.79,OK,7.14,OK,0,,0,,6.2,OK,6.98,OK,6.28,OK,6.36,OK,6.61,OK,7.15,OK,6.22,OK,0,,0,,,,53.59,OK,,,,53.28,OK,,,,-293.32,OK,,,,-292.52,OK,,,,172.1,OK,,,,171.25,OK,,,,,,,,,,,,,,,,,
2410121257D,ATKINSON 3.8 OCV,DM2P2,2024-10-12 23:21:30,18.991,22.91,OK,27.29,27.19,OK,23.88,23.78,OK,24.87,24.77,OK,27.41,27.39,OK,27.9,27.8,OK,26.52,26.49,OK,24.72,24.63,OK,0,0,,0,0,,10.69,OK,10.81,OK,10.83,OK,10.89,OK,11.14,OK,10.79,OK,10.82,OK,0,,0,,10.32,OK,10.33,OK,10.33,OK,10.33,OK,10.22,OK,10.26,OK,10.17,OK,0,,0,,,,82.23,OK,,,,82.56,OK,,,,157.07,OK,,,,157.47,OK,,,,37.32,OK,,,,37.2,OK,,,,,,,,,,,,,,,,,
2410121287C,NEW KAPPAEX1.0,CM2P7,2024-10-12 23:22:11,18.689,27.08,OK,23.62,23.36,OK,23.59,23.31,OK,22.59,22.22,OK,22.31,22.01,OK,22.43,22.38,OK,22.12,21.84,OK,22.47,22.15,OK,0,0,,0,0,,15.36,OK,15.36,OK,15.36,OK,15.36,OK,15.36,OK,15.36,OK,15.36,OK,0,,0,,15.36,OK,15.36,OK,15.36,OK,15.36,OK,15.36,OK,15.36,OK,15.36,OK,0,,0,,,,53.77,OK,,,,52.8,OK,,,,-291.46,OK,,,,-291.87,OK,,,,170.16,OK,,,,171.59,OK,,,,,,,,,,,,,,,,,
2410121258D,ATKINSON 3.8 OCV,DM1P8,2024-10-12 23:22:26,18.998,24.03,OK,26.5,26.32,OK,27.08,27.04,OK,24.94,24.74,OK,26.63,26.59,OK,24.54,24.47,OK,26.16,26.07,OK,27.33,27.31,OK,0,0,,0,0,,11.43,OK,11.42,OK,11.42,OK,11.54,OK,11.49,OK,11.54,OK,11.51,OK,0,,0,,9.91,OK,10.3,OK,10.3,OK,10.43,OK,10.33,OK,10.27,OK,10.29,OK,0,,0,,,,82.23,OK,,,,82.38,OK,,,,156.94,OK,,,,157.43,OK,,,,36.58,OK,,,,36.92,OK,,,,,,,,,,,,,,,,,
2410121288C,NEW KAPPAEX1.0,CM3P2,2024-10-12 23:22:56,18.689,27.08,OK,27.31,26.57,OK,26.93,25.98,OK,27.15,26.72,OK,26.47,25.91,OK,25.09,24.6,OK,25.09,24.37,OK,25.09,24.39,OK,0,0,,0,0,,0,OK,0,OK,0,OK,0,OK,0,OK,0,OK,0,OK,0,,0,,0,OK,0,OK,0,OK,0,OK,0,OK,0,OK,0,OK,0,,0,,,,52.98,OK,,,,52.45,OK,,,,-291.71,OK,,,,-292.77,OK,,,,171.22,OK,,,,170.94,OK,,,,,,,,,,,,,,,,,
2410121252D,ATKINSON 3.8 OCV,DM5P7,2024-10-12 23:23:18,18.999,22.32,OK,24.13,24.02,OK,25.62,25.55,OK,24.44,24.18,OK,25.22,25.2,OK,25.18,25.16,OK,26.13,26.04,OK,24.58,24.44,OK,0,0,,0,0,,2.11,OK,2.67,OK,2.64,OK,2.7,OK,2.72,OK,2.67,OK,2.66,OK,0,,0,,0.82,OK,0.83,OK,0.81,OK,0.83,OK,0.86,OK,0.88,OK,0.86,OK,0,,0,,,,81.87,OK,,,,83.25,OK,,,,157.71,OK,,,,158.14,OK,,,,37.54,OK,,,,37.76,OK,,,,,,,,,,,,,,,,,
2410121289C,NEW KAPPAEX1.0,CM4P9,2024-10-12 23:23:45,18.692,27.08,OK,25.44,24.85,OK,22.21,22.01,OK,24.5,24.06,OK,22.41,21.92,OK,23.9,23.82,OK,22.96,22.36,OK,23.35,22.67,OK,0,0,,0,0,,0,OK,0,OK,0,OK,0,OK,0,OK,0,OK,0,OK,0,,0,,0,OK,0,OK,0,OK,0,OK,0,OK,0,OK,0,OK,0,,0,,,,53.8,OK,,,,53.56,OK,,,,-293.27,OK,,,,-291.44,OK,,,,172.1,OK,,,,173.44,OK,,,,,,,,,,,,,,,,,
2410121259D,ATKINSON 3.8 OCV,DM3P3,2024-10-12 23:24:13,18.987,23.5,OK,29.97,29.9,OK,27.7,27.68,OK,25.77,25.52,OK,25.66,25.56,OK,29.65,29.51,OK,27.68,27.51,OK,27.93,27.88,OK,0,0,,0,0,,11.56,OK,11.55,OK,11.44,OK,11.52,OK,11.63,OK,11.58,OK,11.67,OK,0,,0,,12.87,OK,12.77,OK,12.82,OK,12.78,OK,12.86,OK,12.89,OK,12.84,OK,0,,0,,,,82.95,OK,,,,82.71,OK,,,,157.49,OK,,,,157.72,OK,,,,36.88,OK,,,,36.95,OK,,,,,,,,,,,,,,,,,
2410121290C,NEW KAPPAEX1.0,CM5P8,2024-10-12 23:24:34,18.692,26.46,OK,22.22,22.15,OK,21.48,21.24,OK,21.67,21.53,OK,20.55,20.5,OK,21.17,20.86,OK,20.91,20.52,OK,22.46,22.12,OK,0,0,,0,0,,2.35,OK,2.39,OK,2.38,OK,2.39,OK,2.44,OK,2.43,OK,2.41,OK,0,,0,,2.5,OK,2.32,OK,2.37,OK,2.37,OK,2.52,OK,2.39,OK,2.3,OK,0,,0,,,,52.7,OK,,,,54.79,OK,,,,-291.47,OK,,,,-292.48,OK,,,,171.13,OK,,,,171.67,OK,,,,,,,,,,,,,,,,,
2410121260D,ATKINSON 3.8 OCV,DM4P7,2024-10-12 23:25:05,18.987,23.5,OK,23.45,23.41,OK,25.12,25.1,OK,25.94,25.8,OK,26.84,26.75,OK,28.86,28.74,OK,27.21,27.03,OK,25.96,25.87,OK,0,0,,0,0,,11.96,OK,12.13,OK,12.11,OK,11.71,OK,11.79,OK,11.94,OK,12.2,OK,0,,0,,12.43,OK,12.44,OK,12.43,OK,12.46,OK,12.45,OK,12.43,OK,12.43,OK,0,,0,,,,82.81,OK,,,,83.15,OK,,,,157.63,OK,,,,157.6,OK,,,,37.04,OK,,,,37.24,OK,,,,,,,,,,,,,,,,,
2410121291C,NEW KAPPAEX1.0,CM1P4,2024-10-12 23:25:20,18.683,27.2,OK,22.9,22.74,OK,22.34,21.85,OK,23.79,23.65,OK,22.55,21.76,OK,21.36,21.15,OK,22.2,21.64,OK,23.51,22.95,OK,0,0,,0,0,,5.8,OK,6.63,OK,6.61,OK,6.87,OK,6.9,OK,6.91,OK,6.77,OK,0,,0,,6.12,OK,6.49,OK,6.43,OK,6.45,OK,6.33,OK,6.7,OK,6.28,OK,0,,0,,,,52.77,OK,,,,51.25,OK,,,,-292.69,OK,,,,-291.75,OK,,,,171.64,OK,,,,171.62,OK,,,,,,,,,,,,,,,,,
2410121261D,ATKINSON 3.8 OCV,DM2P9,2024-10-12 23:26:00,18.985,22.9,OK,28.31,28.28,OK,26.56,26.44,OK,24.29,24.12,OK,26.73,26.69,OK,28.28,28.28,OK,26.13,26.03,OK,27.24,27.19,OK,0,0,,0,0,,10.83,OK,11.02,OK,10.81,OK,10.8,OK,10.82,OK,10.81,OK,10.78,OK,0,,0,,10.32,OK,10.28,OK,10.31,OK,10.2,OK,10.19,OK,10.33,OK,10.23,OK,0,,0,,,,82.24,OK,,,,82.33,OK,,,,157.84,OK,,,,158.09,OK,,,,37.81,OK,,,,37.33,OK,,,,,,,,,,,,,,,,,
2410121292C,NEW KAPPAEX1.0,CM2P1,2024-10-12 23:26:12,18.687,25.76,OK,22.82,22.61,OK,24.53,24.22,OK,24.43,23.9,OK,22.96,22.68,OK,22.96,22.89,OK,22.85,22.5,OK,22.8,22.33,OK,0,0,,0,0,,15.36,OK,15.36,OK,15.36,OK,15.36,OK,15.36,OK,15.36,OK,15.36,OK,0,,0,,15.36,OK,15.36,OK,15.36,OK,15.36,OK,15.36,OK,15.36,OK,15.36,OK,0,,0,,,,53.49,OK,,,,53.13,OK,,,,-292.45,OK,,,,-290.93,OK,,,,171.4,OK,,,,170.85,OK,,,,,,,,,,,,,,,,,
2410121262D,ATKINSON 3.8 OCV,DM1P4,2024-10-12 23:26:55,18.984,23.93,OK,24.61,24.54,OK,29.47,29.29,OK,25.48,25.15,OK,25.93,25.84,OK,24.97,24.92,OK,26.52,26.36,OK,25.84,25.8,OK,0,0,,0,0,,11.34,OK,11.44,OK,11.48,OK,11.75,OK,11.43,OK,11.5,OK,11.54,OK,0,,0,,9.93,OK,10.3,OK,10.35,OK,10.29,OK,10.15,OK,10.16,OK,10.01,OK,0,,0,,,,82.15,OK,,,,82.5,OK,,,,157.13,OK,,,,157.52,OK,,,,36.97,OK,,,,37.37,OK,,,,,,,,,,,,,,,,,
2410121293C,NEW KAPPAEX1.0,CM3P5,2024-10-12 23:26:57,18.69,28,OK,28.47,27.63,OK,25.86,25.3,OK,26.32,25.84,OK,25.84,24.69,OK,24.94,24.44,OK,25.18,24.19,OK,24.12,23.31,OK,0,0,,0,0,,0,OK,0,OK,0,OK,0,OK,0,OK,0,OK,0,OK,0,,0,,0,OK,0,OK,0,OK,0,OK,0,OK,0,OK,0,OK,0,,0,,,,52.88,OK,,,,52.8,OK,,,,-292.42,OK,,,,-291.16,OK,,,,171.42,OK,,,,170.56,OK,,,,,,,,,,,,,,,,,
2410121294C,NEW KAPPAEX1.0,CM4P6,2024-10-12 23:27:46,18.693,27.2,OK,25.66,24.94,OK,23.35,22.69,OK,23.4,23,OK,21.92,21.29,OK,24.26,24.21,OK,23.05,22.32,OK,23.68,23.16,OK,0,0,,0,0,,0,OK,0,OK,0,OK,0,OK,0,OK,0,OK,0,OK,0,,0,,0,OK,0,OK,0,OK,0,OK,0,OK,0,OK,0,OK,0,,0,,,,52.98,OK,,,,52.71,OK,,,,-292.67,OK,,,,-291.83,OK,,,,173.42,OK,,,,172.51,OK,,,,,,,,,,,,,,,,,
2410121263D,ATKINSON 3.8 OCV,DM5P5,2024-10-12 23:27:47,18.985,24.17,OK,21.58,21.49,OK,25.2,25.13,OK,25.64,25.34,OK,23.62,23.55,OK,23.76,23.74,OK,23.46,23.37,OK,22.67,22.65,OK,0,0,,0,0,,2.09,OK,2.69,OK,2.66,OK,2.59,OK,2.63,OK,2.69,OK,2.68,OK,0,,0,,0.77,OK,0.81,OK,0.86,OK,0.82,OK,0.81,OK,0.83,OK,0.81,OK,0,,0,,,,81.76,OK,,,,81.53,OK,,,,158.01,OK,,,,158.61,OK,,,,38.15,OK,,,,37.64,OK,,,,,,,,,,,,,,,,,
2410121295C,NEW KAPPAEX1.0,CM5P3,2024-10-12 23:28:31,18.692,27.93,OK,25.71,25.45,OK,21.84,21.53,OK,22.53,22.29,OK,20.4,20.21,OK,21.67,21.41,OK,22.6,22.05,OK,22.22,21.79,OK,0,0,,0,0,,2.45,OK,2.44,OK,2.41,OK,2.41,OK,2.43,OK,2.49,OK,2.44,OK,0,,0,,2.82,OK,2.38,OK,2.39,OK,2.37,OK,2.47,OK,2.54,OK,2.34,OK,0,,0,,,,52.88,OK,,,,53.02,OK,,,,-292.09,OK,,,,-291.87,OK,,,,172.05,OK,,,,172.91,OK,,,,,,,,,,,,,,,,,
2410121266D,ATKINSON 3.8 OCV,DM2P2,2024-10-12 23:28:40,18.986,24.4,OK,29.98,29.93,OK,23.34,23.29,OK,23.88,23.76,OK,26.44,26.42,OK,27.29,27.27,OK,25.06,25.01,OK,24.6,24.55,OK,0,0,,0,0,,11.26,OK,10.8,OK,10.8,OK,11.08,OK,10.78,OK,10.8,OK,10.77,OK,0,,0,,10.19,OK,10.2,OK,10.2,OK,10.21,OK,10.19,OK,10.38,OK,10.14,OK,0,,0,,,,82,OK,,,,82.44,OK,,,,157.5,OK,,,,157.81,OK,,,,37.54,OK,,,,37.33,OK,,,,,,,,,,,,,,,,,
2410121296C,NEW KAPPAEX1.0,CM1P7,2024-10-12 23:29:20,18.696,26.88,OK,22.92,22.78,OK,21.97,21.5,OK,24.63,24.42,OK,22.22,21.69,OK,22.81,22.69,OK,22.57,22.13,OK,22.71,22.11,OK,0,0,,0,0,,5.92,OK,6.67,OK,6.48,OK,7.17,OK,6.86,OK,6.79,OK,6.84,OK,0,,0,,6.01,OK,6.74,OK,6.73,OK,6.48,OK,6.47,OK,6.74,OK,6.26,OK,0,,0,,,,53.58,OK,,,,53.84,OK,,,,-291.95,OK,,,,-293,OK,,,,173.08,OK,,,,171.93,OK,,,,,,,,,,,,,,,,,
2410121265D,ATKINSON 3.8 OCV,DM4P1,2024-10-12 23:29:35,18.998,23.96,OK,27.65,27.49,OK,26.98,26.89,OK,27.23,27,OK,26.96,26.72,OK,27.28,27,OK,26.89,26.86,OK,25.56,25.52,OK,0,0,,0,0,,11.93,OK,11.49,OK,11.52,OK,11.97,OK,11.96,OK,12.08,OK,12.15,OK,0,,0,,12.43,OK,12.45,OK,12.51,OK,12.55,OK,12.65,OK,12.41,OK,12.44,OK,0,,0,,,,82.3,OK,,,,82.38,OK,,,,157.47,OK,,,,157.74,OK,,,,37.27,OK,,,,37.1,OK,,,,,,,,,,,,,,,,,
2410121297C,NEW KAPPAEX1.0,CM2P2,2024-10-12 23:30:05,18.693,26.93,OK,23.2,22.99,OK,22.33,21.68,OK,23.87,23.48,OK,24.13,23.85,OK,24.76,24.71,OK,21.63,21.28,OK,22.66,22.24,OK,0,0,,0,0,,15.36,OK,15.36,OK,15.36,OK,15.36,OK,15.36,OK,15.36,OK,15.36,OK,0,,0,,15.36,OK,15.36,OK,15.36,OK,15.36,OK,15.36,OK,15.36,OK,15.36,OK,0,,0,,,,53.61,OK,,,,53.29,OK,,,,-291.7,OK,,,,-291.75,OK,,,,171.96,OK,,,,171.57,OK,,,,,,,,,,,,,,,,,
2410121234D,ATKINSON 3.8 OCV,DM3P8,2024-10-12 23:30:27,18.987,22.55,OK,26.45,26.42,OK,26.82,26.79,OK,25.19,25.01,OK,26.75,26.75,OK,26.38,26.31,OK,26.72,26.7,OK,25.77,25.66,OK,0,0,,0,0,,11.49,OK,11.59,OK,11.45,OK,11.56,OK,11.58,OK,11.6,OK,11.59,OK,0,,0,,12.85,OK,12.76,OK,12.62,OK,12.6,OK,12.81,OK,12.57,OK,12.58,OK,0,,0,,,,82.13,OK,,,,82.3,OK,,,,157.96,OK,,,,157.9,OK,,,,37.18,OK,,,,37.4,OK,,,,,,,,,,,,,,,,,
2410121298C,NEW KAPPAEX1.0,CM3P9,2024-10-12 23:30:54,18.694,25.97,OK,27.09,26.2,OK,25.05,24.55,OK,26.57,26.04,OK,25.05,24.3,OK,24.44,24.12,OK,25.52,24.89,OK,25.37,24.78,OK,0,0,,0,0,,0,OK,0,OK,0,OK,0,OK,0,OK,0,OK,0,OK,0,,0,,0,OK,0,OK,0,OK,0,OK,0,OK,0,OK,0,OK,0,,0,,,,51.99,OK,,,,52,OK,,,,-292.72,OK,,,,-291.26,OK,,,,171.51,OK,,,,170.74,OK,,,,,,,,,,,,,,,,,
2410121267D,ATKINSON 3.8 OCV,DM1P8,2024-10-12 23:31:22,18.998,22.47,OK,25.28,25.15,OK,26.29,26.14,OK,24.81,24.67,OK,25.75,25.73,OK,25.35,25.33,OK,25.15,24.94,OK,25.6,25.55,OK,0,0,,0,0,,11.48,OK,11.4,OK,11.4,OK,11.39,OK,11.44,OK,11.51,OK,11.48,OK,0,,0,,9.95,OK,10.28,OK,10.33,OK,10.47,OK,10.22,OK,10.27,OK,10.08,OK,0,,0,,,,81.87,OK,,,,82.17,OK,,,,157.61,OK,,,,157.83,OK,,,,37.24,OK,,,,37.6,OK,,,,,,,,,,,,,,,,,
2410121299C,NEW KAPPAEX1.0,CM4P8,2024-10-12 23:31:40,18.692,26.76,OK,22.74,22.1,OK,25.11,24.74,OK,24.92,24.45,OK,22.3,22.06,OK,25.38,25.31,OK,23.11,22.69,OK,22.65,21.73,OK,0,0,,0,0,,0,OK,0,OK,0,OK,0,OK,0,OK,0,OK,0,OK,0,,0,,0,OK,0,OK,0,OK,0,OK,0,OK,0,OK,0,OK,0,,0,,,,53.79,OK,,,,52.7,OK,,,,-291.69,OK,,,,-291.96,OK,,,,171.13,OK,,,,171.01,OK,,,,,,,,,,,,,,,,,
2410121268D,ATKINSON 3.8 OCV,DM5P3,2024-10-12 23:32:17,18.998,24.73,OK,23.53,23.37,OK,26.08,25.99,OK,25.48,25.34,OK,24.16,24.04,OK,24.78,24.62,OK,25.22,24.97,OK,24.09,23.97,OK,0,0,,0,0,,2.09,OK,2.68,OK,2.64,OK,2.71,OK,2.7,OK,2.67,OK,2.67,OK,0,,0,,0.8,OK,0.81,OK,0.83,OK,0.81,OK,0.83,OK,0.85,OK,0.81,OK,0,,0,,,,83.06,OK,,,,82.02,OK,,,,157.85,OK,,,,158.46,OK,,,,37.6,OK,,,,37.57,OK,,,,,,,,,,,,,,,,,
2410121300C,NEW KAPPAEX1.0,CM5P4,2024-10-12 23:32:29,18.688,27.91,OK,24.56,24.39,OK,21.48,21.24,OK,21.67,21.36,OK,20.21,20.05,OK,20.6,20.36,OK,21.62,21.22,OK,21.05,20.86,OK,0,0,,0,0,,2.39,OK,2.43,OK,2.41,OK,2.41,OK,2.42,OK,2.41,OK,2.45,OK,0,,0,,2.71,OK,2.37,OK,2.38,OK,2.37,OK,2.4,OK,2.41,OK,2.34,OK,0,,0,,,,53.64,OK,,,,52.92,OK,,,,-292.5,OK,,,,-292.09,OK,,,,171.59,OK,,,,172.28,OK,,,,,,,,,,,,,,,,,
2410121270D,ATKINSON 3.8 OCV,DM2P4,2024-10-12 23:33:12,18.988,24.72,OK,27.82,27.73,OK,24.6,24.53,OK,24.89,24.7,OK,28.89,28.79,OK,27.12,27.05,OK,25.96,25.84,OK,26.08,25.98,OK,0,0,,0,0,,10.8,OK,10.8,OK,10.82,OK,10.76,OK,10.86,OK,10.75,OK,11.29,OK,0,,0,,10.21,OK,10.18,OK,10.18,OK,10.31,OK,10.15,OK,10.14,OK,10.16,OK,0,,0,,,,81.61,OK,,,,82.17,OK,,,,157.2,OK,,,,158.23,OK,,,,37.59,OK,,,,37.71,OK,,,,,,,,,,,,,,,,,
2410121301C,NEW KAPPAEX1.0,CM1P1,2024-10-12 23:33:14,18.689,28.18,OK,23.88,23.55,OK,22.22,21.8,OK,23.13,22.97,OK,21.36,20.96,OK,21.52,21.38,OK,21.76,21.27,OK,22.13,21.59,OK,0,0,,0,0,,5.95,OK,6.6,OK,6.59,OK,7,OK,6.87,OK,6.8,OK,6.82,OK,0,,0,,6.11,OK,6.59,OK,7.24,OK,6.56,OK,6.53,OK,6.92,OK,6.2,OK,0,,0,,,,53.44,OK,,,,51.86,OK,,,,-293.23,OK,,,,-293.74,OK,,,,171.93,OK,,,,171.68,OK,,,,,,,,,,,,,,,,,
2410121302C,NEW KAPPAEX1.0,CM2P5,2024-10-12 23:34:03,18.691,27.02,OK,24.04,23.83,OK,23.13,22.75,OK,22.19,21.8,OK,21.17,21.05,OK,23.08,22.87,OK,21.31,20.84,OK,21.38,21.17,OK,0,0,,0,0,,15.36,OK,15.36,OK,15.36,OK,15.36,OK,15.36,OK,15.36,OK,15.36,OK,0,,0,,15.36,OK,15.36,OK,15.36,OK,15.36,OK,15.36,OK,15.36,OK,15.36,OK,0,,0,,,,52.83,OK,,,,53.65,OK,,,,-292.54,OK,,,,-292.16,OK,,,,171.68,OK,,,,171.35,OK,,,,,,,,,,,,,,,,,
2410121271D,ATKINSON 3.8 OCV,DM4P9,2024-10-12 23:34:04,18.995,24.97,OK,25.68,25.59,OK,24.89,24.8,OK,25.59,25.49,OK,26.49,26.42,OK,26.91,26.84,OK,27.12,27.12,OK,26.24,26.19,OK,0,0,,0,0,,11.96,OK,12.08,OK,12.15,OK,12.08,OK,12.11,OK,12.04,OK,12.11,OK,0,,0,,12.38,OK,12.35,OK,12.38,OK,12.38,OK,12.41,OK,12.4,OK,12.41,OK,0,,0,,,,82.06,OK,,,,82.2,OK,,,,158.23,OK,,,,158.14,OK,,,,38.14,OK,,,,37.39,OK,,,,,,,,,,,,,,,,,
2410121304C,NEW KAPPAEX1.0,CM4P3,2024-10-12 23:34:48,18.693,27.55,OK,26.5,25.69,OK,22.76,22.1,OK,24.67,24.12,OK,22.74,22.43,OK,24.15,24.04,OK,23.38,22.54,OK,22.08,21.09,OK,0,0,,0,0,,0,OK,0,OK,0,OK,0,OK,0,OK,0,OK,0,OK,0,,0,,0,OK,0,OK,0,OK,0,OK,0,OK,0,OK,0,OK,0,,0,,,,53.39,OK,,,,54.42,OK,,,,-292.57,OK,,,,-292.15,OK,,,,170.66,OK,,,,172.98,OK,,,,,,,,,,,,,,,,,
2410121272D,ATKINSON 3.8 OCV,DM1P5,2024-10-12 23:34:56,18.996,24.23,OK,23.57,23.37,OK,26.83,26.77,OK,25.39,25.19,OK,27.73,27.64,OK,26.14,26.09,OK,24.72,24.58,OK,26.29,26.23,OK,0,0,,0,0,,11.38,OK,11.4,OK,11.54,OK,11.37,OK,11.52,OK,11.45,OK,11.45,OK,0,,0,,9.92,OK,10.4,OK,10.22,OK,10.38,OK,10.1,OK,10.21,OK,10.22,OK,0,,0,,,,82.03,OK,,,,81.63,OK,,,,157.56,OK,,,,157.76,OK,,,,37.51,OK,,,,37.54,OK,,,,,,,,,,,,,,,,,
2410121305C,NEW KAPPAEX1.0,CM5P7,2024-10-12 23:35:37,18.696,26.63,OK,22.77,22.67,OK,20.55,20.29,OK,22.05,21.86,OK,21.19,21.12,OK,21.36,21.15,OK,23.03,22.58,OK,21.36,21.12,OK,0,0,,0,0,,2.38,OK,2.39,OK,2.41,OK,2.4,OK,2.41,OK,2.43,OK,2.42,OK,0,,0,,2.58,OK,2.41,OK,2.53,OK,2.41,OK,2.43,OK,2.42,OK,2.39,OK,0,,0,,,,53.18,OK,,,,53.16,OK,,,,-292.18,OK,,,,-292.73,OK,,,,172.61,OK,,,,171.28,OK,,,,,,,,,,,,,,,,,
2410121273D,ATKINSON 3.8 OCV,DM5P6,2024-10-12 23:35:52,18.992,24.37,OK,25.53,25.43,OK,24.88,24.85,OK,25.69,25.41,OK,23.76,23.58,OK,26.13,26.04,OK,25.9,25.78,OK,23.76,23.65,OK,0,0,,0,0,,2.09,OK,2.73,OK,2.66,OK,2.63,OK,2.68,OK,2.7,OK,2.68,OK,0,,0,,0.78,OK,0.8,OK,0.79,OK,0.81,OK,0.83,OK,0.83,OK,0.85,OK,0,,0,,,,81.72,OK,,,,82.28,OK,,,,157.82,OK,,,,157.5,OK,,,,37.84,OK,,,,38.32,OK,,,,,,,,,,,,,,,,,
2410121306C,NEW KAPPAEX1.0,CM1P2,2024-10-12 23:36:23,18.697,25.98,OK,22.04,21.9,OK,22.69,22.01,OK,23.74,23.55,OK,22.9,22.27,OK,21.94,21.8,OK,23.69,23.27,OK,22.81,22.57,OK,0,0,,0,0,,5.69,OK,6.67,OK,6.61,OK,6.63,OK,7.1,OK,6.86,OK,6.76,OK,0,,0,,6.06,OK,6.28,OK,6.85,OK,6.84,OK,6.45,OK,6.64,OK,6.74,OK,0,,0,,,,52.66,OK,,,,51.42,OK,,,,-292.02,OK,,,,-292.33,OK,,,,172.92,OK,,,,171.54,OK,,,,,,,,,,,,,,,,,
2410121274D,ATKINSON 3.8 OCV,DM2P1,2024-10-12 23:36:47,18.995,25.05,OK,28.09,27.99,OK,24.65,24.55,OK,23.88,23.59,OK,28.02,27.97,OK,25.86,25.79,OK,25.38,25.35,OK,24.48,24.41,OK,0,0,,0,0,,10.99,OK,11.09,OK,10.7,OK,10.78,OK,10.8,OK,10.89,OK,10.8,OK,0,,0,,10.29,OK,10.21,OK,10.18,OK,10.18,OK,10.24,OK,10.18,OK,10.17,OK,0,,0,,,,82.15,OK,,,,82.38,OK,,,,157.26,OK,,,,157.86,OK,,,,37.47,OK,,,,37.47,OK,,,,,,,,,,,,,,,,,
2410121307C,NEW KAPPAEX1.0,CM2P9,2024-10-12 23:37:11,18.693,26.73,OK,23.83,23.69,OK,22.4,21.84,OK,23.66,23.17,OK,23.78,23.34,OK,23.52,23.48,OK,21.24,20.91,OK,23.13,22.66,OK,0,0,,0,0,,15.36,OK,15.36,OK,15.36,OK,15.36,OK,15.36,OK,15.36,OK,15.36,OK,0,,0,,15.36,OK,15.36,OK,15.36,OK,15.36,OK,15.36,OK,15.36,OK,15.36,OK,0,,0,,,,52.6,OK,,,,52.85,OK,,,,-292.41,OK,,,,-291.88,OK,,,,172.15,OK,,,,171.19,OK,,,,,,,,,,,,,,,,,
2410121275D,ATKINSON 3.8 OCV,DM4P2,2024-10-12 23:37:39,18.995,24.21,OK,25.52,25.49,OK,24.78,24.75,OK,25.47,25.38,OK,25.73,25.7,OK,25.73,25.66,OK,26.31,26.21,OK,26.75,26.68,OK,0,0,,0,0,,11.89,OK,12,OK,12.08,OK,12.04,OK,12.12,OK,12.04,OK,12.09,OK,0,,0,,12.42,OK,12.38,OK,12.36,OK,12.39,OK,12.45,OK,12.44,OK,12.43,OK,0,,0,,,,82.21,OK,,,,82.64,OK,,,,157.32,OK,,,,157.5,OK,,,,37.05,OK,,,,36.8,OK,,,,,,,,,,,,,,,,,
2410121308C,NEW KAPPAEX1.0,CM3P8,2024-10-12 23:38:00,18.698,28.48,OK,30.66,29.89,OK,26.04,25.3,OK,25.68,25.39,OK,26.47,25.5,OK,25.86,25.39,OK,24.96,24.14,OK,24.55,23.8,OK,0,0,,0,0,,0,OK,0,OK,0,OK,0,OK,0,OK,0,OK,0,OK,0,,0,,0,OK,0,OK,0,OK,0,OK,0,OK,0,OK,0,OK,0,,0,,,,52.33,OK,,,,52.82,OK,,,,-291.62,OK,,,,-291.77,OK,,,,171.29,OK,,,,171.21,OK,,,,,,,,,,,,,,,,,
2410121276D,ATKINSON 3.8 OCV,DM1P8,2024-10-12 23:38:37,18.987,24.46,OK,26.07,25.84,OK,26.29,26.18,OK,25.3,24.76,OK,26.63,26.54,OK,24.29,24.22,OK,27.24,27.08,OK,25.51,25.48,OK,0,0,,0,0,,11.39,OK,11.39,OK,11.4,OK,11.44,OK,11.77,OK,11.42,OK,11.45,OK,0,,0,,9.89,OK,10.24,OK,10.27,OK,10.4,OK,10.07,OK,10.13,OK,10.02,OK,0,,0,,,,81.67,OK,,,,81.88,OK,,,,157.43,OK,,,,157.82,OK,,,,37.18,OK,,,,37.57,OK,,,,,,,,,,,,,,,,,
2410121309C,NEW KAPPAEX1.0,CM4P4,2024-10-12 23:38:49,18.683,28.21,OK,23.66,23.02,OK,22.65,22.21,OK,24.1,23.68,OK,21.66,21.37,OK,22.78,22.65,OK,22.45,22.01,OK,23.05,22.72,OK,0,0,,0,0,,0,OK,0,OK,0,OK,0,OK,0,OK,0,OK,0,OK,0,,0,,0,OK,0,OK,0,OK,0,OK,0,OK,0,OK,0,OK,0,,0,,,,53.49,OK,,,,52.95,OK,,,,-292.76,OK,,,,-292.25,OK,,,,171.94,OK,,,,172.13,OK,,,,,,,,,,,,,,,,,
2410121277D,ATKINSON 3.8 OCV,DM5P3,2024-10-12 23:39:30,18.992,25.71,OK,25.29,25.18,OK,24.64,24.62,OK,24.81,24.62,OK,24.58,24.46,OK,24.3,24.2,OK,25.6,25.39,OK,24.67,24.48,OK,0,0,,0,0,,2.12,OK,2.64,OK,2.62,OK,2.65,OK,2.67,OK,2.64,OK,2.63,OK,0,,0,,0.78,OK,0.76,OK,0.81,OK,0.81,OK,0.77,OK,0.78,OK,0.8,OK,0,,0,,,,82.08,OK,,,,82.47,OK,,,,158.09,OK,,,,158.76,OK,,,,37.7,OK,,,,37.91,OK,,,,,,,,,,,,,,,,,
2410121310C,NEW KAPPAEX1.0,CM5P3,2024-10-12 23:39:38,18.69,27.18,OK,23.87,23.68,OK,21.46,21.34,OK,21.72,21.46,OK,20.38,20.33,OK,21.91,21.84,OK,22.39,21.84,OK,22.15,21.84,OK,0,0,,0,0,,2.38,OK,2.42,OK,2.4,OK,2.43,OK,2.41,OK,2.42,OK,2.41,OK,0,,0,,2.53,OK,2.37,OK,2.4,OK,2.4,OK,2.45,OK,2.42,OK,2.33,OK,0,,0,,,,53.53,OK,,,,53.45,OK,,,,-293.29,OK,,,,-292.04,OK,,,,172.33,OK,,,,172.34,OK,,,,,,,,,,,,,,,,,
2410121311C,NEW KAPPAEX1.0,CM1P5,2024-10-12 23:40:23,18.698,27.28,OK,21.76,21.59,OK,21.1,20.61,OK,22.6,22.39,OK,21.43,20.87,OK,21.62,21.43,OK,21.55,21.2,OK,22.69,22.27,OK,0,0,,0,0,,5.79,OK,6.57,OK,6.71,OK,6.68,OK,6.76,OK,6.69,OK,7.05,OK,0,,0,,6.01,OK,6.96,OK,6.44,OK,6.46,OK,6.65,OK,6.49,OK,6.36,OK,0,,0,,,,53.72,OK,,,,53.28,OK,,,,-292.29,OK,,,,-292.05,OK,,,,172.86,OK,,,,173.6,OK,,,,,,,,,,,,,,,,,
2410121278D,ATKINSON 3.8 OCV,DM2P4,2024-10-12 23:40:25,18.999,23.96,OK,26.78,26.66,OK,24.8,24.75,OK,25.21,24.99,OK,26.98,26.98,OK,25.28,25.26,OK,26.25,26.2,OK,24.68,24.58,OK,0,0,,0,0,,10.75,OK,11.1,OK,10.83,OK,10.75,OK,10.81,OK,10.81,OK,10.79,OK,0,,0,,10.13,OK,10.18,OK,10.12,OK,10.17,OK,10.11,OK,10.18,OK,10.14,OK,0,,0,,,,81.97,OK,,,,82.28,OK,,,,157.56,OK,,,,158.32,OK,,,,37.52,OK,,,,37.67,OK,,,,,,,,,,,,,,,,,
2410121312C,NEW KAPPAEX1.0,CM2P6,2024-10-12 23:41:15,18.693,28.31,OK,22.68,22.47,OK,22.29,21.89,OK,23.8,23.55,OK,22.5,22.31,OK,22.43,22.4,OK,21.66,21.35,OK,22.1,21.82,OK,0,0,,0,0,,15.36,OK,15.36,OK,15.36,OK,15.36,OK,15.36,OK,15.36,OK,15.36,OK,0,,0,,15.36,OK,15.36,OK,15.36,OK,15.36,OK,15.36,OK,15.36,OK,15.36,OK,0,,0,,,,53.63,OK,,,,52.27,OK,,,,-292.3,OK,,,,-290.99,OK,,,,172.47,OK,,,,172.72,OK,,,,,,,,,,,,,,,,,
2410121279D,ATKINSON 3.8 OCV,DM4P9,2024-10-12 23:41:20,18.997,22.51,OK,26.75,26.65,OK,24.47,24.47,OK,25.19,24.96,OK,26.93,26.7,OK,26.45,26.4,OK,25.61,25.47,OK,26.98,26.93,OK,0,0,,0,0,,11.77,OK,11.96,OK,11.93,OK,11.97,OK,12.07,OK,11.98,OK,12.07,OK,0,,0,,12.42,OK,12.38,OK,12.35,OK,12.38,OK,12.44,OK,12.38,OK,12.43,OK,0,,0,,,,82.16,OK,,,,82.12,OK,,,,158.02,OK,,,,158.09,OK,,,,37.87,OK,,,,37.18,OK,,,,,,,,,,,,,,,,,
2410121313C,NEW KAPPAEX1.0,CM3P3,2024-10-12 23:42:01,18.689,27.41,OK,29.69,28.92,OK,26.14,25.52,OK,27.79,27.31,OK,24.64,23.8,OK,25.28,24.85,OK,25,24.35,OK,24.73,24.03,OK,0,0,,0,0,,0,OK,0,OK,0,OK,0,OK,0,OK,0,OK,0,OK,0,,0,,0,OK,0,OK,0,OK,0,OK,0,OK,0,OK,0,OK,0,,0,,,,52.34,OK,,,,51.2,OK,,,,-291.6,OK,,,,-291.9,OK,,,,171.2,OK,,,,171.81,OK,,,,,,,,,,,,,,,,,
2410121280D,ATKINSON 3.8 OCV,DM1P5,2024-10-12 23:42:12,18.986,23.43,OK,25.26,24.99,OK,26.65,26.59,OK,25.42,25.24,OK,26.65,26.59,OK,25.33,25.24,OK,25.66,25.57,OK,24.94,24.88,OK,0,0,,0,0,,11.56,OK,11.43,OK,11.57,OK,11.41,OK,11.56,OK,11.45,OK,11.45,OK,0,,0,,10.09,OK,10.28,OK,10.21,OK,10.3,OK,10.36,OK,10.18,OK,10.18,OK,0,,0,,,,82.28,OK,,,,81.81,OK,,,,157.81,OK,,,,157.59,OK,,,,37.53,OK,,,,37.69,OK,,,,,,,,,,,,,,,,,
2410121314C,NEW KAPPAEX1.0,CM4P7,2024-10-12 23:42:46,18.693,28.71,OK,24.72,24.08,OK,25.16,24.74,OK,24.67,24.1,OK,23.6,23.02,OK,24.96,24.96,OK,23,22.61,OK,23.51,23.11,OK,0,0,,0,0,,0,OK,0,OK,0,OK,0,OK,0,OK,0,OK,0,OK,0,,0,,0,OK,0,OK,0,OK,0,OK,0,OK,0,OK,0,OK,0,,0,,,,53.72,OK,,,,52.6,OK,,,,-291.66,OK,,,,-291.79,OK,,,,173,OK,,,,172.78,OK,,,,,,,,,,,,,,,,,
2410121281D,ATKINSON 3.8 OCV,DM5P6,2024-10-12 23:43:07,18.987,24.67,OK,24.83,24.78,OK,24.3,24.23,OK,23.88,23.55,OK,24.85,24.67,OK,25.53,25.36,OK,25.85,25.74,OK,24.02,23.9,OK,0,0,,0,0,,2.09,OK,2.78,OK,2.67,OK,2.64,OK,2.68,OK,2.73,OK,2.69,OK,0,,0,,0.78,OK,0.81,OK,0.8,OK,0.8,OK,0.81,OK,0.82,OK,0.87,OK,0,,0,,,,81.98,OK,,,,82.17,OK,,,,157.58,OK,,,,157.79,OK,,,,37.9,OK,,,,38.13,OK,,,,,,,,,,,,,,,,,
2410121315C,NEW KAPPAEX1.0,CM5P2,2024-10-12 23:43:35,18.698,28,OK,24.73,24.51,OK,21.58,21.17,OK,22.29,22.01,OK,20.48,20.36,OK,21.98,21.67,OK,22.55,22.05,OK,21.91,21.65,OK,0,0,,0,0,,2.39,OK,2.47,OK,2.45,OK,2.42,OK,2.45,OK,2.44,OK,2.47,OK,0,,0,,2.63,OK,2.53,OK,2.4,OK,2.43,OK,2.47,OK,2.51,OK,2.38,OK,0,,0,,,,53.76,OK,,,,52.05,OK,,,,-292.32,OK,,,,-292.33,OK,,,,171.68,OK,,,,171.47,OK,,,,,,,,,,,,,,,,,
2410121282D,ATKINSON 3.8 OCV,DM2P1,2024-10-12 23:43:59,18.991,24.16,OK,27.75,27.65,OK,24.38,24.29,OK,25.43,25.28,OK,26.52,26.49,OK,25.79,25.74,OK,24.63,24.55,OK,24.8,24.75,OK,0,0,,0,0,,10.76,OK,10.8,OK,10.8,OK,10.78,OK,10.82,OK,10.84,OK,11.39,OK,0,,0,,10.19,OK,10.22,OK,10.11,OK,10.08,OK,10.19,OK,10.12,OK,10.19,OK,0,,0,,,,81.76,OK,,,,82.33,OK,,,,157.59,OK,,,,158.32,OK,,,,37.48,OK,,,,37.57,OK,,,,,,,,,,,,,,,,,
2410121316C,NEW KAPPAEX1.0,CM1P9,2024-10-12 23:44:24,18.698,28,OK,24.72,24.44,OK,21.94,21.59,OK,23.67,23.53,OK,22.97,22.6,OK,22.22,22.08,OK,22.08,21.73,OK,22.55,22.15,OK,0,0,,0,0,,5.9,OK,6.68,OK,6.65,OK,6.98,OK,7.04,OK,6.81,OK,6.75,OK,0,,0,,6.2,OK,6.84,OK,6.53,OK,6.55,OK,6.49,OK,7.12,OK,6.34,OK,0,,0,,,,54.57,OK,,,,53.47,OK,,,,-293.82,OK,,,,-293.21,OK,,,,171.71,OK,,,,171.96,OK,,,,,,,,,,,,,,,,,
2410121283D,ATKINSON 3.8 OCV,DM4P2,2024-10-12 23:44:51,18.998,24.21,OK,26.35,26.28,OK,24.36,24.26,OK,25.4,25.26,OK,26.61,26.45,OK,25.49,25.38,OK,26.61,26.56,OK,26.56,26.49,OK,0,0,,0,0,,11.76,OK,11.96,OK,11.97,OK,11.94,OK,11.95,OK,11.97,OK,12.02,OK,0,,0,,12.45,OK,12.38,OK,12.4,OK,12.38,OK,12.43,OK,12.44,OK,12.44,OK,0,,0,,,,81.8,OK,,,,81.94,OK,,,,157.7,OK,,,,157.81,OK,,,,37.5,OK,,,,37.22,OK,,,,,,,,,,,,,,,,,
2410121317C,NEW KAPPAEX1.0,CM2P8,2024-10-12 23:45:12,18.697,28.63,OK,22.01,21.94,OK,21.54,21.17,OK,23.27,22.92,OK,22.1,21.7,OK,22.12,21.89,OK,21.94,21.61,OK,22.43,22.01,OK,0,0,,0,0,,15.36,OK,15.36,OK,15.36,OK,15.36,OK,15.36,OK,15.36,OK,15.36,OK,0,,0,,15.36,OK,15.36,OK,15.36,OK,15.36,OK,15.36,OK,15.36,OK,15.36,OK,0,,0,,,,53.21,OK,,,,53.42,OK,,,,-291.39,OK,,,,-291.17,OK,,,,171.78,OK,,,,172.24,OK,,,,,,,,,,,,,,,,,
2410121284D,ATKINSON 3.8 OCV,DM1P8,2024-10-12 23:45:43,18.993,24.92,OK,25.24,24.67,OK,27.67,27.53,OK,25.82,25.66,OK,27.35,27.19,OK,25.87,25.8,OK,25.21,25.15,OK,24.97,24.92,OK,0,0,,0,0,,11.45,OK,11.4,OK,11.41,OK,11.39,OK,11.49,OK,11.43,OK,11.45,OK,0,,0,,9.82,OK,10.39,OK,10.44,OK,10.46,OK,10.31,OK,10.25,OK,10.49,OK,0,,0,,,,81.74,OK,,,,82.12,OK,,,,157.78,OK,,,,157.93,OK,,,,37.21,OK,,,,37.66,OK,,,,,,,,,,,,,,,,,
2410121318C,NEW KAPPAEX1.0,CM3P4,2024-10-12 23:45:58,18.699,28.16,OK,28.06,27.36,OK,25.32,24.82,OK,25.77,25.32,OK,26.32,25.39,OK,25.52,25.07,OK,24.14,23.24,OK,24.87,24.08,OK,0,0,,0,0,,0,OK,0,OK,0,OK,0,OK,0,OK,0,OK,0,OK,0,,0,,0,OK,0,OK,0,OK,0,OK,0,OK,0,OK,0,OK,0,,0,,,,52.75,OK,,,,52.71,OK,,,,-292.64,OK,,,,-291.88,OK,,,,171.11,OK,,,,171.79,OK,,,,,,,,,,,,,,,,,
2410121285D,ATKINSON 3.8 OCV,DM5P3,2024-10-12 23:46:38,18.995,23.81,OK,23.67,23.58,OK,25.02,24.99,OK,23.53,23.23,OK,23.79,23.6,OK,24.53,24.44,OK,23.97,23.83,OK,24.09,23.95,OK,0,0,,0,0,,2.06,OK,2.73,OK,2.63,OK,2.57,OK,2.73,OK,2.66,OK,2.65,OK,0,,0,,0.78,OK,0.76,OK,0.81,OK,0.79,OK,0.79,OK,0.82,OK,0.79,OK,0,,0,,,,82.04,OK,,,,81.73,OK,,,,158.22,OK,,,,158.71,OK,,,,38.08,OK,,,,38.04,OK,,,,,,,,,,,,,,,,,
2410121319C,NEW KAPPAEX1.0,CM4P1,2024-10-12 23:46:47,18.692,28.16,OK,26.06,25.53,OK,23.07,22.89,OK,23.86,23.55,OK,21.64,21.37,OK,23.49,23.46,OK,21.9,21.31,OK,22.58,22.08,OK,0,0,,0,0,,0,OK,0,OK,0,OK,0,OK,0,OK,0,OK,0,OK,0,,0,,0,OK,0,OK,0,OK,0,OK,0,OK,0,OK,0,OK,0,,0,,,,53.93,OK,,,,53.26,OK,,,,-291.94,OK,,,,-291.99,OK,,,,172.24,OK,,,,171.93,OK,,,,,,,,,,,,,,,,,
2410121286D,ATKINSON 3.8 OCV,DM2P4,2024-10-12 23:47:30,18.988,23.52,OK,27.03,27,OK,26.56,26.49,OK,25.06,24.82,OK,27.24,27.17,OK,26.32,26.23,OK,25.79,25.72,OK,24.26,24.19,OK,0,0,,0,0,,10.93,OK,11.04,OK,10.79,OK,10.82,OK,10.74,OK,10.77,OK,10.76,OK,0,,0,,10.16,OK,10.17,OK,10.16,OK,10.18,OK,10.16,OK,10.17,OK,10.01,OK,0,,0,,,,81.81,OK,,,,82.46,OK,,,,157.43,OK,,,,157.93,OK,,,,37.38,OK,,,,37.48,OK,,,,,,,,,,,,,,,,,
2410121320C,NEW KAPPAEX1.0,CM5P5,2024-10-12 23:47:32,18.694,26.91,OK,22.12,21.89,OK,20.76,20.57,OK,21.96,21.58,OK,20.05,19.97,OK,20.98,20.74,OK,22.41,22.12,OK,21.84,21.5,OK,0,0,,0,0,,2.39,OK,2.42,OK,2.41,OK,2.4,OK,2.41,OK,2.43,OK,2.41,OK,0,,0,,2.48,OK,2.37,OK,2.39,OK,2.41,OK,2.45,OK,2.39,OK,2.32,OK,0,,0,,,,53.18,OK,,,,52.32,OK,,,,-292.77,OK,,,,-292.11,OK,,,,170.94,OK,,,,172.58,OK,,,,,,,,,,,,,,,,,
2410121321C,NEW KAPPAEX1.0,CM1P6,2024-10-12 23:48:21,18.684,27.55,OK,24.81,24.65,OK,22.13,21.64,OK,23.74,23.53,OK,22.32,21.8,OK,23.04,22.97,OK,23.37,22.99,OK,22.64,22.29,OK,0,0,,0,0,,5.8,OK,6.72,OK,6.63,OK,6.66,OK,7.39,OK,7.03,OK,6.87,OK,0,,0,,6.01,OK,6.53,OK,6.72,OK,7.02,OK,6.61,OK,6.8,OK,6.67,OK,0,,0,,,,51.7,OK,,,,51.96,OK,,,,-291.65,OK,,,,-292.87,OK,,,,173.72,OK,,,,172.51,OK,,,,,,,,,,,,,,,,,
2410121287D,ATKINSON 3.8 OCV,DM4P9,2024-10-12 23:48:26,18.985,24.02,OK,24.98,24.87,OK,24.89,24.82,OK,25.94,25.89,OK,26.68,26.63,OK,27.81,27.7,OK,25.56,25.52,OK,26.52,26.42,OK,0,0,,0,0,,11.67,OK,11.91,OK,11.97,OK,11.96,OK,12.04,OK,11.97,OK,12,OK,0,,0,,12.41,OK,12.35,OK,12.37,OK,12.41,OK,12.43,OK,12.4,OK,12.43,OK,0,,0,,,,81.83,OK,,,,81.69,OK,,,,158.89,OK,,,,158.48,OK,,,,38.12,OK,,,,37.5,OK,,,,,,,,,,,,,,,,,
2410121322C,NEW KAPPAEX1.0,CM2P3,2024-10-12 23:49:06,18.684,27.11,OK,22.92,22.75,OK,22.26,21.98,OK,24.06,23.85,OK,23.01,22.82,OK,22.22,22.12,OK,21.68,21.31,OK,22.99,22.68,OK,0,0,,0,0,,15.36,OK,15.36,OK,15.36,OK,15.36,OK,15.36,OK,15.36,OK,15.36,OK,0,,0,,15.36,OK,15.36,OK,15.36,OK,15.36,OK,15.36,OK,15.36,OK,15.36,OK,0,,0,,,,53.04,OK,,,,52.17,OK,,,,-291.54,OK,,,,-291.45,OK,,,,171.51,OK,,,,170.55,OK,,,,,,,,,,,,,,,,,
2410121288D,ATKINSON 3.8 OCV,DM1P5,2024-10-12 23:49:21,18.985,24.02,OK,23.82,23.53,OK,27.22,27.13,OK,25.44,25.17,OK,26.41,26.27,OK,25.08,25.01,OK,24.85,24.81,OK,26.27,26.25,OK,0,0,,0,0,,11.46,OK,11.5,OK,11.49,OK,11.38,OK,11.65,OK,11.74,OK,11.44,OK,0,,0,,9.84,OK,10.11,OK,10.25,OK,10.32,OK,10.17,OK,9.95,OK,10.15,OK,0,,0,,,,82.09,OK,,,,81.74,OK,,,,157.69,OK,,,,157.83,OK,,,,37.65,OK,,,,37.51,OK,,,,,,,,,,,,,,,,,
2410121323C,NEW KAPPAEX1.0,CM3P7,2024-10-12 23:49:55,18.691,28.65,OK,27.11,26.38,OK,26.43,26.02,OK,26.97,26.59,OK,26.34,25.82,OK,24.44,24.03,OK,25.34,24.82,OK,24.91,24.32,OK,0,0,,0,0,,0,OK,0,OK,0,OK,0,OK,0,OK,0,OK,0,OK,0,,0,,0,OK,0,OK,0,OK,0,OK,0,OK,0,OK,0,OK,0,,0,,,,52.04,OK,,,,52.08,OK,,,,-291.59,OK,,,,-290.41,OK,,,,171.04,OK,,,,171.23,OK,,,,,,,,,,,,,,,,,
2410121289D,ATKINSON 3.8 OCV,DM5P6,2024-10-12 23:50:13,18.986,21.97,OK,25.78,25.69,OK,24.18,24.16,OK,23.95,23.6,OK,24.78,24.67,OK,23.35,23.3,OK,23.88,23.72,OK,22.72,22.58,OK,0,0,,0,0,,2.11,OK,2.71,OK,2.64,OK,2.62,OK,2.65,OK,2.69,OK,2.67,OK,0,,0,,0.79,OK,0.8,OK,0.78,OK,0.79,OK,0.8,OK,0.84,OK,0.86,OK,0,,0,,,,82.37,OK,,,,81.94,OK,,,,158.39,OK,,,,158.11,OK,,,,38.13,OK,,,,38.56,OK,,,,,,,,,,,,,,,,,
2410121324C,NEW KAPPAEX1.0,CM4P2,2024-10-12 23:50:44,18.698,27.81,OK,25.38,24.78,OK,23.38,23.02,OK,25.09,24.32,OK,21.99,21.79,OK,24.5,24.45,OK,23.31,23.07,OK,22.89,22.01,OK,0,0,,0,0,,0,OK,0,OK,0,OK,0,OK,0,OK,0,OK,0,OK,0,,0,,0,OK,0,OK,0,OK,0,OK,0,OK,0,OK,0,OK,0,,0,,,,54.2,OK,,,,54.16,OK,,,,-292.03,OK,,,,-291.53,OK,,,,171.6,OK,,,,173.1,OK,,,,,,,,,,,,,,,,,
2410121290D,ATKINSON 3.8 OCV,DM2P1,2024-10-12 23:51:05,18.988,24.33,OK,27.36,27.34,OK,24.05,23.95,OK,24.17,24.07,OK,25.91,25.86,OK,27.05,27.03,OK,24.43,24.36,OK,24.14,24.14,OK,0,0,,0,0,,11.09,OK,10.77,OK,10.75,OK,10.82,OK,10.83,OK,10.8,OK,10.79,OK,0,,0,,10.16,OK,10.19,OK,10.18,OK,10.12,OK,10.33,OK,10.17,OK,10.1,OK,0,,0,,,,81.83,OK,,,,82.12,OK,,,,157.71,OK,,,,158.38,OK,,,,37.79,OK,,,,37.95,OK,,,,,,,,,,,,,,,,,
2410121325C,NEW KAPPAEX1.0,CM5P9,2024-10-12 23:51:29,18.694,28.75,OK,23.65,23.53,OK,21.69,21.36,OK,22.51,22.39,OK,21,20.86,OK,20.81,20.67,OK,21.5,21,OK,21.43,21.29,OK,0,0,,0,0,,2.39,OK,2.44,OK,2.43,OK,2.43,OK,2.44,OK,2.42,OK,2.43,OK,0,,0,,2.49,OK,2.38,OK,2.43,OK,2.45,OK,2.38,OK,2.41,OK,2.35,OK,0,,0,,,,54.48,OK,,,,53.72,OK,,,,-292.39,OK,,,,-292.45,OK,,,,171.55,OK,,,,173.15,OK,,,,,,,,,,,,,,,,,
2410121291D,ATKINSON 3.8 OCV,DM4P2,2024-10-12 23:51:57,18.999,25.21,OK,28.74,28.63,OK,24.1,24.01,OK,26.28,26.12,OK,27.98,27.98,OK,26.86,26.77,OK,27.16,27.16,OK,27.33,27.23,OK,0,0,,0,0,,11.78,OK,11.96,OK,12.05,OK,12.01,OK,12,OK,12.07,OK,12.07,OK,0,,0,,12.47,OK,12.41,OK,12.38,OK,12.4,OK,12.4,OK,12.41,OK,12.45,OK,0,,0,,,,82.16,OK,,,,81.8,OK,,,,157.95,OK,,,,158.02,OK,,,,37.81,OK,,,,37.72,OK,,,,,,,,,,,,,,,,,
2410121326C,NEW KAPPAEX1.0,CM1P8,2024-10-12 23:52:18,18.688,27.91,OK,22.99,22.78,OK,22.34,21.85,OK,22.6,22.48,OK,22.53,22.2,OK,22.74,22.69,OK,21.5,21.15,OK,23.18,22.74,OK,0,0,,0,0,,6.01,OK,6.64,OK,6.61,OK,7.19,OK,6.92,OK,6.82,OK,6.8,OK,0,,0,,6.05,OK,6.47,OK,6.95,OK,6.42,OK,6.65,OK,6.89,OK,6.41,OK,0,,0,,,,53.32,OK,,,,52.11,OK,,,,-292.88,OK,,,,-293.47,OK,,,,172.45,OK,,,,172.22,OK,,,,,,,,,,,,,,,,,
2410121327C,NEW KAPPAEX1.0,CM2P4,2024-10-12 23:53:07,18.683,28.6,OK,23.08,22.96,OK,21.33,21.1,OK,23.36,22.92,OK,21.84,21.28,OK,19.91,19.72,OK,21.49,21.1,OK,22.78,22.43,OK,0,0,,0,0,,15.36,OK,15.36,OK,15.36,OK,15.36,OK,15.36,OK,15.36,OK,15.36,OK,0,,0,,15.36,OK,15.36,OK,15.36,OK,15.36,OK,15.36,OK,15.36,OK,15.36,OK,0,,0,,,,52.39,OK,,,,51.51,OK,,,,-291.7,OK,,,,-290.89,OK,,,,169.7,OK,,,,171.18,OK,,,,,,,,,,,,,,,,,
2410121293D,ATKINSON 3.8 OCV,DM5P3,2024-10-12 23:53:44,18.987,24.43,OK,23.95,23.76,OK,25.27,25.16,OK,23.93,23.39,OK,26.85,26.59,OK,24.51,24.44,OK,24.16,24.06,OK,23.93,23.79,OK,0,0,,0,0,,2.1,OK,2.67,OK,2.63,OK,2.69,OK,2.7,OK,2.65,OK,2.64,OK,0,,0,,0.81,OK,0.81,OK,0.81,OK,0.83,OK,0.85,OK,0.84,OK,0.82,OK,0,,0,,,,83,OK,,,,81.09,OK,,,,158.35,OK,,,,159.15,OK,,,,38.02,OK,,,,38.31,OK,,,,,,,,,,,,,,,,,
2410121328C,NEW KAPPAEX1.0,CM3P5,2024-10-12 23:53:52,18.698,28.27,OK,28.29,27.58,OK,25.59,25.28,OK,27.22,26.77,OK,25.89,25.12,OK,25.68,25.32,OK,25.25,24.39,OK,25.32,24.46,OK,0,0,,0,0,,0,OK,0,OK,0,OK,0,OK,0,OK,0,OK,0,OK,0,,0,,0,OK,0,OK,0,OK,0,OK,0,OK,0,OK,0,OK,0,,0,,,,52.33,OK,,,,52.52,OK,,,,-291.06,OK,,,,-290.3,OK,,,,172.52,OK,,,,171.23,OK,,,,,,,,,,,,,,,,,
2410121294D,ATKINSON 3.8 OCV,DM2P4,2024-10-12 23:54:40,18.992,22.72,OK,27.58,27.56,OK,26.78,26.71,OK,25.57,25.47,OK,28.31,28.28,OK,26.35,26.32,OK,26.18,26.1,OK,27.68,27.61,OK,0,0,,0,0,,11.39,OK,10.99,OK,10.74,OK,10.8,OK,10.85,OK,10.76,OK,11.1,OK,0,,0,,10.18,OK,10.14,OK,10.15,OK,10.18,OK,10.15,OK,10.16,OK,9.94,OK,0,,0,,,,81.2,OK,,,,82.11,OK,,,,157.61,OK,,,,158.28,OK,,,,37.56,OK,,,,37.87,OK,,,,,,,,,,,,,,,,,
2410121329C,NEW KAPPAEX1.0,CM4P6,2024-10-12 23:54:41,18.696,27.36,OK,25.71,25.14,OK,21.99,21.68,OK,23.84,23.46,OK,21.24,20.96,OK,23.42,23.38,OK,22.5,21.73,OK,21.59,20.91,OK,0,0,,0,0,,0,OK,0,OK,0,OK,0,OK,0,OK,0,OK,0,OK,0,,0,,0,OK,0,OK,0,OK,0,OK,0,OK,0,OK,0,OK,0,,0,,,,52.19,OK,,,,52.96,OK,,,,-293.3,OK,,,,-291.84,OK,,,,172.51,OK,,,,172.2,OK,,,,,,,,,,,,,,,,,
2410121295D,ATKINSON 3.8 OCV,DM4P9,2024-10-12 23:55:31,18.992,23.01,OK,24.17,24.15,OK,24.33,24.29,OK,25.03,24.91,OK,25.87,25.84,OK,26.38,26.1,OK,25.15,25.08,OK,25.82,25.75,OK,0,0,,0,0,,11.79,OK,11.97,OK,11.94,OK,11.96,OK,12.04,OK,12.05,OK,12.1,OK,0,,0,,12.37,OK,12.36,OK,12.36,OK,12.39,OK,12.38,OK,12.4,OK,12.42,OK,0,,0,,,,81.7,OK,,,,81.56,OK,,,,158.53,OK,,,,158.7,OK,,,,38.4,OK,,,,37.94,OK,,,,,,,,,,,,,,,,,
2410121331C,NEW KAPPAEX1.0,CM1P3,2024-10-12 23:56:18,18.687,28.07,OK,23.79,23.58,OK,23.3,22.74,OK,24.11,23.95,OK,21.87,21.45,OK,21.71,21.66,OK,22.83,22.43,OK,23.55,23.39,OK,0,0,,0,0,,5.81,OK,6.89,OK,6.63,OK,6.61,OK,6.77,OK,6.76,OK,6.99,OK,0,,0,,6.46,OK,6.38,OK,6.41,OK,6.68,OK,6.75,OK,6.57,OK,6.44,OK,0,,0,,,,53.35,OK,,,,55.02,OK,,,,-293.05,OK,,,,-292.88,OK,,,,172.68,OK,,,,172.41,OK,,,,,,,,,,,,,,,,,
2410121296D,ATKINSON 3.8 OCV,DM1P5,2024-10-12 23:56:27,18.993,23.8,OK,25.39,25.33,OK,26.63,26.54,OK,24.85,24.65,OK,26.72,26.63,OK,26.72,26.54,OK,27.78,27.73,OK,26.81,26.68,OK,0,0,,0,0,,11.36,OK,11.33,OK,11.38,OK,11.33,OK,11.46,OK,11.42,OK,11.44,OK,0,,0,,9.89,OK,10.33,OK,10.29,OK,10.35,OK,10.3,OK,10.13,OK,10.29,OK,0,,0,,,,82.26,OK,,,,81.83,OK,,,,157.63,OK,,,,158.23,OK,,,,37.77,OK,,,,37.75,OK,,,,,,,,,,,,,,,,,
2410121297D,ATKINSON 3.8 OCV,DM5P6,2024-10-12 23:57:22,18.992,23.67,OK,23.51,23.35,OK,26.08,25.97,OK,25.13,24.95,OK,25.02,24.95,OK,27.36,27.2,OK,24.81,24.64,OK,25.27,25.13,OK,0,0,,0,0,,2.1,OK,2.69,OK,2.72,OK,2.67,OK,2.7,OK,2.81,OK,2.71,OK,0,,0,,0.8,OK,0.8,OK,0.87,OK,0.83,OK,0.83,OK,0.86,OK,0.89,OK,0,,0,,,,81.99,OK,,,,81.97,OK,,,,157.99,OK,,,,157.53,OK,,,,37.94,OK,,,,38.46,OK,,,,,,,,,,,,,,,,,
2410121298D,ATKINSON 3.8 OCV,DM2P1,2024-10-12 23:58:14,18.992,25.17,OK,27.36,27.27,OK,25.47,25.4,OK,25.4,25.26,OK,26.88,26.88,OK,27.29,27.24,OK,26.54,26.54,OK,26.69,26.66,OK,0,0,,0,0,,10.81,OK,10.74,OK,11.21,OK,10.78,OK,10.82,OK,11.06,OK,11.14,OK,0,,0,,10.03,OK,10.14,OK,10.13,OK,10.09,OK,10.08,OK,10.17,OK,10.16,OK,0,,0,,,,81.78,OK,,,,82.24,OK,,,,157.74,OK,,,,157.75,OK,,,,37.4,OK,,,,37.72,OK,,,,,,,,,,,,,,,,,
2410121299D,ATKINSON 3.8 OCV,DM4P2,2024-10-12 23:59:09,18.995,22.81,OK,24.17,24.08,OK,25.75,25.7,OK,24.59,24.52,OK,26.75,26.54,OK,28.02,27.95,OK,26.49,26.49,OK,24.91,24.91,OK,0,0,,0,0,,11.77,OK,12.05,OK,12.1,OK,12.12,OK,12.14,OK,12.12,OK,12.12,OK,0,,0,,12.39,OK,12.41,OK,12.33,OK,12.43,OK,12.44,OK,12.4,OK,12.45,OK,0,,0,,,,81.51,OK,,,,81.86,OK,,,,158.03,OK,,,,158.23,OK,,,,38.01,OK,,,,37.7,OK,,,,,,,,,,,,,,,,,
2410121300D,ATKINSON 3.8 OCV,DM1P8,2024-10-13 00:00:05,18.992,22.98,OK,23.62,23.41,OK,26.7,26.61,OK,25.51,25.37,OK,27.91,27.87,OK,26.41,26.34,OK,25.89,25.8,OK,24.54,24.34,OK,0,0,,0,0,,11.41,OK,11.42,OK,11.42,OK,11.44,OK,11.43,OK,11.44,OK,11.4,OK,0,,0,,9.91,OK,10.29,OK,10.36,OK,10.49,OK,10.25,OK,10.28,OK,10.27,OK,0,,0,,,,81.94,OK,,,,82.38,OK,,,,157.53,OK,,,,157.83,OK,,,,36.77,OK,,,,37.23,OK,,,,,,,,,,,,,,,,,
2410121301D,ATKINSON 3.8 OCV,DM5P3,2024-10-13 00:00:56,18.999,22.25,OK,26.45,26.34,OK,24.99,24.92,OK,24.95,24.55,OK,25.55,25.27,OK,24.2,24.04,OK,25.09,24.95,OK,24.18,23.97,OK,0,0,,0,0,,2.15,OK,2.63,OK,2.61,OK,2.66,OK,2.68,OK,2.64,OK,2.71,OK,0,,0,,0.81,OK,0.81,OK,0.81,OK,0.82,OK,0.8,OK,0.82,OK,0.83,OK,0,,0,,,,82.11,OK,,,,82.02,OK,,,,157.82,OK,,,,158.64,OK,,,,37.47,OK,,,,37.82,OK,,,,,,,,,,,,,,,,,
2410121302D,ATKINSON 3.8 OCV,DM2P4,2024-10-13 00:01:52,18.989,25.12,OK,28.33,28.26,OK,28.5,28.43,OK,24.24,23.97,OK,29.06,29.01,OK,26.81,26.81,OK,26.88,26.81,OK,25.38,25.35,OK,0,0,,0,0,,11.12,OK,10.81,OK,10.78,OK,10.82,OK,10.82,OK,10.94,OK,10.8,OK,0,,0,,10.13,OK,10.01,OK,10.03,OK,10.13,OK,10.07,OK,10.12,OK,10.1,OK,0,,0,,,,81.45,OK,,,,82.16,OK,,,,157.78,OK,,,,158.17,OK,,,,37.7,OK,,,,38.23,OK,,,,,,,,,,,,,,,,,
2410121303D,ATKINSON 3.8 OCV,DM4P9,2024-10-13 00:02:44,18.985,24.75,OK,25.75,25.63,OK,24.03,24.01,OK,25.49,25.4,OK,26.89,26.77,OK,26.12,26,OK,26.4,26.4,OK,27,26.96,OK,0,0,,0,0,,11.87,OK,12.09,OK,12.12,OK,12.13,OK,12.18,OK,12.12,OK,12.19,OK,0,,0,,12.41,OK,12.37,OK,12.38,OK,12.39,OK,12.4,OK,12.4,OK,12.45,OK,0,,0,,,,82.02,OK,,,,82.16,OK,,,,158.04,OK,,,,158.39,OK,,,,38.05,OK,,,,37.49,OK,,,,,,,,,,,,,,,,,
2410121304D,ATKINSON 3.8 OCV,DM1P5,2024-10-13 00:03:39,18.988,21.77,OK,24.99,24.92,OK,27.67,27.64,OK,25.51,25.37,OK,26.72,26.7,OK,26.16,26.07,OK,25.87,25.82,OK,25.91,25.84,OK,0,0,,0,0,,11.39,OK,11.69,OK,11.41,OK,11.4,OK,11.54,OK,11.42,OK,11.53,OK,0,,0,,9.98,OK,10.37,OK,10.4,OK,10.47,OK,10.36,OK,10.23,OK,10.19,OK,0,,0,,,,82.54,OK,,,,82.19,OK,,,,158,OK,,,,157.78,OK,,,,37.32,OK,,,,37.22,OK,,,,,,,,,,,,,,,,,
2410121305D,ATKINSON 3.8 OCV,DM5P6,2024-10-13 00:04:34,18.997,23.91,OK,24.13,24.11,OK,25.09,24.99,OK,24.6,24.37,OK,24.27,24.18,OK,26.32,26.22,OK,24.83,24.69,OK,25.48,25.36,OK,0,0,,0,0,,2.11,OK,2.66,OK,2.69,OK,2.65,OK,2.68,OK,2.7,OK,2.78,OK,0,,0,,0.77,OK,0.8,OK,0.86,OK,0.86,OK,0.8,OK,0.82,OK,0.86,OK,0,,0,,,,82.19,OK,,,,83.19,OK,,,,157.52,OK,,,,157.43,OK,,,,37.8,OK,,,,38.01,OK,,,,,,,,,,,,,,,,,
2410121303C,NEW KAPPAEX1.0,CM3P6,2024-10-13 00:04:55,18.688,26.07,OK,26.25,25.48,OK,25.61,25,OK,27.56,27.06,OK,25.48,24.64,OK,24.6,24.23,OK,24.66,23.96,OK,26.57,25.61,OK,0,0,,0,0,,0,OK,0,OK,0,OK,0,OK,0,OK,0,OK,0,OK,0,,0,,0,OK,0,OK,0,OK,0,OK,0,OK,0,OK,0,OK,0,,0,,,,51.8,OK,,,,52.46,OK,,,,-292.39,OK,,,,-291.39,OK,,,,172.25,OK,,,,172.59,OK,,,,,,,,,,,,,,,,,
2410121306D,ATKINSON 3.8 OCV,DM2P1,2024-10-13 00:05:26,18.994,23.62,OK,27.8,27.73,OK,26.59,26.49,OK,24.58,24.36,OK,27.27,27.15,OK,26.3,26.23,OK,25.55,25.45,OK,25.23,25.16,OK,0,0,,0,0,,10.78,OK,10.8,OK,10.82,OK,10.83,OK,10.8,OK,10.95,OK,10.8,OK,0,,0,,10.17,OK,10.17,OK,10.15,OK,10.15,OK,10.17,OK,10.06,OK,10.25,OK,0,,0,,,,82.02,OK,,,,82.5,OK,,,,157.69,OK,,,,158.14,OK,,,,37.48,OK,,,,37.68,OK,,,,,,,,,,,,,,,,,
2410121307D,ATKINSON 3.8 OCV,DM4P2,2024-10-13 00:06:21,18.985,25.23,OK,26.26,26.12,OK,24.64,24.59,OK,24.73,24.61,OK,26.58,26.56,OK,25.77,25.73,OK,24.75,24.75,OK,24.33,24.33,OK,0,0,,0,0,,11.97,OK,12.11,OK,12.13,OK,12.19,OK,12.27,OK,12.17,OK,12.26,OK,0,,0,,12.4,OK,12.38,OK,12.39,OK,12.37,OK,12.43,OK,12.4,OK,12.45,OK,0,,0,,,,82,OK,,,,82.37,OK,,,,157.67,OK,,,,157.8,OK,,,,37.54,OK,,,,37.23,OK,,,,,,,,,,,,,,,,,
2410121308D,ATKINSON 3.8 OCV,DM1P8,2024-10-13 00:07:13,18.985,24.07,OK,25.42,25.3,OK,28.84,28.77,OK,26.09,25.96,OK,28.34,28.21,OK,25.55,25.55,OK,25.39,25.33,OK,26.29,26.23,OK,0,0,,0,0,,11.4,OK,11.58,OK,11.43,OK,11.41,OK,11.6,OK,11.41,OK,11.43,OK,0,,0,,9.93,OK,10.37,OK,10.38,OK,10.35,OK,10.2,OK,10.17,OK,10.22,OK,0,,0,,,,81.71,OK,,,,81.94,OK,,,,157.78,OK,,,,158.23,OK,,,,37.42,OK,,,,37.63,OK,,,,,,,,,,,,,,,,,
2410121309D,ATKINSON 3.8 OCV,DM5P3,2024-10-13 00:08:05,18.987,22.96,OK,25.67,25.6,OK,25.16,25.06,OK,24.76,24.48,OK,25.94,25.78,OK,24.06,23.97,OK,23.79,23.67,OK,24.99,24.88,OK,0,0,,0,0,,2.11,OK,2.63,OK,2.6,OK,2.63,OK,2.66,OK,2.65,OK,2.71,OK,0,,0,,0.8,OK,0.79,OK,0.83,OK,0.88,OK,0.84,OK,0.8,OK,0.84,OK,0,,0,,,,82.36,OK,,,,82.64,OK,,,,158.1,OK,,,,158.41,OK,,,,38.04,OK,,,,38,OK,,,,,,,,,,,,,,,,,
2410121310D,ATKINSON 3.8 OCV,DM2P4,2024-10-13 00:09:01,18.991,22.51,OK,29.08,29.04,OK,25.89,25.79,OK,26.95,26.81,OK,27.92,27.82,OK,27.85,27.8,OK,25.45,25.43,OK,26.01,25.94,OK,0,0,,0,0,,10.87,OK,10.8,OK,10.81,OK,10.83,OK,10.81,OK,11.18,OK,10.71,OK,0,,0,,10.2,OK,10.21,OK,10.16,OK,10.18,OK,10.06,OK,10.21,OK,10.15,OK,0,,0,,,,81.49,OK,,,,82.09,OK,,,,157.92,OK,,,,158.32,OK,,,,37.78,OK,,,,37.83,OK,,,,,,,,,,,,,,,,,
2410121311D,ATKINSON 3.8 OCV,DM4P9,2024-10-13 00:09:53,18.994,24.02,OK,25.8,25.66,OK,24.68,24.59,OK,25.61,25.47,OK,26.72,26.68,OK,26.45,26.31,OK,24.8,24.45,OK,26.68,26.56,OK,0,0,,0,0,,12.02,OK,12.21,OK,12.22,OK,12.25,OK,12.3,OK,12.29,OK,12.3,OK,0,,0,,12.38,OK,12.38,OK,12.36,OK,12.42,OK,12.42,OK,12.44,OK,12.45,OK,0,,0,,,,82.03,OK,,,,82.06,OK,,,,158.16,OK,,,,158.28,OK,,,,38.08,OK,,,,37.67,OK,,,,,,,,,,,,,,,,,
2410121312D,ATKINSON 3.8 OCV,DM1P5,2024-10-13 00:10:48,18.986,23.3,OK,25.98,25.84,OK,28,27.96,OK,26.61,26.47,OK,26.47,26.38,OK,26.61,26.54,OK,25.15,25.08,OK,25.21,25.15,OK,0,0,,0,0,,11.37,OK,11.51,OK,11.44,OK,11.43,OK,11.6,OK,11.69,OK,11.75,OK,0,,0,,9.96,OK,10.43,OK,10.42,OK,10.45,OK,10.25,OK,10.28,OK,10.23,OK,0,,0,,,,81.98,OK,,,,81.69,OK,,,,157.72,OK,,,,158.06,OK,,,,37.72,OK,,,,37.77,OK,,,,,,,,,,,,,,,,,
2410121264D,ATKINSON 3.8 OCV,DM3P6,2024-10-13 00:11:40,18.992,24.28,OK,26.45,26.42,OK,25.47,25.38,OK,27.3,27.1,OK,23.66,23.64,OK,27.54,27.4,OK,26.1,26.05,OK,27.03,26.93,OK,0,0,,0,0,,11.24,OK,11.48,OK,11.62,OK,11.44,OK,11.48,OK,11.47,OK,11.45,OK,0,,0,,12.81,OK,12.79,OK,12.91,OK,12.85,OK,12.92,OK,12.92,OK,12.88,OK,0,,0,,,,83.13,OK,,,,83.07,OK,,,,157.66,OK,,,,157.51,OK,,,,37.22,OK,,,,37.5,OK,,,,,,,,,,,,,,,,,
2410121314D,ATKINSON 3.8 OCV,DM2P1,2024-10-13 00:12:35,18.992,23.22,OK,27.99,27.87,OK,23.76,23.63,OK,23.71,23.56,OK,26.4,26.32,OK,28.77,28.72,OK,25.35,25.31,OK,25.16,25.06,OK,0,0,,0,0,,10.85,OK,10.79,OK,10.79,OK,10.83,OK,10.83,OK,10.93,OK,10.78,OK,0,,0,,10.19,OK,10.19,OK,10.21,OK,10.2,OK,10.16,OK,10.32,OK,10.18,OK,0,,0,,,,82.14,OK,,,,82.6,OK,,,,157.83,OK,,,,158.13,OK,,,,37.45,OK,,,,37.59,OK,,,,,,,,,,,,,,,,,
2410121313D,ATKINSON 3.8 OCV,DM5P6,2024-10-13 00:13:27,18.984,23.7,OK,24.34,24.3,OK,24.83,24.71,OK,24.69,24.46,OK,24.23,24.16,OK,24.13,24.04,OK,24.2,24.04,OK,24.27,24.09,OK,0,0,,0,0,,2.09,OK,2.65,OK,2.64,OK,2.65,OK,2.69,OK,2.66,OK,2.67,OK,0,,0,,0.82,OK,0.82,OK,0.83,OK,0.83,OK,0.81,OK,0.82,OK,0.82,OK,0,,0,,,,82.71,OK,,,,82.6,OK,,,,157.59,OK,,,,157.63,OK,,,,37.77,OK,,,,38.09,OK,,,,,,,,,,,,,,,,,
2410121316D,ATKINSON 3.8 OCV,DM1P8,2024-10-13 00:14:22,18.994,24.55,OK,25.35,25.28,OK,27.08,26.99,OK,25.1,24.74,OK,25.8,25.66,OK,25.1,25.06,OK,25.91,25.84,OK,24.11,24.07,OK,0,0,,0,0,,11.39,OK,11.76,OK,11.46,OK,11.46,OK,11.53,OK,11.45,OK,11.43,OK,0,,0,,9.94,OK,10.3,OK,10.3,OK,10.25,OK,10.24,OK,10.18,OK,10.23,OK,0,,0,,,,81.61,OK,,,,81.95,OK,,,,157.82,OK,,,,158.01,OK,,,,37.33,OK,,,,37.63,OK,,,,,,,,,,,,,,,,,
2410121315D,ATKINSON 3.8 OCV,DM4P2,2024-10-13 00:15:14,18.984,23.91,OK,24.71,24.64,OK,25.47,25.31,OK,25.17,25.1,OK,26.4,26.24,OK,25.98,25.91,OK,25.01,24.96,OK,26.05,26.05,OK,0,0,,0,0,,12.11,OK,12.27,OK,12.26,OK,12.3,OK,12.3,OK,12.31,OK,12.33,OK,0,,0,,12.35,OK,12.38,OK,12.4,OK,12.41,OK,12.46,OK,12.43,OK,12.43,OK,0,,0,,,,83.96,OK,,,,82.23,OK,,,,157.97,OK,,,,158,OK,,,,37.76,OK,,,,37.51,OK,,,,,,,,,,,,,,,,,
2410121318D,ATKINSON 3.8 OCV,DM2P4,2024-10-13 00:16:10,18.993,24.16,OK,26.64,26.64,OK,27.41,27.39,OK,25.45,25.31,OK,26.44,26.4,OK,26.2,26.18,OK,24.99,24.92,OK,24.92,24.85,OK,0,0,,0,0,,10.78,OK,10.81,OK,10.77,OK,10.81,OK,10.81,OK,10.72,OK,10.79,OK,0,,0,,10.17,OK,10.18,OK,10.15,OK,10.15,OK,10.18,OK,10.21,OK,10.16,OK,0,,0,,,,82.02,OK,,,,82.25,OK,,,,157.54,OK,,,,157.89,OK,,,,37.09,OK,,,,37.33,OK,,,,,,,,,,,,,,,,,
2410121317D,ATKINSON 3.8 OCV,DM5P3,2024-10-13 00:17:02,18.984,23.78,OK,26.45,26.38,OK,27.29,27.08,OK,26.43,26.13,OK,25.76,25.69,OK,26.43,26.22,OK,25.27,25.11,OK,26.2,26.08,OK,0,0,,0,0,,2.07,OK,2.66,OK,2.64,OK,2.68,OK,2.7,OK,2.65,OK,2.65,OK,0,,0,,0.82,OK,0.82,OK,0.84,OK,0.82,OK,0.86,OK,0.86,OK,0.83,OK,0,,0,,,,82.05,OK,,,,81.54,OK,,,,158.47,OK,,,,158.95,OK,,,,37.98,OK,,,,38.24,OK,,,,,,,,,,,,,,,,,
2410121319D,ATKINSON 3.8 OCV,DM1P9,2024-10-13 00:17:57,18.997,23.55,OK,24.97,24.79,OK,27.42,27.31,OK,26.92,26.65,OK,28.32,28.23,OK,26.36,26.2,OK,26.34,26.27,OK,26.36,26.29,OK,0,0,,0,0,,11.44,OK,11.45,OK,11.39,OK,11.43,OK,11.46,OK,11.48,OK,11.72,OK,0,,0,,9.94,OK,10.38,OK,10.31,OK,10.42,OK,10.2,OK,10.25,OK,10.15,OK,0,,0,,,,81.87,OK,,,,82.25,OK,,,,157.83,OK,,,,157.97,OK,,,,38.03,OK,,,,37.88,OK,,,,,,,,,,,,,,,,,
2410121269D,ATKINSON 3.8 OCV,DM3P7,2024-10-13 00:20:39,18.997,23.82,OK,25.77,25.75,OK,25.63,25.59,OK,25.03,24.84,OK,24.68,24.64,OK,26.82,26.79,OK,27.54,27.54,OK,25.26,25.24,OK,0,0,,0,0,,11.42,OK,11.47,OK,11.48,OK,11.64,OK,11.61,OK,12.02,OK,11.94,OK,0,,0,,12.9,OK,12.77,OK,12.84,OK,12.81,OK,12.81,OK,12.75,OK,12.82,OK,0,,0,,,,82.73,OK,,,,82.96,OK,,,,157.63,OK,,,,158.4,OK,,,,37.23,OK,,,,37.36,OK,,,,,,,,,,,,,,,,,
4377-D3C,NEW KAPPAEX1.0,CM3P9,2024-10-12 01:12:26,,,,25.5,25.16,OK,24.19,23.87,OK,24.75,24.44,OK,24.55,23.78,OK,23.17,22.92,OK,25.39,24.55,OK,23.67,22.99,OK,0,0,,0,0,,0,OK,0,OK,0,OK,0,OK,0,OK,0,OK,0,OK,0,,0,,0,OK,0,OK,0,OK,0,OK,0,OK,0,OK,0,OK,0,,0,,,,,,,,,,,,,,,,,,,,,,,,,,,,,,,,,,,,,,,,,,,,,,,
4381-D3C,NEW KAPPAEX1.0,CM3P9,2024-10-12 01:26:41,,,,25.41,25,OK,24.55,23.96,OK,24.21,23.96,OK,25.12,24.57,OK,23.46,23.24,OK,22.67,22.27,OK,23.78,23.17,OK,0,0,,0,0,,0,OK,0,OK,0,OK,0,OK,0,OK,0,OK,0,OK,0,,0,,0,OK,0,OK,0,OK,0,OK,0,OK,0,OK,0,OK,0,,0,,,,,,,,,,,,,,,,,,,,,,,,,,,,,,,,,,,,,,,,,,,,,,,
ERROR0137D,NEW KAPPAEX1.0,D,2024-10-12 01:51:14,18.998,24.31,OK,25.41,25,OK,24.55,23.96,OK,24.21,23.96,OK,25.12,24.57,OK,23.46,23.24,OK,22.67,22.27,OK,23.78,23.17,OK,0,0,,0,0,,0,OK,0,OK,0,OK,0,OK,0,OK,0,OK,0,OK,0,,0,,0,OK,0,OK,0,OK,0,OK,0,OK,0,OK,0,OK,0,,0,,,,,,,,,,,,,,,,,,,,,,,,,,,,,,,,,,,,,,,,,,,,,,,
4393-D3C,NEW KAPPAEX1.0,CM3P9,2024-10-12 02:10:59,18.998,24.31,OK,23.89,23.42,OK,22.79,22.31,OK,24.17,23.74,OK,22.65,22.13,OK,22.22,21.99,OK,23.49,23.1,OK,22.74,21.99,OK,0,0,,0,0,,0,OK,0,OK,0,OK,0,OK,0,OK,0,OK,0,OK,0,,0,,0,OK,0,OK,0,OK,0,OK,0,OK,0,OK,0,OK,0,,0,,,,,,,,,,,,,,,,,,,,,,,,,,,,,,,,,,,,,,,,,,,,,,,
4395-D3C,NEW KAPPAEX1.0,CM3P9,2024-10-12 02:17:59,18.998,24.31,OK,22.7,22.45,OK,23.56,23.26,OK,23.4,23.06,OK,22.04,21.47,OK,22.74,22.45,OK,22.72,22.04,OK,22.99,22.11,OK,0,0,,0,0,,0,OK,0,OK,0,OK,0,OK,0,OK,0,OK,0,OK,0,,0,,0,OK,0,OK,0,OK,0,OK,0,OK,0,OK,0,OK,0,,0,,,,,,,,,,,,,,,,,,,,,,,,,,,,,,,,,,,,,,,,,,,,,,,
14719-D4C,NEW KAPPAEX1.0,CM4P8,2024-10-12 02:26:03,18.998,24.31,OK,25.97,25.33,OK,24.1,23.77,OK,25.25,24.52,OK,23.35,23.07,OK,26.08,26.02,OK,22.61,22.21,OK,23.09,22.47,OK,0,0,,0,0,,0,OK,0,OK,0,OK,0,OK,0,OK,0,OK,0,OK,0,,0,,0,OK,0,OK,0,OK,0,OK,0,OK,0,OK,0,OK,0,,0,,,,,,,,,,,,,,,,,,,,,,,,,,,,,,,,,,,,,,,,,,,,,,,
4409-D3C,NEW KAPPAEX1.0,CM3P9,2024-10-12 03:08:37,18.998,24.31,OK,23.62,23.15,OK,23.22,22.85,OK,23.35,22.92,OK,22.65,21.99,OK,22.24,21.81,OK,21.79,21.09,OK,22.13,21.43,OK,0,0,,0,0,,0,OK,0,OK,0,OK,0,OK,0,OK,0,OK,0,OK,0,,0,,0,OK,0,OK,0,OK,0,OK,0,OK,0,OK,0,OK,0,,0,,,,,,,,,,,,,,,,,,,,,,,,,,,,,,,,,,,,,,,,,,,,,,,
4412-D3C,NEW KAPPAEX1.0,CM3P3,2024-10-12 03:19:24,18.998,24.31,OK,23.78,23.33,OK,23.74,23.42,OK,24.01,23.65,OK,23.15,22.56,OK,22.79,22.63,OK,23.19,22.74,OK,23.24,22.58,OK,0,0,,0,0,,0,OK,0,OK,0,OK,0,OK,0,OK,0,OK,0,OK,0,,0,,0,OK,0,OK,0,OK,0,OK,0,OK,0,OK,0,OK,0,,0,,,,,,,,,,,,,,,,,,,,,,,,,,,,,,,,,,,,,,,,,,,,,,,
14736-D4C,NEW KAPPAEX1.0,CM4P4,2024-10-12 03:38:06,18.998,24.31,OK,26.98,26.26,OK,22.67,22.25,OK,24.37,23.9,OK,22.12,21.92,OK,24.19,24.06,OK,24.01,23.38,OK,22.14,21.37,OK,0,0,,0,0,,0,OK,0,OK,0,OK,0,OK,0,OK,0,OK,0,OK,0,,0,,0,OK,0,OK,0,OK,0,OK,0,OK,0,OK,0,OK,0,,0,,,,,,,,,,,,,,,,,,,,,,,,,,,,,,,,,,,,,,,,,,,,,,,
14742-D4C,NEW KAPPAEX1.0,CM4P4,2024-10-12 03:59:16,18.998,24.31,OK,24.85,24.28,OK,22.5,22.19,OK,24.63,24.12,OK,21.09,20.8,OK,24.54,24.43,OK,23.64,22.8,OK,21.13,20.41,OK,0,0,,0,0,,0,OK,0,OK,0,OK,0,OK,0,OK,0,OK,0,OK,0,,0,,0,OK,0,OK,0,OK,0,OK,0,OK,0,OK,0,OK,0,,0,,,,,,,,,,,,,,,,,,,,,,,,,,,,,,,,,,,,,,,,,,,,,,,
2410120329C,NEW KAPPAEX1.0,C,2024-10-12 09:22:12,18.689,28.01,OK,24.85,24.28,OK,22.5,22.19,OK,24.63,24.12,OK,21.09,20.8,OK,24.54,24.43,OK,23.64,22.8,OK,21.13,20.41,OK,0,0,,0,0,,0,OK,0,OK,0,OK,0,OK,0,OK,0,OK,0,OK,0,,0,,0,OK,0,OK,0,OK,0,OK,0,OK,0,OK,0,OK,0,,0,,,,,,,,,,,,,,,,,,,,,,,,,,,,,,,,,,,,,,,,,,,,,,,
-18285-D2C,NEW KAPPAEX1.0,CM2P5,2024-10-12 11:22:11,18.689,28.01,OK,23.34,23.24,OK,22.33,22.1,OK,24.36,24.01,OK,22.52,22.24,OK,22.45,22.4,OK,21.33,21.07,OK,21.96,21.82,OK,0,0,,0,0,,15.36,OK,15.36,OK,15.36,OK,15.36,OK,15.36,OK,15.36,OK,15.36,OK,0,,0,,15.36,OK,15.36,OK,15.36,OK,15.36,OK,15.36,OK,15.36,OK,15.36,OK,0,,0,,,,,,,,,,,,,,,,,,,,,,,,,,,,,,,,,,,,,,,,,,,,,,,
-18278-D2C,NEW KAPPAEX1.0,CM2P5,2024-10-12 12:08:23,18.689,28.01,OK,24.83,24.6,OK,23.76,23.48,OK,23.66,23.38,OK,22.08,21.87,OK,22.43,22.36,OK,21.28,21.12,OK,22.54,22.31,OK,0,0,,0,0,,15.36,OK,15.36,OK,15.36,OK,15.36,OK,15.36,OK,15.36,OK,15.36,OK,0,,0,,15.36,OK,15.36,OK,15.36,OK,15.36,OK,15.36,OK,15.36,OK,15.36,OK,0,,0,,,,,,,,,,,,,,,,,,,,,,,,,,,,,,,,,,,,,,,,,,,,,,,
15300-D1C,NEW KAPPAEX1.0,CM1P9,2024-10-12 16:17:17,18.689,28.01,OK,23.02,22.92,OK,23.32,22.95,OK,23.69,23.6,OK,22.53,22.11,OK,22.74,22.62,OK,23.81,23.44,OK,23.55,23.44,OK,0,0,,0,0,,5.99,OK,6.79,OK,6.8,OK,6.93,OK,7.06,OK,7.95,OK,7.38,OK,0,,0,,6.33,OK,6.97,OK,7.08,OK,7.14,OK,7.08,OK,6.72,OK,6.64,OK,0,,0,,,,,,,,,,,,,,,,,,,,,,,,,,,,,,,,,,,,,,,,,,,,,,,
15315-D1C,NEW KAPPAEX1.0,CM1P2,2024-10-12 17:14:06,18.689,28.01,OK,24.32,24.07,OK,21.52,20.94,OK,24.3,24.11,OK,22.92,22.6,OK,22.55,22.46,OK,22.2,21.78,OK,22.04,21.8,OK,0,0,,0,0,,6.59,OK,6.85,OK,6.79,OK,6.89,OK,6.94,OK,7.12,OK,6.99,OK,0,,0,,5.99,OK,6.54,OK,6.58,OK,6.65,OK,6.74,OK,7.28,OK,6.56,OK,0,,0,,,,,,,,,,,,,,,,,,,,,,,,,,,,,,,,,,,,,,,,,,,,,,,
15319-D1C,NEW KAPPAEX1.0,CM1P2,2024-10-12 17:28:24,18.689,28.01,OK,24.51,24.25,OK,22.71,22.18,OK,23.39,23.23,OK,22.69,22.06,OK,23.27,23.25,OK,22.11,21.59,OK,22.92,22.74,OK,0,0,,0,0,,5.91,OK,6.65,OK,7.05,OK,7.07,OK,6.98,OK,7.03,OK,6.86,OK,0,,0,,6.56,OK,7.13,OK,6.37,OK,6.46,OK,6.46,OK,6.55,OK,6.68,OK,0,,0,,,,,,,,,,,,,,,,,,,,,,,,,,,,,,,,,,,,,,,,,,,,,,,
15322-D1C,NEW KAPPAEX1.0,CM1P7,2024-10-12 17:40:26,18.689,28.01,OK,22.43,22.25,OK,21.94,21.66,OK,23.74,23.67,OK,22.04,21.5,OK,22.74,22.69,OK,24.95,24.51,OK,23.53,23.23,OK,0,0,,0,0,,6.22,OK,6.78,OK,6.71,OK,6.76,OK,7.08,OK,7.25,OK,6.98,OK,0,,0,,6.32,OK,6.57,OK,6.75,OK,7.32,OK,6.72,OK,6.76,OK,6.65,OK,0,,0,,,,,,,,,,,,,,,,,,,,,,,,,,,,,,,,,,,,,,,,,,,,,,,
6A83-C027C,NEW KAPPAEX1.0,C,2024-10-12 18:16:59,18.684,27.57,OK,22.43,22.25,OK,21.94,21.66,OK,23.74,23.67,OK,22.04,21.5,OK,22.74,22.69,OK,24.95,24.51,OK,23.53,23.23,OK,0,0,,0,0,,6.22,OK,6.78,OK,6.71,OK,6.76,OK,7.08,OK,7.25,OK,6.98,OK,0,,0,,6.32,OK,6.57,OK,6.75,OK,7.32,OK,6.72,OK,6.76,OK,6.65,OK,0,,0,,,,,,,,,,,,,,,,,,,,,,,,,,,,,,,,,,,,,,,,,,,,,,,
2410120988D,ATKINSON 3.8 OCV,DM1P6,2024-10-12 18:53:25,18.986,23.78,OK,27.15,26.86,OK,27.64,27.62,OK,25.78,25.39,OK,26.86,26.83,OK,25.64,25.44,OK,26.05,25.98,OK,25.46,25.44,OK,0,0,,0,0,,11.43,OK,11.34,OK,11.41,OK,11.35,OK,11.47,OK,11.52,OK,11.59,OK,0,,0,,10.01,OK,10.45,OK,10.49,OK,10.4,OK,10.29,OK,10.35,OK,10.24,OK,0,,0,,,,,,,,,,,,,,,,,,,,,,,,,,,,,,,,,,,,,,,,,,,,,,,
6AB0-C072C,ATKINSON 3.8 OCV,C,2024-10-12 18:51:36,18.672,26.76,OK,27.15,26.86,OK,27.64,27.62,OK,25.78,25.39,OK,26.86,26.83,OK,25.64,25.44,OK,26.05,25.98,OK,25.46,25.44,OK,0,0,,0,0,,11.43,OK,11.34,OK,11.41,OK,11.35,OK,11.47,OK,11.52,OK,11.59,OK,0,,0,,10.01,OK,10.45,OK,10.49,OK,10.4,OK,10.29,OK,10.35,OK,10.24,OK,0,,0,,,,,,,,,,,,,,,,,,,,,,,,,,,,,,,,,,,,,,,,,,,,,,,
4575-D3C,NEW KAPPAEX1.0,CM3P5,2024-10-12 18:55:08,18.672,26.76,OK,27.67,27,OK,25.14,24.73,OK,26.38,25.95,OK,26,25.39,OK,24.78,24.44,OK,25.03,23.87,OK,27.95,27.45,OK,0,0,,0,0,,0,OK,0,OK,0,OK,0,OK,0,OK,0,OK,0,OK,0,,0,,0,OK,0,OK,0,OK,0,OK,0,OK,0,OK,0,OK,0,,0,,,,,,,,,,,,,,,,,,,,,,,,,,,,,,,,,,,,,,,,,,,,,,,
2410121009D,ATKINSON 3.8 OCV,DM2P9,2024-10-12 19:12:03,18.986,22.52,OK,27.75,27.65,OK,25.43,25.35,OK,23.44,23.29,OK,26.83,26.73,OK,25.47,25.45,OK,25.67,25.55,OK,23.85,23.85,OK,0,0,,0,0,,10.8,OK,10.72,OK,10.73,OK,10.79,OK,10.74,OK,10.7,OK,10.8,OK,0,,0,,10.45,OK,10.44,OK,10.58,OK,10.41,OK,10.56,OK,10.37,OK,10.42,OK,0,,0,,,,,,,,,,,,,,,,,,,,,,,,,,,,,,,,,,,,,,,,,,,,,,,
15347-D1C,NEW KAPPAEX1.0,CM1P5,2024-10-12 19:17:17,18.986,22.52,OK,26.56,26.33,OK,23.58,23.13,OK,24.04,23.88,OK,23.23,22.78,OK,22.13,22.06,OK,22.41,22.01,OK,22.13,21.87,OK,0,0,,0,0,,5.79,OK,6.87,OK,6.83,OK,6.75,OK,6.8,OK,6.74,OK,7.27,OK,0,,0,,6.61,OK,6.28,OK,6.26,OK,6.67,OK,6.68,OK,6.65,OK,6.42,OK,0,,0,,,,,,,,,,,,,,,,,,,,,,,,,,,,,,,,,,,,,,,,,,,,,,,
2410121185C,NEW KAPPAEX1.0,CM5P3,2024-10-12 21:42:08,18.686,27.33,OK,24.68,24.54,OK,21.98,21.81,OK,22.05,21.72,OK,21.5,21.31,OK,21.43,21.07,OK,23.22,22.79,OK,22.53,22.29,OK,0,0,,0,0,,2.4,OK,2.43,OK,2.42,OK,2.43,OK,2.42,OK,2.47,OK,2.45,OK,0,,0,,2.57,OK,2.4,OK,2.37,OK,2.42,OK,2.41,OK,2.48,OK,2.34,OK,0,,0,,,,,,,,,,,,,,,,,,,,,,,,,,,,,,,,,,,,,,,,,,,,,,,
2410121177D,ATKINSON 3.8 OCV,DM2P2,2024-10-12 21:45:34,18.983,22.43,OK,30.59,30.49,OK,25.33,25.21,OK,25.14,25.01,OK,26.66,26.61,OK,27.36,27.34,OK,27.24,27.15,OK,27.49,27.36,OK,0,0,,0,0,,10.8,OK,11.11,OK,10.8,OK,10.81,OK,10.72,OK,10.77,OK,10.74,OK,0,,0,,10.3,OK,10.35,OK,10.25,OK,10.23,OK,10.17,OK,10.21,OK,10.25,OK,0,,0,,,,,,,,,,,,,,,,,,,,,,,,,,,,,,,,,,,,,,,,,,,,,,,
15389-D1C,NEW KAPPAEX1.0,CM1P7,2024-10-12 21:59:17,18.983,22.43,OK,23.48,23.39,OK,22.48,21.92,OK,22.6,22.43,OK,22.62,22.13,OK,21.43,21.2,OK,22.29,21.92,OK,22.41,21.92,OK,0,0,,0,0,,5.79,OK,6.57,OK,6.63,OK,6.6,OK,6.77,OK,7.02,OK,6.8,OK,0,,0,,6.09,OK,6.41,OK,6.6,OK,6.9,OK,6.46,OK,6.61,OK,6.44,OK,0,,0,,,,,,,,,,,,,,,,,,,,,,,,,,,,,,,,,,,,,,,,,,,,,,,
15392-D1C,NEW KAPPAEX1.0,CM1P5,2024-10-12 22:10:14,18.983,22.43,OK,24.39,24.18,OK,23.25,22.46,OK,24.46,24.3,OK,22.64,22.22,OK,22.57,22.41,OK,22.99,22.6,OK,23.04,22.57,OK,0,0,,0,0,,5.97,OK,6.58,OK,7.18,OK,6.86,OK,6.82,OK,6.96,OK,7.27,OK,0,,0,,6.33,OK,7.09,OK,6.36,OK,6.55,OK,6.71,OK,7.1,OK,6.39,OK,0,,0,,,,,,,,,,,,,,,,,,,,,,,,,,,,,,,,,,,,,,,,,,,,,,,
15401-D1C,NEW KAPPAEX1.0,CM1P5,2024-10-12 22:44:05,18.983,22.43,OK,21.9,21.69,OK,21.66,21.13,OK,23.46,23.25,OK,22.29,21.73,OK,21.34,21.13,OK,22.32,22.18,OK,23.3,23.04,OK,0,0,,0,0,,5.8,OK,6.92,OK,6.63,OK,6.57,OK,6.74,OK,7.27,OK,6.83,OK,0,,0,,6.56,OK,6.38,OK,6.51,OK,6.67,OK,7.13,OK,6.57,OK,6.45,OK,0,,0,,,,,,,,,,,,,,,,,,,,,,,,,,,,,,,,,,,,,,,,,,,,,,,
2410121292D,ATKINSON 3.8 OCV,DM1P8,2024-10-12 23:28:35,18.986,24.33,OK,26.99,26.7,OK,27.49,27.37,OK,24.27,23.64,OK,26.5,26.45,OK,25.91,25.89,OK,26.41,26.32,OK,25.87,25.73,OK,0,0,,0,0,,11.43,OK,11.57,OK,11.35,OK,11.37,OK,11.48,OK,11.45,OK,11.47,OK,0,,0,,9.94,OK,10.33,OK,10.3,OK,10.21,OK,10.29,OK,10.2,OK,10.17,OK,0,,0,,,,,,,,,,,,,,,,,,,,,,,,,,,,,,,,,,,,,,,,,,,,,,,
2410121330C,NEW KAPPAEX1.0,CM5P1,2024-10-12 23:33:40,18.689,28.37,OK,24.01,23.89,OK,22.41,22.03,OK,22.67,22.51,OK,21.07,20.88,OK,20.98,20.79,OK,22.96,22.6,OK,22.36,22.2,OK,0,0,,0,0,,2.42,OK,2.44,OK,2.41,OK,2.41,OK,2.4,OK,2.45,OK,2.44,OK,0,,0,,2.55,OK,2.36,OK,2.39,OK,2.4,OK,2.44,OK,2.44,OK,2.33,OK,0,,0,,,,,,,,,,,,,,,,,,,,,,,,,,,,,,,,,,,,,,,,,,,,,,,
2410120329C,NEW KAPPAEX1.0,CM2P4,2024-10-22 19:03:52,,,,22.22,21.94,OK,23.22,22.52,OK,23.36,22.96,OK,21.77,21.35,OK,21.91,21.8,OK,22.19,21.77,OK,21.54,21.1,OK,0,0,,0,0,,15.36,OK,15.36,OK,15.36,OK,15.36,OK,15.36,OK,15.36,OK,15.36,OK,0,,0,,15.36,OK,15.36,OK,15.36,OK,15.36,OK,15.36,OK,15.36,OK,15.36,OK,0,,0,,,,53.14,OK,,,,51.85,OK,,,,-291.92,OK,,,,-292.04,OK,,,,171.25,OK,,,,171.4,OK,,,,,,,,,,,,,,,,,
